182
1.24971
0.00557499
-0.0915515
0.800711
1.18591
1.55393
-0.382792
-0.579748
0.0472983
0.910256
1.44148
0.598312
1.28693
1.41626
-0.427602
0.283022
-0.102336
1.67045
0.657724
-0.287388
1.7919
0.0466769
2.09609
1.54692
0.565816
1.64025
0.812492
-1.20453
-0.940745
0.610743
1.35532
0.726504
1.91766
-0.811955
1.98382
1.68638
0.856078
0.520692
0.900628
0.937369
0.345953
-0.44981
2.40397
0.920699
-0.759277
0.292243
0.377651
1.25292
1.43869
0.137659
2.4291
-0.363721
-0.276213
0.289567
1.14669
1.2737
1.25562
-0.0121557
1.02641
0.934498
-1.04462
-0.245771
-0.0300836
1.55814
2.20657
-0.51326
-1.20081
-0.319734
0.507471
0.27938
1.20612
0.0609012
1.33662
0.145526
1.64905
0.295907
1.61742
0.338988
-0.82116
-0.0131787
0.943312
1.57426
-0.278078
0.640625
0.867005
-0.0209079
2.10009
0.624286
-1.19967
-0.0637566
1.06289
0.464002
1.17805
0.312716
-0.412601
0.826406
0.139608
0.482998
-1.45496
-0.562516
0.0693331
1.37056
-0.585558
0.251457
-0.40587
1.42017
2.71454
0.356129
-0.133935
-0.429096
1.75994
0.478511
-0.192306
1.06228
1.10064
-0.157884
0.556414
0.343754
1.13724
0.928778
0.0645804
-0.137404
-0.401024
0.613486
0.973726
0.11108
1.71046
-0.459715
0.236762
0.600793
-0.611189
0.695091
0.347356
0.621711
-0.0473329
1.01137
-0.359678
-0.0922191
0.024166
-0.376414
1.14644
-0.483303
0.864111
-0.580582
1.83863
-0.804667
1.26083
0.238845
1.17583
1.6419
0.818753
0.37031
-0.941528
1.56717
1.0444
0.253258
-1.01923
0.441303
0.717338
1.17492
-0.952241
0.898614
0.333749
0.523126
0.984374
1.9115
0.73384
0.495539
-0.748586
1.51358
-0.308565
2.02598
-0.030075
-1.06127
-0.104491
0.726604
0.0186145
1.4783
1.05699
-0.362949
1.24144
1.16606
