182
-0.24394912855315576
-0.2493207619123518
-0.24963324724076835
-0.11611116568215427
-0.15278423231780305
-0.20781908786601905
-0.23326952661714934
-0.1832038149619965
-0.22259644275017343
0.11934168477880276
-0.2402860210810055
-0.12854019349777399
-0.19330045676373292
0.6323537293157585
-0.08441231443891103
-0.20521787445776724
-0.26156093766919825
-0.055049242861157775
-0.23233099968516394
-0.2269934904956653
-0.2462240629899326
-0.22374907942072333
-0.16665564119240553
-0.2651673234871448
0.2648162609287694
0.03826496312536789
-0.20842987064230714
-0.23913186436378608
-0.24493040306513697
-0.23926928866119054
5.345836545982011
-0.06335180545813851
-0.24778803053053167
-0.20943979774444849
-0.08433366000751925
-0.26210728708678893
-0.15613935569337495
-0.2440410152313382
0.2707416349215439
-0.2475517322280641
-0.2546859652276969
-0.25603225902402177
-0.24154667225808715
-0.2258756517258977
0.2381255447803071
-0.10701936503305762
-0.17147725730008176
-0.18677528592100512
-0.12441818132564648
-0.23100079326926257
-0.24150927430133934
-0.16849630618632672
-0.0939088895759202
-0.2709628770690437
-0.24967112126669477
1.1226217131970102
-0.2385605448719641
-0.09079834437701073
-0.14125282615050053
-0.00873366060047347
-0.06162149941736038
-0.253441052935905
-0.23013938005871803
-0.24390765028713546
-0.09103739008535479
-0.2608247920209987
-0.1417622604885911
-0.2575152912915659
-0.0563636449701555
-0.048652973640399555
-0.1415755120180423
0.009302412430977722
-0.12071671024573336
11.68289160253099
-0.22529520004660863
-0.2355483685012527
0.7260361606446532
-0.22590466782203492
-0.12553864365601652
-0.0678761016859631
-0.120819232701681
-0.25575594730741835
-0.23839378450008547
-0.1172512131519934
-0.1416906655874965
-0.1859804839085555
0.07447335937956051
-0.21626873473299013
-0.1502832723631291
-0.2364528598894641
-0.15225812913736508
-0.23479777043847444
-0.24388561804025916
0.032413408276688364
-0.13491274089066219
-0.22776174459766668
-0.0742350330290366
2.0192803957011023
0.06448650463508457
-0.121681865832163
-0.03373208307350042
-0.2460822072216261
-0.25867650193025027
-0.22329915803298053
-0.13960339844345881
-0.11817916500515073
-0.23437297062231494
-0.2252201360020306
-0.21206413939900579
0.09970567282148428
1.8519455238230118
-0.01588967740052823
-0.05079823814697868
0.05163045365369886
0.10142845496141054
-0.18750574440240306
-0.14682530388315507
-0.10261173211963527
-0.26708012700009137
-0.03870702808944818
-0.08544515524933288
0.006456580399563737
0.25749691188598883
-0.23798553932012426
-0.2301654644352672
-0.14845991644559794
-0.19273677358643956
-0.09782866111750355
0.17337388338118942
-0.08499408200522937
-0.10531988900069585
-0.2239097894200336
-0.24401435221546686
-0.14497503631075295
-0.17178453285644585
-0.1940937037202255
-0.19770497387285985
0.19782199406326947
-0.2367499601212185
-0.2689611452690239
0.5869598040255987
-0.26425728547667054
-0.24867351817193073
-0.2550187351576887
-0.2304160148520885
-0.20262539602423005
-0.21830240488667438
-0.22130307849803205
-0.26614190817280886
-0.23702711468238677
-0.19929648271142858
-0.13238805329354558
-0.1992416788147441
0.1333934870695321
-0.1259353552498922
0.5036673011007544
0.08205229949928881
-0.24371671493687458
-0.25937760543253774
-0.23915274126021574
-0.15618869234543076
0.14957701730891934
0.6757413003813563
-0.0859426435149017
-0.09960345499052148
-0.16772490721891495
-0.11412459107940078
-0.035989852065769753
-0.1766983355306054
-0.1733140373664238
-0.04251986822764189
-0.16355873249974348
-0.24275519264728787
-0.16910136495927772
-0.16701928380517045
-0.21476689214616404
-0.1813632601717039
-0.20254605587719815
-0.16527416726027203
-0.17545889006557994
-0.24116147319363662
0.14909043072156955
