182
0.05579495984226894
1.7171046760129072
0.9058245740466909
0.3896513629205882
-0.9958119420210758
-0.39696069942135065
-1.0350851248481816
0.01091365085306838
-0.9790698151976751
-0.6307848544643346
-0.09399306051080439
0.3896297544793716
0.28397943441040163
1.0449765778646314
0.8080374780000793
-0.8377885711375959
-1.0438136815180292
1.1288565246639142
-0.8486687001791439
-1.0718479486818053
1.0502650395747426
1.9480006562638161
0.3821151644640641
1.7956602189279558
0.7716790445984398
-0.9455425615319388
-1.286221515112133
-0.5432534343994733
-0.8740214848091282
0.8543251072296736
1.1709845639476195
0.4570584282915204
-0.6849339478674871
-0.9901894163306575
0.983650540601423
-0.32225225429755006
-0.515443281177566
-0.9074299272308304
1.8574748946233242
-0.8163812961796436
0.0009486848057016591
-1.1522764346623895
-0.8443837531606287
-1.1886016986156167
1.16244296716483
-0.30336380245426714
-0.10483648612063684
-0.8688040521497842
1.3907824152592994
0.12427117324180473
-1.0171821376931265
-1.0082798775268418
1.1629593536000016
-0.9788327403910243
1.9333069600886919
1.1273084987637882
-0.45247739539672227
-1.0661013445188274
0.917063380927297
0.5151330255765503
-0.4848054638235644
0.28394042950194526
-0.5136877956464855
-1.0014133642985998
-0.8247562871847968
-0.06272160612953227
0.36894570412054956
0.06427559802724944
-1.0442979280776579
-0.7688599598841094
1.1019347724558475
0.7079763598401194
0.32160591601528427
-0.9529269809527499
0.3150719141726894
0.522829414049636
2.4072291164051562
-0.3854169725355087
-1.144416931476276
-0.6707657532858865
1.1191237184897513
0.21677594156782123
-1.0449502996330515
-0.858218794459397
-0.8704779529619907
0.4410161575495087
0.24503144327367157
0.3399787153992945
0.06554573741239553
1.1140180719590935
0.5798947928709258
-0.7985627748697681
-1.2203468480003654
-0.8139157762245447
0.37219246431780484
-0.7343030552785679
0.40454977517740076
1.9095349337745273
-1.098574634166497
-0.30703546251880676
1.988612328552027
0.07012341539714424
-1.1080344880470265
1.6030706234247334
-0.9616867881324572
0.8354135414622237
1.0921226515560525
-0.0746227836709455
-1.0936055707463166
-0.6326172696809815
-1.188189146819457
0.6278647801532347
1.6307610812345783
-0.1787998269522348
0.9123380496596131
-0.7428896148701328
-1.1093431835063805
-1.1002560827516155
0.026686672174007414
3.265180423179865
-1.1533819329654835
-1.0581206121794604
-0.18241925387209817
-0.27460810471038205
-0.1380101176666091
0.6887227022195865
0.026301194523232433
0.9249237170528923
-0.15842098478648173
0.06571592583004159
-0.4441567622824569
-1.0604773060789663
-1.0500099730567352
1.4107594921821682
-0.1537910168161046
-0.8197773983896324
-0.27550943804289185
3.4368279333360663
-0.7538877002988768
-0.9324067614924576
0.7593096919753339
0.8529899640004912
0.14239311723021636
-0.6869636184508185
-0.6634717920873869
-1.1003387437264132
-0.17354589463030934
-1.1462759740044566
-1.2963361848557091
1.2904520674219015
3.4126982544132685
-0.13607834554595116
-1.0643943412153642
-0.6713521451109752
0.36696847057822085
0.8985464339071427
-0.9675838616205211
0.9258783442504551
-1.2412762619018167
-0.5055097645748952
-0.8385897279330504
0.50683234184111
-1.0483709319529395
-0.13761784092612217
-0.8110718054225206
2.436538804047744
0.4639723393321931
-0.15769064307357603
-0.4102422289331914
-0.10628363533334921
-0.11870386217447454
-0.15037377526332754
-0.8912905621404696
0.7416843875156653
0.7903929578777037
-1.030370105731932
-0.18408488224540068
1.75619110023805
0.4430220264562397
-0.782109915384412
-0.7495560380049061
0.48462796062672026
