546
-0.459734
-0.427117
-0.54844
-0.492516
-0.504483
-0.428859
-0.266996
1.71609
1.78037
1.90681
0.590308
1.01693
0.140397
-0.471942
-0.177672
-0.327048
-0.318731
-0.815954
-0.642731
-0.667285
0.999661
1.11638
0.936243
0.286137
-0.315728
-0.69868
-0.0946287
-0.0613597
0.116937
0.502025
0.496935
0.390205
-0.637078
-0.431472
-0.0881574
0.625222
0.689293
1.38574
1.6499
2.27643
2.26514
2.47273
1.66209
1.66568
0.576724
0.30053
0.718213
1.6489
2.02845
2.12653
2.08849
2.03065
2.22409
1.83123
2.00968
1.3388
1.26316
0.365252
0.412096
1.37497
1.96768
1.92844
1.35375
0.0592749
-0.253435
-0.406435
0.547766
1.39209
1.66243
1.62662
1.23912
0.58035
0.825853
0.290546
-0.127624
-0.090161
-0.338341
-0.225375
-0.245713
-0.237976
-0.647145
-0.548004
-0.163302
1.24373
1.4141
1.47222
1.15605
1.64858
2.59288
3.0971
3.41573
3.1752
2.9933
2.0304
1.93808
1.62819
1.62349
1.22664
-0.336408
1.27741
1.4098
1.36565
2.01545
1.68146
1.48448
1.6645
2.9627
3.11903
2.94667
1.52761
1.71521
1.89283
1.71134
1.92482
0.841007
0.603633
-0.403116
0.389479
0.663882
0.642586
0.468626
-0.262317
0.923113
1.18844
1.55272
0.951823
1.07818
0.663247
1.20826
1.40265
2.36572
2.64981
2.631
2.01537
0.953662
0.775414
0.613673
-0.309448
-0.375434
-0.298356
-0.39943
-0.137651
-0.24233
0.20841
0.504995
0.570715
0.357801
-0.034025
0.134008
1.01789
0.988367
0.887602
-0.476375
-0.485685
-0.344135
-0.0287106
0.257588
0.163162
-0.0451533
-0.524218
-0.57552
-0.667332
0.696425
0.742132
2.30353
2.28686
2.17036
-0.350085
-0.384282
-0.378406
-0.112451
-0.0669045
1.15619
0.966483
1.02238
-0.0524798
0.348694
0.332297
0.189616
-0.437921
-0.526274
-0.485492
-0.298918
-0.102449
-0.0225089
0.0473495
-0.548996
-0.662568
0.175554
0.157645
0.00567398
-0.240841
-0.0568357
0.93339
1.37915
1.42349
0.815937
-0.511589
-0.0598487
0.0995915
0.12772
-0.060345
0.292125
0.132073
0.0345872
0.0900749
0.527466
0.722441
-0.366374
-0.659569
-0.556114
-0.614705
-0.466058
0.819839
0.967355
1.13567
-0.185258
1.53031
1.74201
1.31643
-0.0286425
0.247931
0.633093
0.848693
0.868201
0.731334
0.414212
0.566061
2.06145
2.02375
1.871
-0.372878
-0.307788
-0.467865
-0.570096
-0.307328
-0.206197
-0.105892
-0.262976
-0.574221
-0.549264
-0.636927
-0.575802
-0.0169383
-0.0234588
0.143888
-0.235175
0.658266
0.256822
0.160683
-0.630314
-0.0835733
0.234291
0.145929
-0.323548
-0.18807
-0.0147796
0.5491
0.993771
1.05533
0.639535
0.109407
-0.250059
-0.243761
-0.297961
-0.1562
0.183733
0.250513
-0.341336
0.89722
2.45781
2.91081
2.75456
1.81063
1.38647
0.99958
-0.403218
0.117811
1.47937
1.44914
1.25008
-0.156578
-0.107872
-0.0729332
0.0136441
-0.241367
-0.243075
-0.266378
-0.370976
0.592119
0.853375
0.818306
-0.0379698
0.206482
0.0574604
-0.201704
-0.456523
-0.124395
-0.0409017
-0.356353
-0.361906
-0.551005
-0.345973
-0.483618
-0.568832
-0.498168
-0.43717
-0.459251
-0.399212
-0.289674
-0.27491
-0.291763
-0.372578
-0.505141
-0.915756
-0.580246
-0.590236
-0.138904
-0.352176
-0.273854
-0.319161
-0.480655
-0.239566
0.957981
1.01274
1.00844
2.22758
3.46663
3.57924
3.39127
0.64784
0.404521
0.168008
0.133979
-0.132495
-0.304615
-0.314542
0.0153365
0.324391
0.166308
-0.524951
-0.609436
1.43375
1.60517
1.52595
-0.393286
0.175235
0.160113
0.187624
-0.369427
-0.502296
-0.597345
-0.191948
-0.34689
-0.410388
-0.463816
1.44352
1.36668
1.378
-0.495688
-0.441922
0.914631
1.04288
1.13819
0.0251224
-0.122282
-0.00720491
-0.416275
-0.431895
-0.0679593
-0.426835
-0.0995194
-0.209583
0.570582
0.080985
-0.195173
-0.414454
-0.391915
-0.413833
0.300121
1.02363
1.21805
0.931644
1.02546
0.945236
0.851928
-0.0565153
0.106533
0.0851727
-0.515119
0.0853326
0.0633449
0.0631719
-0.587503
-0.67212
-0.639881
-0.739327
-0.42325
-0.35389
0.0739433
0.0705402
0.327224
0.0644382
-0.0481786
-0.364553
1.29068
1.24418
0.920032
-0.401723
-0.264711
-0.527562
-0.636676
-0.320956
-0.234139
-0.246727
-0.655748
-0.34267
-0.479766
-0.527109
2.43793
2.86986
2.74507
-0.473075
-0.567009
-0.785154
-0.344413
-0.0474374
-0.0234389
-0.488108
-0.562354
-0.405153
-0.126169
0.255998
0.324823
0.292736
0.00767014
0.606921
0.806002
0.662941
-0.361565
0.214598
0.214915
-0.318006
-0.728649
2.21565
2.52093
2.22234
0.204643
-0.17916
-0.470413
-0.443002
-0.50787
1.80825
2.2793
1.80312
1.21539
-0.367661
-0.238568
-0.0572696
0.567005
0.721904
0.685998
0.0176957
-0.329912
0.18591
1.45983
1.64881
1.61371
-0.395267
0.0570037
0.265409
0.270039
-0.632708
-0.386675
-0.0927502
0.0854057
-0.0846803
-0.183202
-0.267186
-0.436008
-0.647904
0.191864
0.896596
1.76886
1.68451
2.19024
1.43725
1.10612
0.70102
0.129582
-0.251579
-0.511015
-0.347244
-0.172477
0.0809708
0.65636
0.694158
0.571553
-0.385059
-0.23086
-0.479753
-0.304015
0.589657
0.464294
0.37056
2.78673
3.29498
3.04101
1.48511
0.148541
-0.0184703
0.00581616
-0.382157
-0.404897
-0.253789
0.333618
0.802575
0.211955
0.594676
1.45488
1.63337
1.35264
0.0746846
0.369922
1.32737
1.35898
1.41496
0.78129
2.11673
2.23984
2.13803
0.208826
0.420618
0.510265
0.650491
1.65764
1.43468
1.26206
0.644964
0.659503
0.435318
-0.308325
-0.194919
1.65796
1.90258
1.59689
