182
-0.45347617212833086
0.7272010314530617
-0.10062344425302705
-0.6184507574233037
-0.4686362900171982
1.107740836490966
-1.169908607115403
1.055026763662697
-0.2036704629630396
0.8131727353866173
1.6357778416661073
-1.3555384859930923
-0.426478124775063
-0.8073681124888147
-0.8345299728635379
-1.0592670265454958
0.864754837242849
-0.33838109150639983
-0.05963094097178328
-0.16238127101488728
-1.0282602079014687
-0.26128466099432596
0.7553983597560804
-0.212208016108751
0.27756568867757003
0.2626442664929227
-0.7180366908334378
-0.965988039284352
-0.4091559236822423
-0.24817654262984612
2.0361071422544486
0.8060703698743968
-0.1415199463312617
-0.7312609700083581
-0.1680083255674581
0.1032787935580724
0.35155743106651605
-1.2585110055088302
-0.24438490586900502
1.9964191019795678
-0.09040146263573726
-0.34508373465097536
-0.15735177497630864
-0.7702912223963967
-1.0347840338526717
1.4452464936687361
1.282094920310506
0.7318687293031976
-0.5031776945819715
-0.14062127606073377
-0.20063067996310094
0.6547879440656368
0.905289193762577
-1.371105720479925
-0.8577586472925023
0.7900629907981729
-0.18304057659703202
0.05016776772750525
-0.3710211209136172
0.07000839426401029
1.6660400053081779
-0.5929435728518714
-0.8574354611306655
1.2817591128839056
1.0871307684837384
0.24582373619664796
-0.5214681183975709
-0.1725369433326625
0.33287418922379935
0.05929744305288046
-0.7670042028263494
-0.24028966958698111
1.190022719891704
2.479456137638562
-1.4657305857475695
-1.7498302025775063
0.7445877333682763
-0.1336424580118281
-0.2053250756601386
-0.951667069849806
1.698778585602637
1.0104958628146572
-0.07163217652323864
-1.1234515175806827
-0.2895704933350391
-1.3866725443948202
-0.25111953262443876
-0.33441744035816684
-0.617642044931481
0.7474693267514522
-0.807488718639234
0.7939134411373616
0.47014711513540103
1.9693777314193632
0.3008752664185711
-1.364523145849851
-1.5794286492262006
0.7789834377639608
-0.5926256330437731
-0.589124374922786
-0.11403942027465608
2.0650890821009957
-1.2044202520198894
2.2296300441073735
-0.09562656460901287
-1.0165893859501394
-1.3016786312444926
0.050766659600784615
-0.63904378455613
0.0887598176701039
-0.9177701296523074
1.2677384707886226
-0.8842822460092096
1.3099924813917512
3.8978355636922055
-0.4242018983059692
-1.0975326030954373
-0.5876186876071463
-0.18589467627143202
0.654091666421823
0.15220833943961865
-0.9279908350100449
-0.6271164512160778
-0.4678033826540665
-1.2564101731516768
-0.13544444190503022
0.5605055426552643
0.8495740328941935
-0.5591745152291515
0.6780666670069311
0.13680569513043783
-1.3633262414225547
-0.3749725514554145
0.3578542585532741
-0.7880950834546016
2.7314119481800208
0.40031601341968326
-0.32661340001542105
-0.5617230925602259
-0.07332711594867229
0.7003884027117976
-0.893982590022567
-1.1743489018694444
0.06982873886093408
-0.2882202578556716
-1.4044731418605334
-0.5954066751346021
-0.46243430998246465
1.7800418924033234
0.4541769204404888
0.5636782980670706
0.7945975214190142
2.2350582159636287
-0.5549974959449773
-0.7967609900801902
-1.05243045601989
-0.4015300912311178
1.8264763446573975
-0.46586283553189844
-1.6358231662473524
-1.0401295609180166
2.5259071124135217
-0.39610402149052837
-1.0408888933298048
-0.34144493662229475
1.289832761543291
0.5283040466836881
-1.3523738092829556
-0.4678863289283863
1.8601928585918894
-0.9814252450350455
-0.3361575755043844
-0.4665372024816873
-0.8162146160407089
-0.8723944977661213
1.5605770441675666
1.3787396665349634
0.0029097646422833207
0.524095277096224
1.1596405406502324
-0.5312666696708725
-0.8286025334010659
