546
-0.23761909511647059
-0.242761481160307
-0.29417293579405446
-0.29976634273649067
-0.2831847319773007
-0.29717267100376416
-0.23313895182399966
-0.17331889539351403
-0.2369246707923337
-0.24610553463600343
-0.26987395758054816
-0.16602729232799926
-0.11993730809431034
-0.22535579473104697
-0.2671557661171936
-0.25624813945182173
-0.2766767261660978
-0.25863559743739734
-0.2572421027700828
-0.22548220117622877
-0.20244410343250133
-0.06114762132737012
-0.16030477626497872
-0.22887594496701646
-0.21571608856501248
-0.286678143144794
-0.021123018196424658
0.16134392996359498
-0.022191451359667276
-0.2508226814798499
-0.3102719909759314
-0.3181331783357015
-0.31120514994189113
-0.13993669048207255
-0.11564238475626995
-0.05725755786163185
-0.10360271751172669
0.024281802931971075
-0.15709330157949292
0.8138326172204723
0.8153544949878619
1.1797373509759894
-0.16477418526986878
-0.15975957163051296
-0.2621303643907633
-0.1429667196465756
-0.11826079372709666
-0.3096717003761518
-0.2609436716336245
-0.15360183968590985
0.04090159168205043
-0.14890122002116035
-0.23744711223444473
-0.27990788129870414
-0.25199088171302775
-0.2584533457641508
-0.2551475810296773
-0.25805282536534446
-0.2774406533974325
-0.26592951830535183
-0.28528542389754397
-0.28683036808873574
-0.27404332698468975
-0.11956853252001261
-0.05948802800145249
-0.15607238507026347
-0.13978020099019672
-0.24645865982290963
-0.28264106647842696
-0.284176557607903
-0.276279585710934
-0.2843913760442779
0.17686919803464257
0.24290850242004888
0.15117552245648083
-0.0543799128301031
-0.1671305166422148
-0.1686204068319586
-0.16704573846509937
-0.27934561875484315
-0.2613911208564062
-0.25877636282213734
-0.24184041524107636
-0.2785371552018214
-0.26820205283447013
-0.2395702096085618
-0.26428639164561313
-0.2757160954787414
-0.24280803702202677
-0.2417739726428496
6.78692646347333
6.31704931670757
6.41637535090496
-0.15541094622050178
-0.2002862027222897
-0.2787533597699377
-0.2880779106058789
-0.2627692163870369
-0.2376304689803346
-0.1954060960707264
-0.22919188071844637
-0.20061898515989995
-0.03616646544805409
-0.025685163044121453
0.04061422419430928
-0.24646730092537225
-0.13642261972274225
-0.034351258942822024
-0.21583162246602447
-0.24599844244483723
-0.21432480257880202
-0.16848269988915313
0.6994729783742207
0.5513045627147443
0.7123456114948623
-0.2152665176823421
-0.18824269362880414
-0.27426042396157263
-0.25189994762223167
-0.29057573255722874
-0.31914121035636067
-0.25490281483525384
-0.25995328135130213
-0.2795717684679864
-0.2614248695366517
-0.2591921745367463
-0.2705545263873216
-0.27183613988824235
-0.2754519393211444
-0.23105564472158166
-0.16808602038993564
0.2945262760066754
0.2906969651926394
0.1745503919768369
-0.1930958585157135
-0.21305591060294313
-0.2682211764409876
-0.2134903211219393
-0.06998560010922679
-0.05510701144943184
-0.23855392123889058
-0.1841989935481462
-0.29719777735882763
-0.1594295760156632
0.022413950973449375
0.15160698305214743
-0.20430067929210818
-0.23036797242791024
-0.19727900799485729
-0.20323866642916497
-0.25750336046663896
-0.16870845819553335
-0.19578682334277597
-0.16356472329590468
-0.014289820715665496
0.29029009795482674
0.06787552981627548
0.04129957878346082
-0.2645667435293664
-0.27154913476186043
-0.2582246564570653
-0.22606985304600097
-0.28252241586466786
-0.2891169663765427
0.6607999680257021
0.7018682516477592
0.8167422477906681
-0.1941801620418042
-0.23066592697964491
-0.15036318584165626
-0.2711002063310946
-0.21719906182401677
-0.1713706418948493
-0.10308196015412176
-0.11473134722981511
-0.12952484645892087
-0.08981662956407503
0.09548263142675496
0.08134129930724021
0.0013162832941442217
-0.1342740747444547
-0.18250382467161042
-0.23744513732577305
-0.26509403122454056
-0.2511433926969704
-0.2567806511323533
-0.18928872273810843
-0.10049351622145594
-0.18421059498010883
-0.2845609340003274
-0.2315230770876206
-0.20273097767338996
-0.0388802565838335
0.08179243092202174
-0.24941567909565138
-0.26139391224194136
-0.04802286004409074
-0.16554430089348304
-0.23302206912551193
-0.13482745005192104
-0.25208272644178004
-0.2555556797059362
-0.11839646675737435
0.14623499941235182
-0.060743602898920855
-0.08758647330898633
-0.24292139864256654
-0.20787180649732478
-0.25868452451995566
-0.2667317075258532
-0.2657552784908808
-0.22852508435631066
-0.10908264622005001
-0.13702204132717408
0.06093187982991673
-0.2120051428374703
-0.18593583494227353
11.526290917852593
10.8549332958746
10.930935313153729
0.15217538787474785
-0.23785923455785513
-0.08265194015165321
-0.27778639077009387
-0.2891764928687653
-0.2750096379200574
0.1057280750321
0.3399920812252833
1.5012725848027655
0.5852270858014659
0.6876038388138948
-0.24457308754805
-0.16160033101254745
0.11807280303486258
0.17884273294829545
0.08211547795794753
-0.07548855727895212
0.018900114405531184
0.17912026174172097
0.0279675896862217
-0.026316081058895737
-0.015480954237407007
-0.24958240834762588
-0.2609965244146055
-0.2519960787547773
-0.27571181891306556
-0.2639041986778253
-0.2419677004867024
-0.16745354707234464
-0.19641298692481216
-0.26352361184823364
-0.08345225761536115
-0.16835920906864202
-0.26004341980624107
-0.17439902537236512
-0.1492711032914952
-0.09207280195733479
-0.22577053182874995
0.017757524068911564
0.24558526231864863
-0.08480030986929883
-0.2663562898506436
-0.19042173264962534
-0.24536137910448735
-0.17623175991338205
-0.15482698661387506
-0.27075598632216896
-0.23506288327544583
-0.22889827616474084
-0.27558335145088314
-0.22865906896277274
-0.18903548954132215
-0.2178984359213848
-0.27749421649995476
-0.26875249201475215
-0.2591467649648252
-0.22831328909401458
-0.2336150688996599
0.0029169843333597804
0.2855227427528794
-0.07036204650187529
-0.06323559299691056
-0.19675966952060564
-0.18914442877612442
-0.016512897022344222
-0.2458291161936793
-0.15816163962369895
-0.2568133647350992
-0.24630930105003615
0.8963833208675914
0.9915907049165374
1.1614004855331777
-0.26321880375553325
0.09627179856336973
0.10417576385046137
-0.1621817353148709
-0.24731397850889844
-0.09457913589048353
-0.138267268209352
-0.08490467820395595
-0.14537763944882443
-0.28945896124693066
-0.28861003356387477
-0.2403752748262353
-0.2285792673925589
-0.24001774713745389
-0.25983656416880274
-0.23051322744451014
-0.2807554068428143
-0.22477457118534838
-0.1967133032503829
-0.22386882548249906
-0.2057234107960213
-0.12075349440438057
0.26822906497175714
-0.10246341258099007
-0.2792540210475762
-0.2623747537527711
-0.24860391910354465
-0.21867697499819333
-0.2731254528455351
-0.18428980655295232
-0.19936253466929335
-0.2628798608614155
-0.22965871699087798
-0.19624028701036125
-0.06650487241701226
0.191751698545067
1.686345828371561
1.6531351730909922
1.5597311597150552
-0.2164432864701867
-0.198361587117397
0.17002817569710965
0.17930380653497577
0.05488060300624183
-0.19990595917347043
-0.2501047441794889
-0.19882079190492796
-0.1040150163605901
-0.238747009359144
-0.23964545860951114
0.3182513919295212
0.28431131979086166
0.23614784638430897
-0.041982593968062004
-0.25445712841879026
-0.2855899099022076
-0.25283724538435076
-0.21557563470525912
-0.27144702622930733
-0.14264677145229543
-0.08655667340754775
-0.054761252023791236
-0.2864205645569074
-0.2791824942700203
-0.05790357583721006
-0.05987253620923273
-0.12133215752143672
-0.09291855352898498
-0.05527677902424049
0.12097859315820159
-0.04462381416087101
-0.16688862226331838
0.0936636432254148
0.3833682597796144
0.29174021691265806
-0.20268659074492756
-0.29178526782045117
-0.2755481113750387
-0.27701660275740375
-0.21818206029316226
-0.2445154713492095
-0.24781585116930216
-0.19752859861111058
-0.1659961919518416
-0.21192001391705775
-0.09797230244140029
-0.17034996701715385
-0.2379717421600491
-0.08908191198490571
-0.13944709209807085
-0.031236798123308016
0.3351554134792149
0.1261288083380168
0.16200684908535803
-0.168204732478896
-0.24259527594201719
-0.2734348521332947
-0.27369847223759836
-0.09040928768325383
-0.12810358162134766
-0.23025544528921715
-0.18505815442341125
-0.06582855029344188
-0.26390957566926865
-0.26350200520996364
-0.16774375097424077
-0.233961997446975
-0.08924283968917485
-0.16169243894096463
-0.08176929927733807
-0.10683147034408333
-0.16975785019822973
-0.12813067584472337
-0.12953868136765262
-0.034282681123535684
-0.23278375236634513
-0.1362649090483041
-0.18645649169035647
0.04150308623446496
0.3895865654318106
0.2332838588108147
-0.07784144026985211
-0.2716559226881345
-0.2858063295564579
-0.2696804548883229
-0.2663292716173383
-0.18005805243599993
0.40798830763981575
0.34596476021800304
0.4775668882274962
-0.278230880347171
-0.23934934423918036
-0.21578482742237928
-0.23813258417690877
-0.27872261444916613
-0.27774884517318266
-0.2568263332505999
-0.2806968384473909
-0.23568652229519899
-0.19648777288626268
-0.2152210177014928
-0.259675270272624
-0.24496477395203076
-0.26550659476220284
-0.2415120252410767
-0.15246183165221813
-0.18384098683039835
-0.09644159735266616
-0.2859351155458644
-0.2565240161103741
-0.2806756472152057
-0.26012006350314065
-0.2603462265252775
-0.2597545131717567
-0.2603675030433662
-0.22882553614780277
-0.026837454232735283
0.06340716569422591
-0.1145065303211923
-0.2839000438849864
-0.10111691801009276
-0.2590993290742327
-0.12119334059374283
-0.18021830539763603
-0.2050820294127244
-0.13859568503088265
-0.27407845797723773
0.1582628687499774
0.1169245254798799
-0.1230547953298099
-0.1205528195646982
-0.2666018349187613
-0.26858539683777366
0.31669802912991807
0.5862290144510928
0.19718906123901092
0.506744814545845
0.7070409309251315
0.2906397939979087
-0.2449335024341116
-0.12670858922707803
-0.24778068372142364
-0.26693748414913754
-0.17971914788771234
-0.18577186384324393
-0.26495468986888104
-0.26563304276942856
-0.2725923725951838
-0.18002795186358586
-0.14977283110942582
-0.21682687391707203
0.5657188181879542
0.2639333653373067
0.7848504500557664
1.3819468264596981
1.2601565763677745
0.45062191742608815
-0.01361497281734478
-0.26306886895350656
-0.17339409214722865
-0.18526526205457536
-0.1958055549174724
-0.03370335756868503
-0.11972578953835358
-0.2669685255104245
-0.20468514455313397
-0.2422549700889906
-0.09965838773377984
-0.11038851160517575
-0.22427451243722096
-0.18505521921648915
-0.16621575431773053
-0.0720148691342528
-0.23530370441969217
-0.07346304755172406
-0.12978984124641788
-0.294270641633208
-0.10706966073450329
-0.028866779665835996
-0.18585933019873238
-0.23559735508371657
-0.171190117257514
-0.12745208289176396
-0.22193905825037946
-0.2551741475110216
-0.15841803763969556
-0.17388556542148687
-0.11062819331257223
-0.051165295894083744
-0.2466955898755701
-0.17460383958257977
-0.1174284794976947
-0.08879613340056036
-0.023547679376945074
-0.11979691887279116
-0.2705840803018319
-0.09150309484188396
-0.13332089184287654
0.0027806107218439104
-0.21705812753457454
0.05022604677827777
-0.20753217510705466
-0.20216478591250103
-0.2150937470167596
-0.18682043886944938
-0.1683150936706445
-0.24531057387445254
-0.2778205893651032
-0.22943710802069658
-0.22317070101826914
-0.2234886891907096
0.3122080969745451
0.23298824081161804
0.2514452540393912
