546
1.4001405328376166
1.610975734052817
0.30579984481686234
-0.7233075291466028
-0.8623351689778056
-1.026187726238496
-0.9296969958790219
-1.0273154910678188
-0.31411973384790626
1.1835831200992755
1.975111470519108
1.458707278753799
1.0741172987829626
1.0387116775945358
1.2617765374087686
0.28610358813894876
-0.4868868993132343
-0.6498542680308981
-1.0286413613796022
-1.2358716700888437
-1.2921462847270926
-1.0578069381059112
-0.9050866810052479
-0.5176144394868591
1.04765086187677
0.5702789827062886
2.243616921437833
2.4192844764812707
1.4355960419693143
0.5950998844948787
0.4474480138280536
0.015752213381925555
-0.8736153588507961
0.21527247457985765
-0.1651574774164223
-0.30036022073730695
-0.1683355101844728
0.33983027205849226
0.3787888599285864
1.2578694846284435
2.006020463065607
1.150080695305082
0.03630476322330464
-1.0938713562080398
-1.1066737107752065
-0.7016862052807246
-0.475985022960123
-0.3057386751152702
-0.09404257865808
0.41310848021040714
0.7862530009653435
0.4325007240237773
-0.5715955148702291
0.06881933830197946
0.7419357890629424
-0.12090950781177424
-0.9636741890403732
-0.7867235967133869
-0.8655677752604538
0.47497061669036106
0.9569305640273144
1.5837449840566096
0.4488447385150364
0.06981512193102515
0.07139738692855975
-0.28988262562441763
-0.3096836224085192
1.4414515731773156
2.3654958795995378
0.747398611990057
-0.8916028805987417
-0.555143971073148
0.18008055203095213
0.15380428021212744
0.8928575426724036
1.066036054005362
0.7969239809627384
1.980395873955476
1.9316462129710525
-0.07455566713455176
-0.23517632181242396
-0.7270001030517591
-1.0514267596432478
-1.1384312952437323
-1.0209411443881453
-0.8412603165337867
-0.9760838293681058
0.37993894984141835
-0.0357571601746941
0.01001778806067045
0.5433667001770681
0.8241250792923
1.3913790840962306
-0.2454728323409436
-0.4713788009565446
1.801683493176007
1.8623256000929977
0.5678511224752839
-1.1062972890170506
-1.2039745215246977
-0.30877374926291584
-0.5862124246700373
0.5555577536653753
0.04590805569611769
1.5740955412760473
2.4241431613670987
2.78594940471234
4.0559762211874775
-0.15106298735118567
-0.5737225392995661
-0.05996632849935608
0.1867905186284111
-0.710043977910154
0.18628869730253317
0.3973894640852339
0.03651353829686224
-0.38855362933200577
-0.6862119672850824
-0.18673614542171652
1.2274714731860779
0.23146332680312226
-0.5352446008405902
-1.0492041998063295
-1.2720846254252935
-0.3798186737243779
-0.09960378238122936
0.7135541960414529
0.49635265336015305
0.4161239878469704
0.34982730918654065
-0.5373763133307413
-0.970049335716369
-1.1052999698780173
-1.1101248280058664
-0.9579772764595744
-0.8399907020256887
-0.8926692506840815
-0.5230221609209283
-0.8051673414946218
-0.8066639005536095
-0.4750280113457225
-0.33642350487889155
0.16971202385994816
-0.2607132485359094
0.06531247215881544
1.3053792421150658
0.3947420722240218
-0.7791590454048402
1.664138095929605
2.5072554527083453
1.6366850036822327
1.0803100700877903
-0.03110254844961811
-0.4073871488041837
-0.7636530338774177
-0.9890613137456835
-1.0072834054640254
-1.200210531135624
-1.0480785094651381
-1.181586921344618
-1.2361242404179513
-0.8560238245006438
0.41266039300692436
1.1361185898964594
1.2279440324810935
2.048572337214492
1.0745660573185787
0.560480470752443
0.9170603390080315
0.6607948644583037
-0.12624028959116584
0.8267667855884017
0.24891553045683118
-0.18747808342453684
0.9389077638431191
0.9084017451134815
0.02700068628919118
-0.33490160316240447
-0.5925532041997101
-0.44218849471143085
-0.37146395107870456
-0.5196645232041045
-0.4291461911481027
-0.7878171322358144
-0.8189569786049171
-0.8468609029186777
-0.983105144886783
-0.9521731133005638
-0.46793787085571903
0.16835097072875654
-0.3833775913175212
1.188527830970264
3.7201280266953027
1.0110822173848346
0.3234480315602423
-0.5345920391702503
-0.9080819057150736
-1.1683619508069865
-1.2692673503156433
-0.9256868924778178
-1.024576455631904
-0.9391130946787147
-1.0036156719540152
-0.765142652942096
0.59428634842298
0.43115121257002414
0.24177527051661854
0.1619354983548865
0.3960219881995124
0.8961319355372662
0.9913148455067751
0.803068691706592
-0.8837812329661815
-0.1325607167859166
0.6506926682734681
0.6079800663591551
-0.09677886790566718
-0.11407745408197544
-0.43449385016339265
-0.33990611550633576
0.7629607447733369
-0.2479904154508069
2.7671742567316056
1.3331805393934393
1.4571345906881696
-0.7969875816795786
-1.0402634778402262
-0.6621814756569302
-0.33504161555319717
0.9278149572172785
0.9641909731070768
-0.1949409984536345
-0.5870654902327408
-0.6461876418119739
-1.1119221816391285
-1.0286696743537322
-1.0197007634958555
-0.9003165164556416
-0.8413014753473401
-0.7216791128549858
-0.15925924139402187
-0.6889059454635491
0.08529482945312067
0.7996886031878844
0.9855037112632036
0.2619949619339829
-0.08507497226877224
0.3132495249617545
-0.5458203700791376
-0.36327111318568717
-0.010588061117120311
-0.08958556506433343
-0.026847881089912783
0.5743663448323679
0.6870996829271884
-0.4851506828584217
-0.8660463278532533
-0.7460403938949768
1.1610010024719284
0.6493551063146653
0.5569437139174757
0.8509466965326271
0.10170729643923547
-1.212559627594808
-1.200299418559031
-0.9188360075676918
-0.8901809478887264
-1.0929733531954504
-1.1424349734348405
-0.27656461684877715
-0.4211720270251272
-0.5986822715149296
-0.7082806418854647
0.9621027476720772
0.8946126632284583
0.6909438827286757
-0.31840022854523004
-0.2043252158395151
0.43589776581304507
-0.28280453662591537
1.087133712151486
-0.48903981175977906
-0.7112241806617327
-0.6884601154903947
-0.25653973952017156
0.38150109512894836
-0.380783382958831
-1.0493921926715004
-0.25108053103331357
0.11755542638063303
1.402722482186596
1.2071202657686555
-0.5329356371264237
-1.1734016857695577
-1.012071302455572
-1.1139619334225959
-1.2464295549277782
-1.3374868340670514
-1.250397272124119
-0.09177601855629475
-0.40402920631585765
-0.8138161093434514
0.6318287054284054
0.47442447589136977
-0.054113055189658414
-0.4538132374251472
-0.8718567368789787
-0.811132856559123
-0.9183177500993066
-0.08108734226585577
-0.037522343877624945
-0.09894942303146025
-1.0856538794882529
-0.6328272643252796
-0.21107577901216207
-0.05758014072779205
-0.22724507774549108
1.3848457393944453
5.981871028567964
6.481413834645579
0.6315312207888694
-0.3702692486322416
-0.9618602809030447
-1.1478002220700252
-1.1214143557387235
-1.1379269097992681
-1.161875560311199
-1.1922002303302168
-1.0026295411833028
-0.41959023344545926
0.5196432320686514
0.23157340610985452
-0.479356012872005
-0.5381442421652901
-0.7810528406688586
-0.9162279767819984
-0.9582034135417202
0.5125986256679677
1.6370305464883974
1.5639045262571578
0.05059020717201616
0.23958361332082698
-0.5222013800325602
-0.31637308872207676
-0.5779261763379151
-0.39896673074882033
-0.5807670459623306
-0.3661181185232259
0.11208126685509585
-0.07736697241742083
-0.36687958584556246
0.6523381017174569
1.92092466349089
1.1321493936062161
0.03547623171634828
-0.4937126938894941
0.9280191345448346
0.9597198870126563
1.9102608344820056
-0.36034043428481116
-0.820155157559539
-0.8588377727477735
-0.7161729179238082
-0.7264694262059125
-1.3260817165415242
-0.5198336420555525
-0.4509563802106885
-0.5716692669639151
-0.41041038051255285
0.5203631125120255
-0.08066523319907105
-0.2902304823394365
-0.2204233505212556
-0.544030881421766
-0.7185404543631876
-0.81247182809508
-0.18079163834464185
2.2093654446472906
1.0060180028360275
-0.3127994027234116
-0.39630614248226737
-0.6676268085481006
-0.3270118064564331
-0.5199345983516848
-0.721123995054555
0.3775284469911666
-0.12216942890173312
-0.7205411694208063
-0.7779725449920737
-0.6350656047019814
-1.1747016294603216
-1.1764698794965267
-1.022550473721129
-0.29696304669585577
-0.14243247880389054
0.30602892689993216
-0.39651338048027623
-0.8093157072963797
-0.4583659727589683
0.264953140014266
-0.011633626407525436
-0.26520010303189295
-1.1762619498755362
-0.6583963110414126
-0.630719638136105
-0.7357065414354659
0.3274302280470882
-0.24387062759347913
-0.6926489753471072
2.5512089116639456
-0.025570153659066674
-0.4762589409936318
-0.6984249074795793
-0.6980931121942929
-0.508307366258475
-0.5606563933826663
-0.9198302781773464
-1.1797334176788015
-1.134765635805107
1.3692206203600714
2.350303245344137
2.2910755211584912
0.1187035217190983
-1.1272723161215434
-0.6433894701849376
-0.6659813619961886
0.09571501540846292
0.12992554546583687
-0.3011998119883465
-0.769706090191252
0.38359549509738056
0.6779970487061112
1.6685625740656607
-0.7222080335808566
-0.8445015878499599
-0.9107862544511607
-0.2868753302363357
-0.06835792444116043
0.05315187222532556
-0.5637509501315986
-0.3638217012046279
-0.8898658767401155
-0.5689225012700364
-0.5379332800046527
0.3203775894352212
0.5178816218953136
0.8057388379956795
2.171856398696309
1.5125585885360324
0.783956162424249
0.3228589161820511
-0.7171096526615506
1.087794346062606
0.1705761594570014
-0.1424361530370215
-0.9535852682461146
-0.9984800951563165
-1.0985192551960068
-0.6024063573469147
-0.623743729356074
-0.5776972005041392
-0.0017208419155950005
1.2377426445443545
0.5403059590418395
-0.49018994138210353
-0.24835753107989228
-0.754445503117959
-1.0905784261689373
-1.13274852724632
-0.8880220658293212
-0.8977293671872042
-0.7984959097858749
-1.0815930519183776
-1.0382470377901665
-0.12207328618330035
0.749923049767633
2.409850462060935
2.6198272892227217
-0.18084951531955126
0.005544498355818055
-0.6631079302052014
0.03512667806815335
-0.7057262813922406
0.14293704869970683
-0.3633150528725386
0.5009100328375842
-0.6101877655546223
-0.47320914621789073
0.04718808121857467
0.24099891291125608
-0.4627019950572517
-0.5436446802376617
-0.1499166539676295
0.4171799287593466
0.9702327399377738
0.4729242811636022
-0.27241138866014697
0.48610325848770636
1.0172915659096575
1.396302875734384
1.571013273841739
0.042067149780020886
-0.7197510281051592
-1.2626670335106316
-0.7799859169303119
0.6713466535960493
0.29997044701020187
-0.0375209436985234
-0.10826703028920942
-0.6143977545426179
-0.7589994728805374
-0.17774755552703647
1.8979582851216867
0.7381438745594822
0.042555647629283176
0.7020325924981735
-0.1278205654508313
-1.0001211865563222
-1.0425641478312189
-1.311982996961928
-1.1493696045501196
-0.9686709913115826
-1.044437292345911
0.04394472606908538
-0.8340945892303664
0.40338401690113523
0.08405617677059703
0.40480111441250466
-0.32816462696112664
-0.3180975845022968
2.154490399825458
1.7537652605510992
2.4960672916518263
-0.8775709058262472
1.590222203179119
0.6320882843881485
-0.2991711966499703
-0.025838098664168658
0.002020788370675195
0.14864879961964095
1.0592258858175485
-0.1933988689072128
-0.6570321701081366
0.9772369993922911
1.6634052878049255
2.0102955624151755
