546
1.613355684666435
1.124133001665939
0.1277149042007957
-0.11696353071317012
-0.22899376696285437
-0.3691863858419662
0.06969389581850258
1.4760602613974718
1.3667356975865093
1.0565436644676343
0.8249096809262981
0.46902957668084033
1.0013863909158143
0.5580552015326994
0.01318880012717657
-0.31369417258716364
0.034609104242889696
0.34178139973867405
0.03381715962537966
-0.10286856008696207
0.030615468133130857
0.6774524230067037
0.39520203881896765
-0.15965187337519415
-0.3649366014221033
-0.16133147985179572
0.477375007424245
1.208894879226122
1.438083403306989
0.32647454509851287
-0.9194586566927034
-0.31611494905669196
0.2666355336836119
1.1648375968130509
0.5995855440080287
0.28801741304805506
-0.36565405051494626
-0.3506905567886738
-0.4366385066907004
0.6355716015465301
1.8572890497783001
1.5685721033545579
0.06908440146557153
-0.2944357342761628
0.34744755880616246
0.5302664423486931
0.039281993995533726
-0.22421607554114045
-0.20428651005488774
-0.2174952508537558
0.487688995663157
0.34445779820534334
2.4062553199197305
2.209438959391044
2.816860914198088
1.8933753668324267
0.9644794086801532
0.39841626791839796
0.39316477825852975
0.6849876882752984
0.6306433853579887
0.3355681426603815
-0.2582150642484889
-0.1475832655579691
0.22916679081757577
1.0579467208213114
1.533691123443631
1.7697886691076121
1.0064444209143852
1.3674021407268995
0.9833558501994465
1.7835278879268308
1.7591823206225061
1.8421937885008564
1.641588265614021
1.1567964847012213
2.475438949011588
2.6196369796524968
2.178917424082349
0.09586311670970303
0.10051951282549958
-0.34844304790808733
0.5395071446184365
0.41232294572070977
-0.04449841150781566
-0.7028578811967799
-0.5350451299929492
-0.43409724600322824
-0.453581686640818
-0.02970693469638978
2.0233060071574633
1.9180204625626902
2.638740227807114
0.8583310161758738
0.6420785058306584
-0.013079144006887176
0.27203780366097674
-0.32009690889044345
-0.34824483454854166
-1.0196349798538675
-0.32951341347372237
-0.08001066435499715
0.20009054431468606
-0.36050121865611734
-0.6282660903212004
-0.4302986832762743
-0.30394837274834513
-0.10385492827014563
-0.515900460580376
0.6271391085685569
0.7251635141370302
0.5559426518592362
-0.13635343776283543
0.3520523999609006
0.46797763560185834
-0.2793321801902058
-1.1223104941797093
-0.8500436303416202
-0.8684798010867765
-0.10377503339512856
-0.41156247615323416
0.2937557805700496
-0.18018671510557993
-0.46875544726063834
-0.27270234048353587
-0.26312098455018773
-0.5343488339369334
-0.7500069780781549
-1.0517315894455204
-1.1379233258682293
-0.886779224055946
0.5014114955119574
0.5306801789432406
0.7943223741881117
-0.2446309669942735
-0.8539362931602739
-0.6692259474750918
0.04457644058683123
0.4802521100780401
-0.39325773145834103
-0.6036120703892411
-0.4200339207683002
0.20807971102869213
-0.3234943739465106
-0.45462476570962534
-1.018647763004727
-0.7940771637589229
-0.990760060360464
-1.35577967864193
-1.4774884532327284
-1.0989085941388226
-0.8692211254574365
-0.9718875862582725
-1.0607275435937182
-0.8676598986192866
-0.14624910317725345
-0.49981632357955147
-0.6590948651955494
-1.314118905727984
-0.8117711254735831
-1.2762258977798917
-0.4947565946347512
-0.6309476509683176
-0.2483307844971607
-0.2822064706862
-0.41195036165590315
-1.0476367772122426
-1.138532600411211
-1.3675391051942338
-1.208634254652891
-1.0100024149288425
-0.6886948088283141
-0.4704126229896817
-0.30570292076101746
-0.22693544410807634
0.38361467969220964
0.8438588789411174
1.066060958956614
1.6693336582120704
3.1454904953953324
4.676799077512055
3.2385459329064163
2.381661929579017
0.49558323612091754
0.6596928469406348
1.1749053349300493
0.1497526556860392
-0.5402264424951215
-0.4879400457964495
-0.39386455356975414
-0.04359662198751627
-0.11822358978054105
1.2741857299965684
1.023426797117613
0.7612606700089251
-0.544984075626789
-0.3377484081853532
-0.7349340511219064
-0.34046097486109644
-0.6701737296611419
-0.42410223940348657
-1.0453771567037442
-0.15646181614979923
-0.13672462722427814
-0.12527506452117945
-0.7790088887545941
-0.8346156832979396
-0.813000708386152
-1.1783643327447457
-1.404308496147059
-1.3132174891580564
-1.2991134060644922
-1.1586653534126676
-0.11755209342052574
0.9181761163748837
1.0045728519521635
-0.021145902639749223
-0.44735103939108667
-0.27779353251209926
-0.07968203006549404
-0.41171013439820714
-0.09058284220473223
-0.4574827221523366
-0.5627267679371744
-1.0810212414318408
-1.1773852757826258
-0.46251558046107333
0.34469406443684086
1.0794778777428184
0.10435222976876583
-0.4984117017372172
-0.37206910979345426
-0.47854356422730704
-0.6846436282177444
-1.0639086269206888
-1.208873578321746
-1.4889329738152988
-1.583105122612847
-0.0582874950496113
0.16588381698742383
1.6775447442190456
1.4728638466895367
1.5030255712132643
1.0167514356053908
-0.4204507317278638
-0.43159607625852575
-0.9261509182249569
-0.4200675020021072
-0.3237583564002154
-0.582317261799753
-0.6310128892843154
-1.2524405428014673
-0.965676217107996
-0.8550137691512515
-0.8912242611743355
-0.1548437446089541
0.5123636050528916
0.16523291573501378
-0.8432581636503067
-0.7674255130589203
-0.1751157226878143
-0.29239362537824487
-0.1368121925697173
-0.7549598080175017
-1.5993492509047702
-0.4641108152029779
0.3230972182509485
0.46761832101226014
0.28776452241587636
-0.29626507618002224
-0.41065020300828586
0.807961277354561
0.40538357328822955
0.6362500448875078
-1.0110528988707175
-0.5879092858543459
-0.5151858675050037
-0.572043882474367
-0.30257161685337497
0.04800528903843386
-0.05638482143720899
-1.1542827099749016
-1.202544910338357
-1.118950596409774
-0.9941839719245913
-0.5780368637134828
-0.6259276482323227
-0.9397402718869505
-0.5347059242479849
0.9559963585180491
1.2265714390115752
1.2451862377916592
-0.7588389256613248
-0.7905245657533857
-1.44930048469731
-1.40779368592164
-1.0256758831030555
-0.8889819395591733
-0.7240371935671452
-0.9997054703241399
-1.100277303752762
-0.6181252266825104
1.9736692117376793
2.496900167971938
2.0911055665736993
-0.007213319937296695
-0.6215380557776178
-0.2458950823301213
0.40628805810718555
-0.04316630329581329
-0.686509141607931
-1.014624755743668
-1.015237469262907
-0.7622586255168041
-0.7945790691051277
-0.3863638266751279
-0.04513926947300066
-0.18506935140283126
-0.38111932007207566
-0.5489849321197735
-0.32947924539812923
-0.520576280547365
-0.3224982771574092
-0.9208601010181661
-0.6189236030833799
-0.16030833476181341
-0.06958949381950955
0.27407071455192933
-0.004173064248950594
-0.24816598438790013
-0.9915325889516704
-0.6878389647989542
-0.2760387521372559
1.1090293992385356
0.9914878396172452
0.22511066971374186
-1.1219550836381693
-1.1017803086171194
-0.861231856526103
-0.5447878592445056
-0.6209084987784446
-0.8508579842298003
-0.270944156297083
-0.1276908255064499
0.21123270204251007
-1.0738517334559399
-1.035877040067343
-0.8543607678684705
0.16330771782104084
-0.1260354209286009
0.6909330786852874
-0.742874764229146
-0.8172584826341248
-1.2911743183350983
-1.2797727920611555
-1.4262103784973463
-1.118328113396698
-0.5256245567179577
-0.4548877462300714
-0.41747207343465964
-0.3565222614032082
-0.26536086893124816
-0.563570740552672
-0.8345932017855054
-0.8391234842041645
-0.09410439048694154
-0.4396784952230029
-0.945851191086554
-1.0406645256549465
0.8274192180683189
0.548790813512006
0.5857164591125005
-0.9025566188074736
0.329937747790656
0.24450606420895613
0.8430348493998588
-0.48679844458251936
-0.41832521284264834
-0.4673104827416912
0.6679718487344487
-0.2279680748913332
-0.3237310278339527
-0.7464100751539073
-0.5770215418037624
-0.4201094304267851
-0.12650245158621298
0.41470634698558106
0.2530955953833899
-0.20824723393584854
-0.5473597547857152
-0.3457683271337633
0.5475793362343212
1.0229291499278426
0.7693830482722808
0.1378742614080393
0.39574487270374836
0.042433255360371194
-0.2966891707410335
-0.6972081323792472
-0.3777325369658704
-0.5352376680615908
-0.2120688125819095
-0.8131371093267026
-0.7664152604538617
-0.45710341845532404
0.016462521378663893
0.766380725130018
0.45556275429439985
0.018049585280239
-0.7354893264407324
-1.0068768622470308
-0.8435565521882632
1.7793495929361094
2.4121211316923676
1.9191087965037514
-0.6089218078282524
-0.736208682076733
-0.8671954847403148
-1.0421164100683404
1.4142729820212223
1.8211241664912043
1.892282120559418
-0.6335804313528554
-0.8381740281811795
-0.7080918802347124
-0.8572318554327576
-0.6179899429381447
2.882006978173414
3.059011346951086
3.6559392086210685
-0.32554417973915695
-1.1826140094528355
-1.3210105845975721
-1.421476796681138
-1.2681860544016963
-1.0864248841002893
-0.7595468103027084
-0.8633330005134283
0.18260342856866177
0.1964947696717189
0.7196038154950526
0.12483570636699187
-0.1711901359566674
-1.27280751623253
-0.8845860456850849
-0.8469743932847696
-0.6726430038194985
-0.5467092151827773
-0.8941869311962699
-1.252620398373424
-1.1283437981178739
-0.8786574424200172
-0.03296341546012451
0.6617523488955706
0.8151855289861447
0.8796762677404206
0.5505730300215549
0.040455779606588596
-1.0614920824922638
0.7344960125717933
0.26157489025591846
0.3287800542259541
-0.36471848368555565
-0.38682068867132136
-0.4844720379821433
-1.1294816034041593
-0.7842650171783927
-0.8879176605673801
-1.4013213224907335
-1.1222429202676436
-0.8229372996390948
-0.5040378352640977
0.29650598183211174
0.5875227526012682
0.39482887468823025
0.19743795703543435
-0.8469125801232781
-1.3905222824813213
-1.1427483215356924
-1.0352541278653846
-0.9076703670716847
-0.5366305616249709
-0.11181197661488046
1.4271218351116604
1.4085811743030971
0.8566625922427535
0.21960152537969965
-0.4945860242722024
-1.1446199165086344
-1.1922406671348136
-0.6542102914057951
-0.4904378657607949
-0.5617887624546208
-0.2692370132742372
-0.26755864420559305
-0.052770519351784
-0.4972323239812196
-0.14759592742985525
-0.1147037576207536
-0.26616950674391593
1.2139273653313525
0.8399604239235956
0.8730179256661902
-0.19496485020610216
0.4712585277211786
0.9204571096305779
1.0981643840984663
0.9262955912339526
-0.3101727599303012
-0.5927035903903618
-0.49735330779361375
-0.08311456409900682
0.07272169709728328
0.11679481315724433
-0.020685563070257117
0.23302732837630655
0.7965190136835717
1.4477952126177422
1.343023916542725
0.8536475469843405
3.3733888608203024
3.23182274350883
3.6571164141117447
2.3974379644485087
2.003144309908026
1.0001548037456978
-0.057594658715678794
0.09556608973320872
0.10449108102939458
-0.3317307685592047
0.2883417100475233
-0.12949317704015567
0.21416487259002354
2.5580943184151
2.983664148595517
3.367685980080953
1.3298894027220514
0.6117226745459686
-0.045565919476798986
-0.5782239881189574
-0.7390160686145019
-0.9044719867218419
-1.0988966422664213
1.5255832583445408
1.4593998970211925
2.237377017711097
