546
0.970723
1.93352
1.6087
0.486492
-0.713829
-0.750602
-0.849912
-0.762684
-0.591963
-0.530604
0.108763
0.149389
0.561823
1.09403
1.55335
1.20805
0.149706
-0.082615
0.436524
0.958596
1.32471
1.25678
1.55513
1.57323
0.862942
0.164233
0.582126
0.466495
1.02019
2.08222
2.64767
1.89131
1.46861
1.07922
1.29729
0.775141
0.350337
0.630701
0.781982
0.784096
1.04171
0.823366
-0.407692
-0.27756
0.264891
-0.328821
0.403192
0.910959
0.99411
1.08497
0.525311
0.781972
0.265207
2.17839
2.31495
1.97353
1.97406
1.08776
1.35341
0.89807
0.519035
-0.170168
0.733389
-0.0684043
-0.317353
-0.799935
0.474503
1.15029
0.616523
1.32395
0.787576
0.537626
-0.0796554
0.218194
0.556398
0.765183
0.4857
0.536423
0.050198
-0.838065
-0.00488605
1.27721
1.6047
1.44718
1.11927
0.703489
0.230432
1.08811
2.41788
2.68551
1.05919
-0.704847
-0.663065
-0.736044
-1.15115
-1.05203
-0.461359
-0.665472
-0.685114
-1.17031
-0.00061344
0.142906
0.967433
1.36296
1.6453
0.307271
0.442523
0.831486
1.57276
0.882085
0.379684
-0.359279
-0.12836
0.316353
0.485548
1.55226
1.15519
0.970639
0.385178
0.798671
0.756568
-0.0833411
-0.94974
-1.31098
-1.14324
0.665064
1.30677
1.24876
-0.267093
-0.153714
0.318252
0.868775
0.914661
0.863781
0.567994
0.735281
0.868419
0.747708
1.73269
1.95605
1.27526
0.167709
0.405413
1.29925
1.79405
1.5135
0.685344
0.384466
0.269763
0.238447
0.165786
0.274135
0.384233
0.814592
1.35085
0.789174
0.655348
1.09272
0.338265
-0.580549
-0.792693
-1.05891
-1.13866
-1.06994
0.404661
1.22882
1.46884
-0.223459
0.649932
1.27329
1.14725
1.01494
1.85692
2.25647
1.96237
-0.482568
-0.568365
-0.273011
-0.484497
1.24988
1.32207
0.962218
-0.518509
-0.120925
-0.103657
0.262022
-0.226279
-0.838629
-0.569235
1.11436
1.17194
0.699761
0.180004
0.178187
0.263374
0.353072
0.668093
1.22205
1.19919
0.790754
0.473284
-0.362375
-0.425455
-0.586803
0.447455
0.139855
0.175023
-0.639674
0.629899
1.40833
1.40673
-0.0206153
-0.324375
-0.425101
-0.195259
-0.061515
0.359097
0.742551
1.30452
1.16967
0.627224
0.342408
0.0172595
-0.735823
-0.280968
-0.280077
0.170364
0.678221
2.19839
2.13456
1.03781
0.179864
-0.134838
-0.302357
-1.29965
-1.40824
-1.64174
-1.02806
0.713869
1.03478
0.801565
1.0426
1.55314
1.60008
0.718696
-0.57182
-0.698347
-0.449044
-0.224715
-0.676703
0.773611
1.12324
1.22081
1.11959
1.28852
1.22829
1.484
1.11088
0.696755
0.805589
0.517719
-0.39516
-0.834875
-1.02703
-1.28818
-0.629137
-0.748056
0.571642
1.31228
0.914369
0.612572
0.995191
1.52475
1.4507
0.554775
0.106137
-0.418522
-0.507639
0.222946
1.07405
1.43675
0.417611
0.0759945
0.160156
1.94453
2.28618
1.19847
0.110041
0.330783
-0.0999692
0.104057
0.0827729
-0.366881
0.48379
0.306831
0.6008
1.1891
0.830668
1.39889
1.55717
1.2636
1.05854
1.02079
1.14597
0.897633
0.601229
1.08655
1.42027
0.632539
0.397742
0.869665
1.34486
0.930772
1.09483
1.15754
1.22084
0.331233
0.836338
1.37061
1.09721
1.20303
1.172
1.24897
0.676654
0.314326
0.419565
0.155066
0.489959
-0.140737
-0.171011
-0.255146
0.136465
-0.223312
0.0478844
-0.369185
-1.15435
-1.37199
-0.390097
0.465399
0.810563
0.820075
1.09974
2.11618
2.20135
2.10432
-0.388094
-0.68961
-1.15058
-1.46404
-1.51482
-1.34942
-0.591604
0.243727
0.831603
0.3603
0.502394
1.30264
1.70787
1.5308
-0.382424
0.220298
0.603431
0.773467
0.951869
1.10292
1.54654
0.35578
0.0165575
-0.537814
0.999144
1.52176
1.24997
-0.564913
-0.786438
-0.206042
-0.22425
-0.129219
-0.434999
0.62955
0.922166
0.641567
0.242482
0.492117
0.692222
1.17306
1.55995
1.87836
2.15355
1.98822
1.88187
0.596007
-0.499448
-0.702562
-0.779607
-0.269989
-0.774132
-0.453718
-0.95844
-0.454918
0.0695288
0.73047
1.10653
1.05821
1.40315
1.22296
1.36499
1.39935
1.28467
1.27853
1.38571
1.37809
0.90506
1.06197
0.839418
0.271027
-0.715514
-0.148643
0.410716
0.866705
1.84178
2.18576
2.06187
1.42482
1.05534
1.11116
1.47582
1.22492
0.889085
-0.432154
-0.48027
-0.270535
0.638245
1.37319
0.944365
0.627555
0.521606
0.871115
1.2573
1.26644
1.09939
1.32651
1.18995
1.54247
1.52718
1.43087
1.23476
1.52019
1.13136
0.827769
0.210704
0.602484
0.845743
1.7922
1.57689
1.49037
1.03699
0.201954
-0.650953
-1.10414
0.0169933
0.885403
0.636039
0.0781476
0.780566
0.320018
0.535736
0.764461
0.705352
-1.00913
-0.363862
-0.287979
-0.126212
-0.885611
-0.343372
-0.302485
-0.141692
0.106575
0.410884
2.19493
2.90317
2.69482
1.76346
1.13454
1.26752
1.10607
1.35875
0.361049
0.875723
0.546559
0.278853
-0.0827571
-0.129581
0.24853
1.10803
1.55156
1.90074
1.87208
1.83019
1.0496
1.01105
1.20609
0.441957
-0.276248
-0.571505
-0.633409
1.63176
1.20543
0.641476
-0.863795
-1.4637
-0.035874
-0.114302
-0.332407
-1.39182
-1.09132
-0.529563
-0.601607
-0.662031
-0.915815
-1.13712
0.74196
1.35273
2.10846
1.15291
0.411596
0.558532
1.49514
1.80367
1.77391
2.05189
2.43862
1.42793
1.35158
1.89359
1.15163
0.915088
-0.1243
0.00598982
-0.0281244
0.0345786
-0.0401904
-0.402708
-0.653395
0.609576
1.46543
1.34372
