182
0.0356389
-0.289311
-0.383847
0.502764
0.264482
0.42171
-0.344975
-0.732612
-0.149826
1.23909
-0.432177
-0.658413
0.80283
1.62243
-0.163801
-0.375912
-0.593266
2.47838
0.749341
-0.0348176
-0.582174
0.551406
-0.0711112
-0.146105
-0.756287
0.273142
0.217017
-0.562283
-0.480812
-0.198147
3.76832
0.280243
2.78784
2.35733
0.71156
-0.206717
1.30523
1.09801
1.69947
0.0267907
-0.656514
-0.577085
-0.220514
-0.424467
0.305939
2.44579
0.7398
0.615242
0.862259
0.146764
0.0462707
0.700452
0.0282577
-0.400997
0.158194
1.15168
-0.519013
-0.601028
0.0706944
0.147562
0.365439
-0.191398
0.661409
0.867649
-0.536679
-0.657968
-0.130588
0.483744
0.903837
0.0182875
-0.628525
1.00075
-0.215714
0.73153
-0.617903
-0.585084
1.61286
0.356685
-0.158947
0.0688541
-0.240232
0.30901
0.0809309
-0.103886
0.26123
-0.534371
0.117688
-0.0135504
0.632047
-0.00260596
2.80541
0.701292
-0.272169
2.09331
0.838036
-0.153957
-0.206063
1.51147
1.39076
-0.0618354
0.904997
0.989157
-0.488041
-0.443862
-0.646
-0.136393
-0.192561
0.6306
1.42124
0.296779
0.0272649
1.18611
-0.167636
-0.139045
1.74164
0.543609
-0.586749
-0.671368
-0.684547
2.01769
0.801603
2.11227
0.250576
-0.0400076
-0.362479
-0.203264
-0.312589
0.637232
0.751483
1.86883
2.04777
0.307154
-0.0863133
-0.164541
0.0824376
1.24712
1.49018
1.95109
0.0765249
0.86804
2.92036
1.90346
1.40003
0.281544
0.0933138
-0.0759558
0.62976
-0.675728
-0.309639
0.339545
1.75461
0.277644
0.481303
1.87071
0.0911102
1.30564
1.34625
0.127968
0.382954
-0.204635
2.05369
3.75909
1.46807
0.471234
0.413873
0.584607
-0.0726453
0.186246
0.350672
0.591176
0.994808
-0.477303
0.694965
1.91042
0.861152
1.56623
2.40023
1.01367
1.40194
0.919851
0.939927
3.64998
