182
-0.5970011058318649
0.7685701743307738
0.9377165461508054
-0.5773087568767037
-1.0203280209103704
0.6969026885705781
-0.6437218240492492
1.3235268592032068
-0.8996102683850514
-0.8369761092023142
1.7046102125520937
1.4305463979685975
0.24872928430123298
0.8069023229048333
-0.03495802900038998
-0.9521260603383662
-1.0794917770656156
0.4752925234412716
-1.0625150413010584
0.19881324163847106
-0.8889847717241428
-0.8112703426541304
1.4083681680082636
1.8284913392912396
-0.4783745682224073
-0.31480920672713325
-0.8407887924747919
-0.3003162824471814
-0.32343960688165
1.841836538657658
0.5913546469809237
-0.09871140289445911
-0.19981677441093526
-0.7119446680946666
1.0189866159073486
-0.8695926773210456
-0.6679555495093717
0.7175565716116625
0.5267747512613885
-0.9972676121963681
-0.9982152446174459
0.0692890474083463
-0.876026912352416
0.46182722304913515
-0.19723166450021298
-0.941596715953926
-0.922249578432196
-0.18930841294754483
1.0339720496437557
-0.6045330267984764
0.9898195233501811
-0.6798671998084196
-0.25820243874769044
-1.029508489391873
0.3449099463565361
2.862005739814012
-0.7018914399030605
-0.8244013198810529
-0.6628125916285386
-0.5632676311408277
0.27975508569704344
-0.708553817138164
-0.10498996025632239
2.4296433043030676
0.3760511127736817
-0.600406454496595
-0.13253941189062388
-1.1274681619384228
-0.46841767347866253
0.7211798830145976
-0.48379620120654454
-0.9864016009749468
-0.4656058800963223
-0.5474910879664946
-0.8450804973594422
0.6624212518809911
2.5746798053637425
-0.7748764908432488
-0.567103021039646
-0.5857411059334685
-0.32534043152454023
0.11017728209912092
-0.05589674625020175
-0.4303792896157427
-0.7202015583973141
1.2987291878276894
1.51658901694236
-0.8924267906777613
-0.976461897541209
0.18552019212512932
0.06959889702711905
1.3424989063763437
-0.9547005013110859
-0.026182667538787143
-0.3805888213823483
-0.6885722531970523
0.46120318533803306
-0.04048947194994619
0.6933885874473888
-0.8038146127982452
-0.9616256477359945
-0.7417914202382204
-0.42606077063856107
2.6601708450710504
-0.8805709499336188
-0.45861309948609574
0.5802653198310072
-0.025818342451967367
-0.5996368088136517
0.13804270479036768
0.7392963863921704
-0.4604972544746519
-0.3207803258863524
-0.1543118401851539
0.8939830281191805
-0.566993701897159
-0.294858071267927
0.7241207945542376
-0.6695523749565614
0.5795366583829632
1.9949599795481041
-0.13695025241380537
-0.790742172101664
-0.6118044072750723
-0.5670389957706071
0.4744098973935637
2.0091581587572316
-0.7718140971275095
-0.8387811481419292
1.3445046364728874
-0.9818725139410995
0.7141517543530977
-0.9575490991475678
-1.0680674692279788
0.02717566833157868
1.5689468253565397
-0.3878969480973484
1.034313583260748
-0.589548496495614
-0.9628510597531805
2.90086737225954
0.8877247925765767
-0.8706940121035176
-0.9965450144403232
-0.9727604692321874
-0.13072003632670764
2.7589591451078643
-0.7712689764685614
-0.9473245110831999
2.5522521432975602
-0.8345118013261179
1.0221857242364076
-0.9714440011884548
-0.9814971725050408
0.6597569926134585
0.8616845189248805
0.25828777630106947
-0.3611907359958449
-0.9175880964021857
0.2076747725913557
0.1773867816443106
4.2018503602560004
-0.7931162572774421
-0.8072108268227058
-0.7844784198961428
0.04378245648774202
0.8058629873957043
-0.8281290997491237
-0.5335697893537095
0.4609570918387291
0.8899695199118369
-0.8462884552600841
-1.1711411310006759
-0.8176359315826597
0.06240877383558851
-0.618218445424099
1.9164369136351411
0.4795701467079041
-0.8064352475275236
-0.6619041694862761
-0.5946217205829674
0.9553772890661162
