546
0.956727
0.655884
0.243382
0.225369
0.743066
0.915218
1.12577
1.04675
2.06195
3.54785
3.66217
3.65128
2.09332
2.10774
0.959626
0.745914
0.695638
0.353129
0.263906
0.309843
0.289025
0.278464
0.245438
0.212634
0.170793
0.0405895
-0.248906
0.169792
0.292613
1.17269
2.16246
2.26913
2.30327
0.728651
0.49338
0.387226
0.212286
0.513413
0.384286
1.34547
1.45488
1.47622
0.389304
0.479681
0.495446
0.399677
0.122261
-0.480373
-0.750407
0.666846
0.764428
0.73565
-0.633516
-0.792751
-0.78148
-0.0950064
-0.0796303
0.00819349
-0.627035
-0.631115
-0.27043
-0.37758
-0.45278
-0.48493
0.0488436
0.359116
0.740482
2.49671
2.56063
2.57068
0.538456
0.29457
0.0419092
-0.185907
-0.225645
-0.462856
-0.666053
-0.276722
-0.361625
-0.428798
-0.762433
-0.258693
-0.0930545
-0.296024
-0.0688799
0.89039
1.05397
1.04722
-0.433175
-0.744076
-0.160015
0.578491
0.593275
0.435898
-0.219229
-0.506955
-0.474907
-0.733963
-0.801561
0.0233063
0.217215
0.118028
0.699867
0.954479
0.908642
-0.811704
0.751492
1.16155
1.08784
-0.493106
-0.829929
-0.185693
0.0225969
0.30791
0.00697352
0.0243067
-0.742381
-0.563275
-0.138867
-0.229732
-0.284127
-0.710991
-0.117937
0.786312
0.995591
1.37791
1.3866
1.49697
1.15368
3.46282
3.39484
3.33066
0.616653
-0.671847
-0.439319
-0.467742
-0.393357
-0.782003
-0.492499
-0.327185
-0.474078
-0.351925
-0.625476
-0.615405
-0.696632
-0.634216
-0.551707
-0.819154
-0.680528
-0.764368
-0.379396
0.621737
0.555264
0.834106
-0.470778
-0.39044
-0.43183
-0.162719
1.34203
1.42803
1.29777
-0.704939
-0.783678
-0.930331
-0.204002
-0.219677
-0.0392785
-0.737156
-0.168073
0.00160955
-0.115725
-0.553753
-0.340555
-0.429148
-0.495288
-0.855556
-0.734857
-0.174259
0.382301
0.319401
0.521178
-0.304251
0.0787137
0.330412
0.0261207
0.172261
0.106643
-0.0985072
-0.531365
-0.645575
-0.295801
0.641645
1.869
3.70208
3.83397
3.99452
3.49732
3.13086
1.99561
2.48307
2.57949
2.33609
1.41048
1.03085
1.16824
1.06081
1.58363
1.47324
1.51133
1.17072
1.01908
0.972147
0.841379
0.480864
0.120884
0.118557
0.649914
0.956995
1.07092
1.02774
0.885415
0.0682342
-0.193929
0.891837
0.990817
1.10531
0.925567
3.23093
3.97626
4.00509
3.81241
0.981
0.347959
0.0279864
0.316453
0.262213
-0.404068
-0.435614
0.0886475
0.913711
0.873317
0.873097
-0.117458
-0.193991
-0.283303
-0.240654
-0.212669
-0.434645
0.445327
0.464285
0.131936
-0.646562
-0.604918
0.0700197
0.248262
0.124847
0.636635
0.782182
1.25316
3.492
3.57246
3.54002
1.46961
1.13
1.2231
0.647105
0.507793
0.186154
0.0328576
-0.0352101
-0.159363
0.296657
0.198454
0.152527
-0.0150334
-0.514655
-0.847078
-0.992865
-0.948818
-0.634849
-0.667477
-0.803959
-0.319988
-0.549473
-0.264454
-0.451952
0.347265
0.473831
0.65729
-0.295278
-0.469094
-0.172656
-0.41724
-0.298546
-0.654674
-0.357754
-0.35087
-0.1314
-0.148121
-0.213389
0.148148
-0.0857357
-0.186029
-0.716165
-0.543906
-0.651737
-0.197097
-0.223478
-0.129193
-0.704032
-0.671989
-0.844605
-0.605833
-0.704617
-0.504637
-0.505746
0.724549
1.56191
1.61852
1.56698
0.873418
0.907138
0.609747
0.253164
0.144384
0.0482933
1.16091
1.00011
0.726734
-0.402662
-0.569402
-0.579379
-0.604339
-0.696751
-0.271436
-0.10094
0.0201681
-0.119838
0.36206
-0.0520562
-0.0556204
0.785682
0.876795
0.825836
0.363895
0.408173
0.583985
0.660291
0.436021
0.215632
0.584744
0.369492
0.447896
0.662248
0.645017
0.30261
0.721388
0.700421
0.548061
0.623262
0.695179
1.33249
1.13284
1.10284
-0.378315
-0.0346615
0.0226699
0.14354
-0.284937
0.151819
0.435882
0.561822
0.119406
-0.267377
0.256301
0.335435
0.0884195
-0.199005
0.820209
2.1552
2.10284
2.19365
1.01067
0.887543
0.619816
0.971645
1.42046
1.33311
0.989208
0.487295
0.357684
0.155218
-0.242063
-0.161359
1.05399
1.17156
1.0836
0.0545722
-0.406398
-0.164596
-0.425897
-0.412034
-0.669171
-0.669732
-0.209081
-0.415167
-0.146251
-0.350204
-0.385931
-0.313083
-0.606834
-0.318233
-0.150625
0.137443
0.474623
0.717926
0.00920968
0.0526539
0.36444
0.404469
-0.11621
-0.0568335
-0.407171
0.0119695
0.0826607
0.131829
-0.368141
-0.597833
-0.50076
-0.797704
-0.517459
-0.47952
-0.613865
-0.431958
0.87907
0.889553
0.986145
1.32763
1.21613
1.21312
0.0677652
0.289598
1.11673
1.93823
2.01615
2.10731
0.728279
0.474084
0.485699
0.145946
0.0851675
-0.182306
0.727225
0.873575
0.707946
0.134849
-0.0915815
-0.539368
-0.0778039
0.621761
0.432579
0.566528
0.259086
-0.552294
-0.195243
1.00188
1.66847
1.80012
1.7438
0.686352
0.714841
-0.117327
-0.825246
-0.772869
-0.792892
-0.707279
-0.801497
-0.412326
-0.612086
0.0255019
-0.362001
0.477352
0.281811
1.13468
1.07683
1.24492
0.444028
-0.352732
-0.710574
-0.394073
-0.674777
-0.621751
-0.206963
0.160735
-0.109756
-0.307069
-0.181045
-0.0809735
-0.446463
-0.460137
-0.4087
-0.155483
-0.313868
-0.233462
-0.457326
-0.72272
-0.793882
-0.715642
-0.216282
0.680976
1.13335
1.0381
1.16518
2.26433
2.44791
2.48153
0.986681
-0.000766764
-0.115836
0.273044
0.0472809
0.0950717
0.204919
1.58202
1.60786
1.82889
1.33751
1.43301
0.64672
1.35767
1.95033
1.94129
1.97539
1.52436
1.92419
2.07046
2.24407
2.16084
2.18137
1.41596
1.13957
1.17734
1.27083
1.94341
1.99566
2.05265
