182
1.25694
-0.402801
-0.586222
0.115135
-0.402842
0.464671
-0.54015
0.0287912
2.59508
0.23455
-0.515242
-0.74199
1.44861
1.3338
-0.236559
0.136339
-0.553718
-0.486169
0.0928423
-0.264659
0.00190604
-0.284451
-0.35332
-0.643832
0.441118
-0.430578
-0.395251
0.112979
-0.7399
0.309866
1.52954
0.0298254
-0.566145
0.606238
1.33904
-0.267963
2.13722
-0.358737
0.182585
-0.16793
-0.618643
-0.263457
-0.698681
-0.803057
0.227213
0.805905
-0.417568
-0.505237
-0.317299
-0.530883
-0.528259
0.158307
-0.419095
-0.511908
-0.243615
0.419168
1.14254
-0.0502154
0.54559
2.58408
1.57904
0.730339
-0.457784
1.50923
0.678778
-0.035898
3.08077
1.27916
1.55915
1.27996
-0.694515
0.372217
1.23531
1.65829
0.550029
0.732153
1.51418
1.14533
0.574327
-0.129146
0.766916
-0.207912
-0.567677
-0.111701
2.65455
0.455875
0.570762
0.291874
0.306097
-0.674139
-0.422097
2.17127
1.23624
1.33435
0.122928
-0.193313
-0.197003
0.416509
-0.0120217
0.12157
-0.15357
0.08766
0.228116
-0.136978
0.467536
0.324486
0.633026
0.457135
1.27885
0.438682
-0.0183417
-0.582549
-0.666898
1.7427
1.53714
0.458601
-0.295299
-0.242431
-0.360759
0.668901
-0.139813
1.83184
-0.158274
-0.197774
0.859439
2.01491
-0.00592722
0.160897
1.2327
1.63072
0.877576
-0.39622
-0.440546
0.254998
0.145866
-0.402538
0.687558
-0.383959
0.244217
0.391733
0.874919
-0.00892243
-0.228925
-0.166827
-0.257056
0.273192
-0.363914
-0.0411526
-0.142607
-0.208148
0.91987
2.40431
0.900376
0.063791
-0.223438
0.434889
0.561078
0.651345
0.467422
0.398538
0.435785
1.80228
0.956235
0.166781
0.184091
0.319208
0.977387
1.53646
1.27956
3.40636
0.844038
1.30301
0.181075
2.09447
2.80204
3.17159
2.56381
2.2674
2.4735
2.55352
1.63604
1.25707
