182
0.300973
0.0493121
-1.05985
1.4659
0.658138
0.561063
-0.349427
0.31671
0.428561
0.79483
2.15775
1.08603
1.45872
0.0285512
0.535811
1.43631
-0.06326
-0.00328952
-0.539932
2.01386
0.866039
-0.606795
0.698477
0.382276
0.878478
0.46052
0.204225
1.22988
-0.0126906
0.783143
0.852706
1.48318
-0.387429
-0.840373
1.8927
0.451353
0.632639
1.61864
1.34783
0.502797
0.742044
0.786899
-0.69404
-0.58038
0.0901957
-0.100322
2.31466
0.992704
-0.109904
-0.0401464
0.324465
0.566977
1.11417
0.395577
1.37657
0.841389
0.83872
-0.367443
1.57015
0.490488
0.823928
0.592186
1.40442
1.09445
-0.4032
1.75894
0.139476
-0.478523
-0.825525
0.53385
-1.14492
-0.261929
1.89652
-0.495062
0.617218
-0.549005
1.13319
-1.37537
-0.71177
-0.543081
2.31693
1.58464
0.544899
-0.45403
1.21744
-0.256569
1.40233
1.03951
-0.707915
1.10747
1.8365
1.10408
0.186567
-0.887828
-0.383939
-1.04533
-0.438241
2.14628
0.231831
-0.536143
0.188639
2.07906
1.34042
0.889928
1.64619
-0.0182501
-1.46498
0.136988
1.16936
1.25569
-0.289952
-0.383214
1.83707
1.42322
2.34682
-0.963616
-0.257483
1.36138
1.09442
1.2544
1.55459
0.262794
-1.04987
-0.203201
1.59781
-0.21564
-0.0318325
-0.443973
1.43543
0.627083
0.654706
0.780091
-0.398508
2.64452
-0.49791
0.0127575
0.355887
1.82703
-0.344985
0.690974
0.34739
0.201344
0.261533
1.54907
0.71119
0.722337
-0.0686758
-0.556607
0.938327
2.2322
0.844538
1.37022
-1.46876
-0.600587
-1.31838
0.66074
-0.789597
1.64376
1.2106
0.494292
-0.282937
1.66484
0.779341
0.75841
-0.160317
1.14949
0.652316
0.99512
0.938417
0.592656
1.4703
0.168648
0.611732
0.893372
1.10724
0.563893
1.96442
1.43877
-0.498257
-0.629787
0.405769
-0.441871
