546
-0.17719027742909713
0.32564910101413147
-0.14933506916898784
3.5130122144312246
2.922636151163743
2.8517568496282997
-0.33502985604372854
-0.28788673113846786
-0.25339152888013794
-0.39502365271978934
-0.4542811933850954
-0.30700642681604057
-0.46751525441779124
-0.41689607670757023
-0.4110166292944498
0.6070499305721653
0.012154114745009837
0.036378434605553914
0.22431678719612774
0.2947485561467608
-0.43497500108996223
-0.42090393425991596
-0.0033214882858726676
-0.14118236997192105
-0.2735864923870534
-0.18733700974649892
0.09322241721571521
-0.34508053151358337
-0.25618695142004133
-0.4130363878830031
-0.35398500521975224
-0.2936284279898314
-0.2704658979193141
-0.30271583758355286
-0.2686978547902327
-0.37783896923824756
0.16736837134405208
-0.1199126138495663
0.05096241218593055
-0.3226887112022491
-0.042250309539588124
0.7070573837491441
0.006067278223595317
-0.07339821092768402
-0.2698630860039603
-0.20085601058758107
-0.3934237781750501
-0.3896605435545017
0.030686132817139514
-0.20854319238027083
0.6896721706019568
-0.14777144828861152
0.07026568323916473
0.6041693374656966
-0.40533211958913756
-0.4281707482624526
-0.44703501256459455
-0.4881709555559183
-0.5400160671335729
-0.3291623511478899
-0.0905993348885985
0.016739550527484784
-0.44907638358903784
-0.4362330119988354
-0.47873624968995465
-0.424343959372554
-0.4314784925193458
-0.3327192565973678
-0.426396645211947
-0.10745411252126541
-0.18965998014838523
-0.28465927416602804
-0.3406085705322351
-0.11294332730940261
0.5167494567172017
0.008925012164907745
0.5384060103965073
0.41196684092040853
-0.17291102165211086
-0.1906462949406558
-0.11732181441662386
-0.25679546249757784
0.431737407927353
0.08983562932813474
-0.3387181967995177
-0.34401157137180105
-0.3085677157958542
-0.48085662745654273
-0.35569608526823965
-0.30609590994516045
1.0224980085180215
-0.2995964161765049
-0.16635836566139467
-0.2792686686951965
-0.5409119291643651
0.8845693315156535
-0.2034052721418575
-0.2193471623189609
-0.13476927854402762
-0.3268731578166599
-0.3226000787127922
-0.15278158629662894
-0.2105051592260713
-0.06399633133307603
-0.13216420473859006
-0.12735368806895261
-0.2852732375158398
0.3147612802468952
0.13832495511849488
-0.37179449529823544
-0.24961528364880772
-0.42200710433026073
1.6133581974933906
1.206699607987915
0.4613251188410902
0.19771545309635577
0.02082920515451186
-0.3557684338731049
-0.5167995670748605
-0.3811310964942576
-0.4094267577847237
-0.3824128791768791
-0.5000027306427565
-0.44189080584402973
-0.4946548524646508
-0.4617049280797798
-0.3052868125249919
-0.32405475428761304
-0.5209901851844784
-0.2707626078654179
-0.4636178302883244
-0.3050672708704086
-0.22558017116867504
-0.3345882263958787
-0.40143128478188816
-0.1874953291895852
-0.3093959243183993
-0.2951601421358107
-0.4115396261095078
-0.07218491371943421
-0.2711373174475861
-0.12247881056075631
-0.21683060550677552
-0.3124802413022811
-0.35812019086896035
-0.3610744192922701
-0.0070830959544083815
-0.27250447278229023
0.6089328207508445
0.7667715099679658
0.297583006497763
0.15599860477703262
-0.11719594327925031
-0.19335436411367302
0.3241013532413382
-0.06508488999790159
-0.09839274248586488
0.5594407560238238
0.5340820722795078
0.42568453480437146
-0.17648800611994922
-0.2152872391301735
0.2406652322291731
0.17502757006658604
0.6935063132349938
-0.08904274980929738
0.1864943545445834
0.08809722012693871
-0.0639363400138061
-0.311676784218243
0.07000234361994725
-0.07161101277834593
-0.09246898825905235
-0.18548823233551046
-0.24872013403334847
-0.057512798994022334
-0.08842716345742717
0.39073609558619543
0.04109548602168729
-0.2328898257504767
-0.3049575444680686
0.023465614938090823
-0.0953490864517923
0.18872199199661419
1.8983424663959778
2.1312417770523777
3.8841911604636072
3.377290904180685
2.9742830008566705
0.11314719818940498
-0.26796217156182944
0.26746843177658536
-0.08543299938313419
-0.05739404780771167
-0.22339141057870399
0.23416232496957903
-0.045033027719657726
-0.24132400084819097
0.024251293160541244
-0.3233696313295466
-0.2937771002387054
-0.19288790747224338
0.15995453980153207
0.020788913287653393
0.5358134595317317
0.08618678456107558
0.2822974209255923
-0.2649331290064499
-0.16632986237841843
0.2028139200264418
0.45125467824276466
0.5665224678314543
-0.14763441456252918
-0.16485283539612985
0.47147086838810554
0.5601635824024114
-0.08092297293941479
-0.36161647616810494
0.10394878809827585
0.7773068480914213
-0.3740757480243392
-0.2175552260738858
-0.05548737014169921
-0.3218190855311874
-0.20722003231970162
-0.4684988280648776
0.3613180858024092
0.10565685533741345
0.9269233332169937
0.21564058815209644
0.6590945856275441
-0.31557251886462545
-0.5468733618768891
-0.39097025330465157
-0.39630438905258997
-0.1751979951486892
-0.34187580154986064
-0.3659762952330543
-0.4497449198262522
-0.27746034882644766
-0.2940091615943992
-0.2939151685957347
-0.23906064441728322
0.30585779481066533
0.6773026254688238
-0.3697854161275648
-0.3495920360713644
-0.4003977172210081
0.03474364266917217
-0.3606695687350652
-0.3468134818650625
-0.37148779971280327
-0.33200242126853874
-0.39111934760783695
-0.3929385575637394
-0.2565037492523418
-0.29654167303888995
0.2248072652500159
-0.39800060203918536
-0.301683233386233
-0.3873241818701264
-0.27098122103614075
-0.44487393551891263
-0.11932637191147928
0.5974142464750642
0.30161293095733654
0.843615827292661
-0.4577011279438944
-0.37887156760865287
-0.32967630766020184
0.31325517237110356
-0.23144018605550667
-0.4280183294232823
-0.5317432424338406
-0.4427032834051997
-0.5142255839767655
-0.3241099849427973
-0.3490251157221341
1.237132023618792
0.16468583534084846
-0.2570246936253122
-0.4180724532504208
-0.23197390177128302
-0.15221748611922734
-0.23369303436503655
0.879376189982015
-0.12646825387236882
-0.3352947688261717
-0.48871883203520444
0.6148868975904731
0.8428492291277112
1.230168316919447
-0.4151705027829207
-0.5147702323170761
-0.4709905229394583
-0.4652597163621081
-0.3482660773078449
-0.5062695176924464
-0.4775541480769328
-0.45052321360207437
-0.3962374539171662
-0.4469289068289033
-0.214312278848229
-0.2963482080917931
-0.38128480824931865
-0.22298736664833074
-0.3405063678183773
-0.46341826693433724
-0.36244847534581953
-0.48093147647053597
-0.451796536100061
-0.32902566642563613
-0.14601473400569892
-0.16827751649941888
-0.4345798174160708
-0.5356624656801415
-0.5401358506688791
-0.5042399053521641
-0.4687246677444473
-0.3518953087618838
0.2604492053689164
-0.39217678781080584
-0.3079387323657263
-0.15138025390668522
-0.34281853523717765
-0.1929751707240507
-0.3685614532530848
-0.19306521000692345
-0.30285734004164816
-0.3324727673615973
-0.2191359574065085
-0.28794771127823293
-0.3953444185702746
0.3738126470792881
0.25012815769059166
-0.2322739867587908
-0.47740215008451875
-0.4206632669746384
-0.396608654314283
-0.3931235352432817
-0.3335447546366402
-0.39232595184077845
0.2146031231233209
-0.1587466488198083
-0.18277296069137783
-0.22777815515535577
-0.43016635570375367
-0.40754851710515927
-0.23024290216350876
-0.47481761895243274
-0.18749597503160786
-0.032879770130806694
0.3460031105771862
0.6288126667118062
-0.15706777550672196
-0.48818965287426
11.065777013496017
11.145598849538944
10.591428362654955
0.02167598645495492
-0.3819573434016105
-0.02078675001517002
1.0300341746640433
1.5683742354498489
0.43719073848157225
0.14327892452686755
0.4941605916175978
-0.3085594797316558
-0.3600011129954688
-0.4515347937989582
0.5714322528837021
0.5694422860600176
0.4474080688747709
-0.3958614538842688
0.12756388045798395
0.5071369278174928
-0.4076851362433396
-0.16255898353430404
-0.29472284363334444
-0.5204673165677646
-0.44405455811365246
-0.2761996925780816
-0.35249910401264944
-0.3518600136737213
-0.4190350843902567
-0.3482697818114962
-0.3942417393505133
0.09759381266342061
-0.3265073013761726
-0.43558819546998845
-0.31719459638698405
-0.2913219441561225
-0.20894962064866676
-0.4313328460474839
-0.22667359420261685
-0.4565782490976362
-0.43285195203484883
-0.3646056640891101
-0.3924989697470856
0.24762194541387714
0.5614624287782409
0.17929574163212064
-0.47775899443010394
-0.5099891160254585
-0.35066193475414337
-0.012613740904294363
-0.4625204847092816
-0.35091119295399575
-0.38902724467345706
1.2655166919506442
0.13339979176829753
0.09024132759267242
-0.07976408209918032
-0.11827754546865335
-0.2401293264594539
-0.13024264776070846
-0.4339234162096307
-0.4614564929512064
-0.45367209659842234
1.133479183570247
1.8168554348305268
2.5826404034161774
-0.39201671852383035
-0.30112629207386726
-0.5207080678353762
-0.46964125089739445
-0.28924200338064254
0.05999590466424425
-0.47662529886767374
-0.25213581542020436
-0.3299175044587782
0.2615186380184737
-0.310162220373411
-0.377666011772386
-0.4317662788266985
-0.3314704195624574
-0.07237241447733056
0.3199701644302703
0.17826911860615635
-0.5142319746011268
-0.5098908125887561
0.1447382718014547
-0.012410779685622016
-0.2397734933729517
-0.3537284193630835
-0.5154848013833927
-0.0976866865537258
-0.2659957013014366
-0.45941591714320434
0.3502150733341829
0.1877963416095815
-0.5343028311963812
-0.40006179062577657
-0.3200807713231973
0.5429324054669205
-0.18824665445426064
-0.20988973355694654
-0.3832519582119989
-0.3636319360613419
-0.3330384307638746
-0.25450756808141894
-0.06919095912100535
0.06791206646005166
-0.13113020392046196
-0.230438775382082
-0.3533295157681651
-0.2706411815799463
0.18905453407644732
-0.38633065816360523
-0.25768972636122167
-0.17056645424810482
-0.010420015530275202
0.8616284364774913
0.9076206008385531
-0.34590193976646055
-0.3773609992835072
-0.4113555981110042
-0.4167404083999333
-0.26283789381880274
-0.3599461430017425
-0.37748472768589403
-0.5180869914216635
-0.4192301060692585
0.2796622254661257
0.8673575928593982
1.0045197961021717
-0.2845565130837675
-0.39051058917527975
-0.33793419393856133
-0.5170109647964002
-0.4742307110788189
-0.36193212231913213
-0.36938938951274813
-0.29868310474492504
-0.4566573874861182
-0.3613528567976505
-0.3207008823743741
-0.38860941211496103
-0.23207967991455217
-0.2433753431672918
-0.21727346600502323
-0.4469786640399817
-0.08762728592266598
-0.4546597784409404
-0.39398746791313616
-0.2593064330845448
-0.3672217042404442
-0.32136188605635907
-0.2631503619113283
-0.2605017857060085
-0.209564537261847
0.2759237531750262
0.5729744164425871
1.1226797801825905
2.8364859409840344
2.8913818613007405
1.0441360894931404
-0.24406533362109525
-0.26982990131189377
-0.40397229632116305
-0.5349791782314399
-0.4284921115927486
0.43036929751760994
0.3989104866770767
0.7888070287465097
-0.40472283435008216
0.9056937547209828
0.7957829294955945
-0.49715745335862704
-0.4143530983921499
-0.39294234716862303
-0.44943108376570867
-0.34805484801361336
-0.3719451142338165
-0.3031577989849611
-0.4067620348962269
-0.45417836769294384
-0.471688646520234
-0.5214452877219684
-0.40048447847674856
-0.38962479409644984
-0.4868387755509403
-0.503548038841158
0.5540460268024543
0.614225541807008
0.5263924897035087
