182
-0.11197204770173785
-0.7095937293696408
0.301829558501702
3.193005720118219
-0.5715682957620635
-0.8305198699796665
-0.9153282973978079
-0.8697588990800111
-0.9692005869722442
0.6071600359439485
1.1568424065849396
-0.6886506010037124
0.9159816266396893
0.4875401002284071
-1.2063420346009912
-1.1358154908799711
-0.39758170250979125
-0.03129671312745829
0.580935412739563
-0.443366302512858
-0.8475620060549828
-0.9175572465246074
0.1806989070554941
2.1558875989813626
-0.48886832649338396
-0.675542086438423
-0.8428832144598466
0.7050120639830857
0.8208459726291742
-0.6995296967910444
0.021655328365090522
-0.4018095647042775
0.7979300619340159
0.13647751572428077
1.008526939082438
-0.9637757516339961
2.2417700820826414
-0.6275124728246554
0.2941586967093731
-0.6864182370291828
0.23132174420754842
-1.0912721035387751
0.8010173609596115
2.110022454578815
-0.663117296592403
-0.841893967805372
-0.30208210449648804
-0.7075244289879978
0.3528985172065319
-0.28119880096432814
-0.22956016894418546
0.7259829603301152
-1.041610875638668
0.16905582082483633
-0.12384599655366733
1.9267576481030206
-0.5971122628565518
-1.033489376949692
1.907557160088842
0.6460675446891951
0.1429004153053135
-0.542300549133175
0.8292484884493441
-0.1545412024341457
0.4906996183338303
0.19149391898855816
0.27020576973999677
-1.1543370025692024
-0.3409093626388707
0.2988513208953146
0.030510987437877602
0.8221064367313623
1.7199279989104095
-0.18146222600516418
-0.7473802103981559
1.3108219388046787
-0.6694212578018887
-0.5737300717477407
-1.164077491532442
-0.2693177102780281
-0.39937542742834403
0.6027020224736096
0.44437109843347017
-0.8923741531441223
-0.8819032176602826
-1.096129630190151
1.0366716122700872
2.8099715193026147
-1.0743748373653736
-1.0486347873805177
-0.8881918548519973
1.1317062944863654
-0.9534280327400882
-0.3123360696403558
-0.7510043383560487
4.307392140620717
-0.44268973224971303
-0.4512961024184216
-1.0784865573505888
-0.377184880802125
-0.905163884599362
1.1905530052966429
-0.8962188335215835
0.281322076730625
-0.8845880354753501
0.3088995503328821
2.2762941377106003
-1.0376082762975152
-0.6812933590260063
-1.069929018193298
1.345409227924476
2.36168323431211
-0.9908512853911656
0.864693126776188
0.8585659589066688
1.8266596025272874
-0.7804445564513605
-1.0917558691036278
-0.22201176886374327
0.5590747650960104
1.4489604339330875
1.565283823447498
1.1856751815586755
-0.25309267661111584
-1.0219131493265494
-0.684416375685516
-0.41630690784220653
-0.9619091297184327
1.6311179343018956
0.7581679658175435
-1.0570742461744003
-1.0090596174963478
-0.20388746455722728
0.05802828328805459
0.051733084051052314
-1.0025482323323947
-0.7321196547563383
0.032842964837347534
0.9558446065299021
-0.8278984272047538
0.9586085825682906
-0.9249361087608591
-0.9686725038097044
1.8727932896239345
0.516682984451531
-0.9021504340027358
-0.5409904085986994
-0.8438790547236886
0.36711309023288324
0.6061789974926963
-0.24417433213415385
0.3235402662194641
-0.9964458301767244
0.34010428190030656
-0.960563951020278
-1.0328333447532358
-0.5751958586422634
1.4537326038109437
0.16062883559542163
-1.1242584662369148
-0.696803930816184
0.8762683396561811
-0.6686789710034022
-1.0371397438987005
1.302183718136642
1.8252650965663693
0.18141938877275607
-0.2553345815247619
-0.43749674600344407
0.6955210951959357
-0.5294930850364247
-0.8794367309897921
-1.067093846690999
-0.28135724108895255
0.9883284726688656
-0.16085102527798234
-0.09479046164603748
0.0923838121688066
0.45758938177654773
-0.43650122319748663
-0.6552238321243693
-1.0612322756080197
