546
0.47419312819133735
-0.8441359682919868
3.814927023375227
4.17712557271801
3.2068415881524177
0.010490602802135136
-0.15173262095084733
1.0005195291210807
0.6113706928141333
0.5479611394650221
-0.5550357042216847
-0.46873269779481147
-0.9220159370615675
-0.9194481195249988
-0.7482587318509573
0.23309185245603659
-0.7848305225568155
-0.7509035473822854
-1.438521625255807
-1.4500446443737192
-0.2089034768154833
-0.6862979447889543
-0.4835688642255083
-1.2676044168403862
-1.41762384301012
-1.3676364071489568
-0.9929099816728328
-0.17533338671488044
-0.22638771358430249
0.007984519772969387
-0.0027448993820059935
0.447955868892167
0.08978004193322384
0.3521242719758831
0.35147341776173013
-0.164235802872114
-0.09293720065856055
1.654721300950944
0.44583669737662
0.512631167303378
1.2119596826985564
0.9997801695469465
0.9733067779732589
1.1053011380345672
0.21466133097609824
-0.3918206837950557
-0.9588481980550826
-0.8428444110280453
-0.77343946529771
-0.1311926055044749
2.2381074818097404
1.1647247838580188
-0.20260865589889557
-0.4486062862907995
-0.62094897677336
-0.9092206773689846
-1.3465787539378105
-1.4711596848098631
-1.3285923599912361
-0.8359407052880926
0.4844628183041515
1.4450344965431894
2.829844267783429
3.6224038047716958
2.1744956760956904
-0.30800965005083614
0.007426706855732583
0.20891872138410328
-0.030771279095577336
1.5470340016150899
2.498728359719151
1.0206624976287213
0.08616721668584594
-0.5680480383581435
-1.097554586285366
-1.1833266448067752
-1.103168052566984
-1.2063297133332485
-1.2980737962661302
-1.565498374137854
-0.49220912666638816
-0.4442236516524154
-0.6354493689840613
-0.5555003306280556
-0.6108419239911655
0.37611056647094854
0.031350862636871986
0.2464382081298005
0.25591928391464974
-0.2794258721756709
1.6187535208470285
2.6743038500710408
2.3362953920003617
0.5048526447057773
-0.4485773358006037
-0.33577374155339673
-0.8842923764170216
-0.9131985262740191
-1.0703925102488472
-1.2679601711545594
0.03181301476355423
-0.3735517216147575
1.4248446510383475
0.9672643072244851
1.6858648255477195
-0.8042602193915639
-1.0093817218494374
-0.750764540423136
-0.6971039494453577
-0.6741140623102096
-0.9469552835215724
-0.9684613141883006
-1.0765742798290576
0.531868530446505
0.4337879453788209
0.3004691817089941
-0.12533217215425752
-0.604102114957291
-1.1206941736896832
0.09226973681710053
-0.45320464431220725
-0.09351365403192945
-0.9067846223589491
-1.164198324701318
-1.0327879529533053
-0.9876062093487721
-1.0573262590513692
-1.2039693019398072
-1.422480172571647
-1.3453963432521798
-0.18782980637863134
1.235420308583784
0.8062111732267911
-0.6918028978906586
0.04420573487347394
-0.6413632874084855
-0.9385978188612264
-0.2946110660297548
0.44509619452619525
-0.5838508028974785
-0.8677912713424134
-0.9648075789576148
0.03747339304709566
0.4186289523345257
0.5663030250329847
-0.06576014253105292
0.5904280055910478
0.7706832326572765
0.27613726923514803
-0.7229848053230855
-0.18701749201633452
-0.08001882819417615
0.07558698885555537
-0.5111464153017652
0.9742050742733589
1.730756649378794
1.0379606585568892
0.09006114925487793
0.3448018391325326
-0.28068843496617757
0.5811294334763132
1.441109338990638
1.7318891141363228
-0.7647521328841951
1.7160156342603088
1.5612049194695672
1.354657579870629
-1.2021929952974548
0.20480952027417812
-0.886175207500223
-1.3373788861374196
-1.4641303500342688
0.6066103882978702
0.7180843006629699
0.033906147322645554
0.3246500113113585
-0.5198099869647878
0.6719859466082133
-0.2805366674851574
-0.34996242883019124
-0.01939135196937642
0.044460448054460644
1.9987382771415219
1.056831226498061
1.175837336973097
-0.8108143997303486
-0.7001202761684314
-0.9888726415944361
-1.1290718027216504
-0.8310832728801668
-0.543635459871813
-0.5094136363608698
-0.5015002860999193
-0.5937442818396439
0.416627872847209
-0.08809560296002704
-0.3962270833355504
0.024657585308844314
0.8930187954021379
1.4487726111432735
1.7978599625140086
-0.13790590238403205
-0.6357599134709804
-1.3666762626363824
-1.3272908673320138
-1.3349455971801278
-1.094979500359736
-0.9335007525835141
-0.6554499323225731
-0.016024311859345903
0.2926645959371127
-0.526500386342999
1.2701271965797898
1.9070221217205727
3.109916253091142
1.705569209686602
0.42315979410221843
-0.5188835827492884
-0.2323636371943013
-0.40896175398160295
0.2980192007514455
0.0516955227253961
-0.08728246660079446
1.1332703860113915
-0.5729363678478465
0.4467586965573214
-0.697912652388896
0.31783000339052875
2.657049476837403
2.389085419347693
2.197733659742434
-0.18529091065746703
-0.2042094277729764
-0.0671084891721048
-1.5107338940643522
-1.4187203419455319
-0.18361378646421334
-0.9167476192892857
0.994900176604878
0.5971430588733787
1.2564748741766283
-0.8839427478390788
0.5886079587913394
-0.5112124638093006
-0.6118092238133701
-1.119724845891806
-1.2674765731213251
-0.15550027827765928
-0.4958033703884206
-1.1594904453914996
-1.3515914814200807
-1.4093856379773744
-0.7347607997308535
-0.25208292022540535
1.6331884517635171
0.47594085837685707
-0.7751769852598623
-0.49370145156691914
-0.37266721026088684
0.07908636849578911
1.3502464347163714
0.2511017774888073
0.9152419721897315
0.11428797354998449
0.25536833166632084
0.8736701548324101
1.9310414391702884
1.3504402213043853
-0.02739120528497503
-0.1480756115287181
0.5162739948725457
-0.15927049076893815
-0.2965381894102129
-0.7679898130778029
-0.6281442141492378
-0.4349982012664335
-0.6555826884758839
-1.588468852514536
-1.4410810334263973
-0.10194293842355842
0.023281396886137173
0.4728375561401203
0.2980599345664791
-0.3692214017664777
-0.5232714671535724
-0.4754887242426939
-0.5146504801430237
-0.4865407542776733
0.9773871638926585
1.1877590838134509
1.1008872513442487
1.3238340462483882
-0.7787852803374534
-1.237891553117269
-1.2206505479913823
-0.5740932019535059
-0.20738559282941527
-0.24459773181433153
0.43064895128139713
-0.2233610565848736
1.4351437673916891
1.3114414685453188
0.49056623322011034
0.9896781771408363
-0.04609282702022343
-0.5144111019959376
-0.45635241596363973
-0.663808945476488
-0.21991598587147765
0.9504052815054372
0.6596353313381691
-0.7455424265221245
-1.2133987429766167
0.6494252097208731
0.5953666580942099
1.3737458215091864
0.044411728210261424
-0.8442162051549329
0.24682960653209318
0.43650054266262606
0.32622538331820555
-0.015089860595921684
-0.6740657160563639
-0.616287222801349
-0.9863102279483466
-1.1303814388414062
-0.7847160071333977
-0.21742014694711212
0.07049519258360414
-0.05283605550647302
-1.146339930164001
-0.10960810502205172
-0.6642730869294156
-3.0683649293455614e-05
-0.2932324724623081
-0.18778282679525493
0.26193699966663114
0.38807913405217337
-0.4278656177562738
-0.21468094878885438
-0.8450144079196144
-0.927601850546047
0.6141232039989409
0.8903803927072579
1.552487635923132
-0.9354307889074412
-1.3072797769468774
-1.1943230620967735
-1.0856604576855546
-0.7776847559065343
-0.6142592859674221
-0.8621950414266303
-1.0944254184748934
0.7675366175337335
0.5910290354242821
1.808362814288904
3.4056259462510092
3.340061490070864
1.6729333072022352
-0.3604339186947891
-1.1808375376983102
-1.3013553953955637
-1.4238274218959064
-0.7981007226413943
-0.9715058980926774
-0.1449056498388898
-0.6299334085808649
-0.5649990664725754
-0.6136298758504284
0.16280066635912793
0.10464284256513097
0.103157604899158
0.003484261520054801
0.23881946658755004
-0.11297970940198242
0.5456135285178004
0.8885143187190138
1.2376603779165916
0.10825236347190785
0.054076059579822956
0.38848011738668675
0.5294969329578657
0.28389635632970706
-0.009314630213196997
0.45547699627159055
1.0303175817034327
0.026770808264276122
0.36053858357445395
-0.9527118338329172
-0.8180202987518477
-1.1157428424429967
-1.0845217896290937
-1.0085968501088158
-0.7968046355081865
-0.5796271150807675
-1.2966164633355701
0.2423743597921167
0.62775629374476
0.4100685215423003
0.3145757692532263
-1.0167655405983451
0.5005117119566685
-0.2858236406148081
-0.015003524623848408
-0.44402153944700085
-0.24039946310440663
0.16859602559620845
-0.4137734761536243
0.1556890962092567
-0.24028846809239274
1.4680109387929356
2.220427057998115
1.0468771556237808
-0.38028611025454095
-0.6453603058968176
-0.6362957215340762
-0.7899142677414374
-1.1506907502006452
-1.0565252802745277
0.5528878846244887
1.694564145185941
1.183881920163138
0.04405748211393428
0.2944361385919719
1.4306657330226789
-0.0007755050375276369
0.4017831480205976
-0.2638690759471987
-0.663244772026391
-0.8242635926073197
-0.7375889002677547
-0.5243868728357692
-0.2693591621200646
-0.32702111516909144
-1.1782146723056182
-1.3554537589570173
0.049806862002281876
-0.07758030460910946
-0.0783241520852913
-0.9906461506437831
-1.2057430319928586
-1.2476479016318762
-1.2025373028157065
-1.1821305109441678
-1.337102917418968
0.21812909260481114
1.2874343024687585
0.5391918649108843
0.6027751575242066
2.313346475373577
3.309994323201434
1.7858960520549136
1.4017604550056015
-0.13579057047184942
-0.6310956855542306
-1.453653884860732
-1.5284805524414369
-1.2165395713194624
-1.2492553624991936
0.40820770761862796
0.5536901207058579
0.48899908326163893
1.385606724590042
1.9295337015866525
-0.15955725371043292
-0.18204086681818576
0.1457218353391977
0.4398839346633105
-1.179515093404522
-1.430180240600224
-1.378886516046518
-0.04315313455943784
-0.4332277451746799
-0.6423046456911464
-1.229345112059946
-0.8346272677607621
0.21527151030131017
0.38118340308292875
-0.32132682029002213
-0.32031614706599887
-0.9047857612703822
0.3139136100547752
1.0116368742265713
1.843518825525357
1.1555045236415216
0.9756624168085026
-1.1163614163826705
-0.9965081485908521
-1.0595444549961435
-0.18375350981853897
-0.2908393672321633
-0.2990956880852975
-0.4155861733201943
0.1592824842203642
1.1811344870948812
2.1171456011979193
2.1796645706477986
1.4457371450832228
0.6042910233838176
-0.49161901974296895
-0.1872796516387211
0.13470454256414782
0.09685889189681962
0.03334666029156711
-0.06367084506924485
-0.5911880652451578
0.20136041714992942
0.3494475878390193
-0.7617458563772828
1.0243300875978516
-0.17865558038473284
0.7381249967165728
0.14324176248210638
-0.014645797915209511
-0.19416959753229868
0.07181498861192769
-0.7037610393084905
-0.44523919838575515
0.23811184472992308
0.19780214410276123
-0.1298562136902901
-0.5440851753882734
0.1394792709198065
-0.5925678585523765
-0.8801114033554959
-0.32952798750969625
0.10813722864921929
0.6501252168231666
-0.04475252962429055
0.9862256525420909
0.965986047672891
1.4466328865787084
0.8166023667713992
0.48465550693246323
-0.16267889453620987
-0.3092796684955099
-0.2383392378790715
-0.18598810180686445
-0.003493602284521508
-0.5802175732795122
-0.7645276729183442
-0.98304546840922
-1.002312925245018
0.6739426422633852
2.5099504993077475
2.265048926443356
