546
-0.7938179049077962
-1.2735717497641832
-1.2650151830630887
-1.2059230150056364
-1.0838929721111563
-1.0176145015375302
-1.2453594601055162
0.8095045922839296
1.0614067348410339
1.9222722156800685
0.47574863402984147
0.8027658159592698
0.8505304234963073
0.043559345873192185
2.1255614482112213
1.0421313995469195
0.7987974441694591
-0.6563716303052408
-1.1692101260429608
-1.2171177292945257
-1.0234997727075645
-0.6341025417529944
-0.2792949335204767
0.06320365492661749
-0.7725292269854589
-0.44425914154326085
-0.7187646299966869
-0.505034942923285
-0.7308914603818676
-0.5145821327906025
-0.5121187922173651
0.09274720454091627
0.2701942582778152
-0.180278074053821
-0.154422038693116
2.0495142772116894
2.373615663007139
0.28682092226036426
-0.6210166885681516
0.8844703043466134
1.9287991443092372
1.764358599837424
-0.8105001857878438
-1.0701868319650607
-0.45039903416511595
-0.977792961532052
-0.8238466447054348
-0.8026707023608797
-1.0504399064520114
-0.14075588924967616
-0.3028128874529068
-0.29219824777318715
-0.8281875901094676
-0.7230663127715056
-0.6193015111874973
-1.1706821285287308
-0.5499642253079273
-0.6316804459368814
-0.5313081399306715
-0.2783784084770398
0.7183296458322952
1.2543940945436232
1.737837477111121
0.6802523136180738
-0.7932422214712409
-0.38941867551034454
1.0099829988140565
1.5039692409194834
0.4314658919353083
-0.09890887364389388
-0.2891810759572312
-1.0607340982545177
-1.1384059095947117
-1.1849638531606927
-1.2845504510380412
-1.219904294715996
-1.260001725205485
-1.3111611573704072
-1.2848026821958143
-0.15464474743262369
1.1182064653703825
-0.06812530755380349
0.20533717340348379
2.1131842682690247
1.5521853302921649
1.4479627891456408
0.708709826212089
0.6508761002060346
0.8600785516138153
-0.2040016608458079
1.4505903250436458
2.893464127541254
2.547034906115681
0.5150670337524828
0.411572023654155
-0.6767897418658384
-0.6070211627581876
-0.8306769821692047
-1.1454772730380722
-1.2985335941839524
0.09069580308112614
0.9821151053348717
1.8546050655695447
1.3842641859851106
1.245147138599512
0.12792737504707075
0.2852237612463596
0.4194592621281156
1.019439853151511
0.4429914965906024
0.055973585592461884
0.22220416341989094
1.2167236748836676
1.670547281685764
0.6840920601313147
0.04147399726495484
-1.0918567368023102
-0.9841899053733045
-0.9585280295090369
-0.5610692397885443
-0.34217512573891545
-0.4315735237942527
-0.387956408477211
-0.095377261910758
0.6048144681231007
0.2885128963376537
0.048593713482188064
-1.148222510270555
-1.2630971533932998
0.32886121216575426
-0.13766894128504586
0.10830190539922686
-1.1296426107814972
-1.221337788576791
-1.351388333719888
-1.4021455516869634
-1.1846474617622755
-1.1883572472795951
-1.263801446828457
-1.2599587123708127
-1.1438437211263828
-1.2757182044703277
-0.3529095457739216
0.40119560250872416
0.8888161657759103
0.3230650050218284
1.150847615124959
2.027074381805474
1.3298173666803337
0.35626155293543893
-0.17241173260718937
0.10035026978395198
0.13681029022000535
-0.016413846835647825
0.1875221103864307
0.0997548306882585
1.1269877073594474
1.390108962812337
1.6891333974536173
1.4529989957886305
0.7815452256456505
-0.6108283611196732
0.1205941038422365
-0.23483843571576773
-0.22235366119987166
0.021975542024327437
0.0681562447478135
-0.7593722252629688
-0.9643789113665707
-1.0503149590402447
-0.35469483944735003
-0.6811883866558466
0.8170940316917369
0.9294824712927016
0.24600188497807066
-0.18994271061755688
-0.29495915394732686
0.5682703399337045
-0.3519404922349162
0.23257312981208864
0.7714380285541452
1.3626328440948887
-0.43069214162794617
-0.599651382206222
-0.8086274243634383
-0.12930015678655743
0.5268628422306765
0.6032233175730524
2.721255791837367
0.8610555416479491
-0.4242151923951201
0.495279027687495
0.43260113779391135
-0.2286346462227005
0.5900914862918021
0.2512986789010102
-0.23885338487652177
1.0802611416819285
-0.17401234360525236
-0.21238810422557886
-0.5537093218535438
-0.7417848996813482
-0.9887574186143749
1.299918099334601
-0.05458724331702254
-0.16349799687089647
-0.49886550157019477
-0.8892383884964883
-0.981710416415553
-1.3939197851100873
-1.3374357596930557
-1.2028313074358832
-0.9674066786473045
-0.0835399098854762
0.6473075335652569
2.102030390644786
1.8229706553035332
1.1720189455856036
0.5659697788026832
0.20454803095942306
-1.120637054175262
-1.0760966987968072
-1.0538589734131467
-1.249952054593986
-1.2032908278140055
-1.2135387798546942
-1.2586406919267414
-0.7442276010754055
1.5142232899378842
3.009097515558624
2.610617370132656
0.4929308485889032
-0.35712100921644546
0.5780610842905644
0.002559331826890347
0.34826116936413376
-0.3625454449806389
-0.5761351724416551
0.5968988745412362
0.03265442212992376
0.15752833226602625
-0.753866410410949
-0.8690440881999235
-1.0412166019397138
-0.8563618198968987
-1.0841763334450962
-1.138101286307199
-1.2816916900818864
-1.412032078214327
-1.0467699933492063
-0.8493784580989835
-0.9825590506240675
-0.6306511679678559
0.6761923916289349
0.8322560950561022
0.6327249529411778
-1.0975865883548017
-0.5059727054910134
0.3825282699541682
2.606406627278943
2.4082384487272823
1.8148961025413828
0.35816774194822804
-0.8033326335399217
-1.1395179641339084
-1.039560359923244
-0.9466801495076005
-0.19813834107244807
-0.5557072155765884
-0.4240123651400793
-1.0161613838873917
-0.6891905723957769
-0.21316723643643548
1.6889490042863966
1.3010717098817728
0.7852813068540843
-1.1761966138442492
-1.1407212161500908
0.5805461613043446
2.43858303190911
2.4760522654278008
1.625651776139501
0.22956183607597708
-0.46236559958064577
-0.5595863724442552
-0.3846788744102938
-0.7314624257487945
-1.1146652017727008
-0.5917904254361019
0.08570019118364268
0.27262391821331505
0.887226263008542
2.366058936565812
2.2517075981214507
0.5652947889538095
-0.7778877077208465
-0.8204673619582772
-0.902353768750876
-0.9634904090052114
-0.9843828335969627
-0.35018414051050456
0.4503507197887317
0.41598377839121675
0.2363334232916231
-0.4175716407880341
-0.08857151283434912
-1.116463888443277
-1.2139927142594755
-0.21028118629343445
-0.2893588242200821
-0.3153297954391366
-1.2344870203647542
-1.0229862287274214
-0.2992977123911307
-0.5414687048157855
-0.29169404480409084
-1.1718213206130412
-0.872786822403446
0.281629657544433
-0.39910548466212387
-0.4857784674579257
-1.0636446926371346
-1.3150956921774275
-1.1301410283840225
-0.8687909261648104
-0.8718156831624769
-0.7844177922108602
-0.8322813708767475
-0.5554064832482308
-0.7146696457652814
-0.6699430793509875
-0.048150934620036015
-0.42732848259026246
-0.1580298659139397
-0.09397768004759
0.3677936570752993
0.7980412627445332
-0.26012099416857554
-0.489562742262152
0.36877115433114827
0.2559688382771118
0.3880296130992066
1.9471091244166636
1.3610992335587717
1.2637996499996849
-0.6471127414777957
-0.8027257595995747
-1.077994248406063
-1.2278867396000461
-1.0661040551697534
-1.0667131347395775
-0.6555922895975382
-0.6100951159169957
-0.5595575157256091
-0.7250833555075337
-0.8149615205417152
0.28301642561955104
1.4039138959585493
0.9844421802969223
-0.6998465949656402
0.39818506175674717
1.6552627313883388
2.8634050356699463
2.042553737542645
0.8623583098129085
1.1848968944830494
0.7191686411306089
0.18319602624395903
-1.0835510924563403
-0.5997472072895715
-0.9296250335341841
-0.9780188708222691
-0.5672173106414766
0.32318016568850017
0.7093013151990684
0.8195493413078709
0.3962982148636085
-1.2788206713914105
-0.8062863986366395
0.007337599768204878
-0.1030363414547154
-0.09768815163427749
-0.7411231056502617
-0.8142928564141728
-1.0825963172945383
-0.8901114210020985
-1.0260009340628982
-0.9542323122687447
-0.764671176192684
-0.7881600789932252
0.3976106847069024
-0.0607363671791874
-0.10519373241014479
-0.7252750085412278
-1.0087634414058972
-1.238285692060449
-0.7844662784695203
-0.6265551575300938
-0.24265345340681868
0.43898532163469184
-0.21983900302358841
-0.3117462277094903
0.914721359829186
1.9276352509392438
1.8612734959900497
0.8750107158518898
1.3071824480712244
1.1135643413437721
1.6589524466602672
0.04041962833423202
0.45372939639710663
1.6212251038467878
2.1357593333535467
1.7501493660948888
1.938078230445571
-0.3765002502492111
-0.21789560075609354
-0.06847615631245786
-0.8595277161305538
1.5179513711364798
1.2435877802115476
1.7104946492854243
0.2168327357301269
0.8597586794530363
2.5316110526634854
2.0120350056318066
1.238327372600669
-0.9176929622251162
-1.262119897135559
-0.8309778525212679
-0.035372228727867605
-0.027093201628593324
-0.5596913936571871
-0.4682376356212721
-0.44924373394418654
0.09889009145247209
1.8082132398009498
0.5743896879058474
0.45392731823400884
0.4495879728141478
0.5152018346211756
0.9143448323869949
0.4870235757257502
0.9234007842907377
0.5840451232315697
0.43829786630180584
-0.38177987270160363
1.1864996887645431
0.6440546695902865
0.7688048041037407
-0.8577676389572404
-1.1495884709391415
-1.0450322638110385
-1.1576527969064185
-1.322449327333807
0.7730285089380821
0.08498785589023253
-0.19378612487960628
-0.7410025543697315
-0.8794503572767927
-0.9993647842243382
-1.0741550073134876
-1.2708093881856175
-0.899719843848861
0.2631204266454547
-0.27733040083055643
-0.5897141740639716
-0.5053111884670702
-0.6378001506694326
-0.6954914922420831
-0.7933108269996013
0.9795216350653296
0.5789078859921193
0.7589297341640269
-1.3124896302659814
-1.1592827439125013
0.9741122677354241
1.1463094080200993
1.0551912372158005
-0.3969215673590265
1.6259975634153656
1.614157437602234
2.4904348375143965
1.7316610869609852
0.7326491379957555
0.9114999318576152
-0.7167008804647025
-1.057435345611768
-1.3213426694100414
-1.2238815240073884
-1.1596601906875428
-1.0578849997288569
-1.0693170374610488
0.03338463053877177
1.4163519493100158
0.2107840521154777
0.6729207607817801
0.15262549856171356
1.1478981207344463
0.3424700961470247
0.28646877422933326
0.5464902667240942
0.7105533345525221
1.1441550246891787
0.42269977663331776
2.067547430673261
1.5494530172698122
0.01351536699319993
-0.974828178222073
0.6877323063650843
0.7885974063142069
0.6007025713146321
-0.990045880003551
-1.2922975474415663
-1.3117075866572632
-1.3778039406107194
-1.3658602594525082
-1.3204303323583346
-1.405996083317291
-1.5121979377858668
-0.09008586512071734
0.049254989473693125
0.5097398409936218
-0.06470224871486656
-0.31444316977102066
-0.7760527572665006
-0.5259662022772192
0.18062227840257553
0.6890141313319407
0.08560779633292111
1.1075498202608494
1.5528849709792087
1.5528213763665923
-0.3685101658328103
-0.1487405335902037
-0.10870522210945163
-0.05423618072321569
-1.1347196139496258
-0.43210804729139196
-0.651540605583578
-0.7178256238578122
-0.48413428137663855
-0.392913533315373
0.650847760010379
0.8323778555783693
0.7268194408669669
