182
1.48653
-0.106103
-0.513198
3.1575
1.40713
-0.187291
0.21761
0.524533
-0.553173
0.734001
-0.194919
0.129427
1.57036
2.57061
0.14454
-0.108772
-0.46738
0.343629
0.575164
-0.275986
-0.638824
0.388658
0.00625448
1.76557
2.15313
-0.536948
0.128703
-0.652443
0.797297
0.484103
0.0693807
-0.468665
-0.0826018
-0.437825
0.505469
-0.469922
1.17757
-0.0334299
-0.829137
0.29029
0.020183
-0.758669
-0.624025
-0.491731
0.138091
-0.607429
2.96587
0.801129
-0.63863
-0.626604
-0.641739
0.261392
-0.569947
0.927156
0.262472
1.60123
0.348999
-0.472162
-0.0767115
0.293469
1.23655
1.64556
0.32774
0.700114
-0.483373
-0.439148
1.21882
0.789841
2.17713
1.78882
-0.287458
0.404401
-0.364139
1.48458
-0.594743
1.6654
1.47296
-0.376606
-0.342938
-0.569325
1.94068
-0.192733
-0.348201
0.495245
-0.236904
-0.338021
1.12896
2.57675
2.28699
-0.182298
1.16149
0.857222
-0.560565
0.847266
0.0896521
0.994898
-0.537105
0.244052
-0.0551149
-0.34615
-0.0955469
-0.676331
-0.292746
0.0220143
0.0570838
0.0679985
-0.450133
2.18528
1.11771
-0.616487
-0.697471
-0.1566
1.37601
-0.224069
0.61102
-0.472745
0.267523
0.521362
-0.364308
0.321671
-0.724468
0.996342
-0.254464
-0.508272
-0.683878
2.04276
-0.413697
1.55931
0.501392
1.14519
2.43085
0.655724
-0.555804
1.22552
-0.153196
0.00504646
0.158858
0.0590093
-0.683262
-0.483514
2.33249
-0.283784
0.509943
-0.536692
-0.504545
0.0499369
-0.526751
0.424937
-0.539591
3.50635
2.08253
2.1433
1.93677
2.07181
2.57121
1.71436
1.8148
0.246877
0.142341
0.381023
0.404766
2.89578
1.4067
-0.406585
0.476654
0.442606
2.27734
1.67185
0.523212
0.49864
-0.458837
2.15034
0.677463
-0.0205537
0.436897
1.16968
0.342205
0.34788
1.69673
0.5095
-0.481506
1.64752
