546
-0.971868
-0.705909
-0.466886
-0.610866
-0.665576
-0.587713
-0.505763
-0.670575
-0.591097
-0.373046
-0.310252
0.0706993
0.630941
0.506998
0.0278041
-0.416336
-0.555762
-0.49539
-0.188091
-0.366865
-0.449197
-0.875052
-0.850413
-0.205547
-0.193812
-0.39939
-0.6354
-0.485239
-0.606524
-0.62439
-0.572702
-0.449711
-0.556828
0.479551
1.49864
1.44127
1.22127
0.613868
0.67939
0.912296
0.822598
0.562076
-0.17502
0.276056
0.567977
0.513821
-0.334523
-0.344121
-0.809286
0.390363
0.397135
0.0329342
-0.456168
-0.0288548
0.0713338
-0.099346
-0.222482
-0.295556
-0.465858
-0.377303
-0.302776
-0.213713
-0.502497
-0.450282
-0.49679
-0.576562
-0.63282
-0.802088
-0.19634
-0.140912
-0.286943
-0.765016
-0.580509
-0.0712216
-0.0770098
-0.366954
-0.640672
-0.708391
-0.58285
-0.326756
-0.1272
0.222481
0.412812
0.289536
0.182213
0.400512
0.332441
1.45952
1.78479
1.60077
1.28848
0.876302
0.666245
-0.244728
-0.37956
0.115368
0.318399
0.750077
2.7689
3.14191
3.17553
2.96278
2.6172
2.45531
2.34705
2.04363
2.11176
1.85353
1.64116
0.0861705
0.109195
0.880561
1.39477
1.21763
0.244025
-0.279893
-0.434522
-0.490106
0.397435
0.50445
0.362172
-0.130956
-0.147265
-0.144907
0.698115
0.7249
0.57406
-0.248982
-0.397664
-0.271043
-0.382887
-0.432683
-0.506216
-0.68389
-0.647353
-0.816941
-0.608114
-0.439158
-0.295277
-0.358176
-0.75443
-0.606
0.402605
0.448444
0.294547
0.0987236
0.028945
0.150985
1.59972
1.6949
1.31027
0.759716
0.970573
0.953239
0.854571
0.00248762
0.501867
0.454433
0.679467
0.710046
1.92904
3.20659
3.37973
3.34749
2.61793
2.42316
2.03059
0.532148
0.717008
0.936445
0.849877
0.84559
0.665598
0.554122
-0.348639
-0.604627
-0.215204
-0.0455677
-0.264912
-0.219255
-0.31201
-0.49164
-0.540363
-0.57245
-0.668385
-0.757361
-0.760892
-0.610794
-0.136584
1.90371
2.088
1.94727
0.274721
-0.424365
-0.470993
-0.588368
-0.606822
-0.24606
-0.294002
-0.406428
-0.550021
-0.499261
0.366929
0.607475
0.568196
-0.617968
-0.748705
-0.570102
-0.502594
-0.403981
-0.548258
-0.634322
-0.271015
0.704631
0.77312
0.631266
-0.515398
0.48256
0.560787
0.449522
-0.857921
-0.358362
-0.454958
-0.559233
1.55513
3.06266
3.19875
3.14511
2.90708
2.64679
2.34272
0.819903
0.205208
0.0691954
-0.42202
-0.892285
-0.92814
-0.737867
0.0808169
0.257489
0.220005
-0.0356648
-0.490427
-0.478645
-0.506099
-0.590222
0.227892
0.224606
0.0878356
0.348826
0.717024
0.601885
0.423899
0.551327
0.566563
0.459003
-0.148745
-0.336925
-0.398819
-0.34614
-0.342324
-0.423881
-0.112333
0.0836497
-0.014977
-0.335292
-0.479302
-0.202922
-0.249935
-0.147813
-0.0142635
0.429023
0.420903
0.332743
-0.116112
-0.260762
-0.495849
-0.635512
0.906895
0.836371
0.5161
-0.424166
-0.4322
-0.566446
-0.31975
1.64558
2.93775
3.03918
2.79482
1.92257
1.76023
1.56552
0.597601
1.52676
1.72042
1.39266
-0.536467
-0.241963
-0.303995
0.175044
0.0548223
0.071624
-0.0909165
-0.315393
-0.442726
-0.566549
-0.434795
-0.0911293
-0.114264
-0.351563
-0.263394
-0.327753
-0.486522
-0.373558
-0.460052
-0.304297
-0.606366
-0.774531
-0.340042
-0.168781
-0.294291
-0.550261
-0.672983
-0.432896
-0.39027
-0.409703
-0.266214
0.217223
0.295352
0.140659
1.79662
1.78733
1.47141
-0.65166
-0.700776
-0.815426
-0.927029
-0.79362
-0.616679
-0.522411
-0.355025
0.642959
1.15223
0.871321
0.616216
-0.482005
-0.573812
0.502635
0.699468
1.5891
2.85209
2.91676
2.52471
1.14324
0.939758
0.797677
1.20795
1.15487
0.893354
-0.0911339
-0.159958
2.3092
2.4483
2.22563
0.300087
0.23799
0.449692
1.18687
1.20488
1.18815
-0.382259
-0.00380122
-0.112994
0.189585
0.0480805
-0.132991
-0.601847
-0.437209
-0.306718
-0.20817
-0.149329
0.0139417
0.136629
0.161969
-0.332723
-0.149485
0.68049
0.535313
0.297761
-0.039268
-0.106619
-0.731815
-0.245334
0.0851689
0.115871
0.00353868
0.121303
0.232386
0.195691
0.223183
0.0403732
0.474264
0.561722
0.724033
0.50169
0.584287
0.0943599
-0.247034
-0.0798366
0.451937
1.70436
2.78846
2.8148
2.6083
2.52699
2.75658
2.47816
2.10026
1.07411
0.943786
0.676836
0.524658
-0.427044
-0.532618
-0.149132
0.376188
0.286158
0.043717
-0.29948
-0.349369
-0.303302
-0.30789
-0.200503
-0.281416
-0.382301
-0.350867
-0.479646
-0.558719
-0.72793
-0.591147
-0.314108
-0.253737
-0.262703
0.111259
0.296176
0.178604
0.00882458
-0.138866
0.379624
0.255096
0.284529
-0.457894
0.566021
0.553358
0.328082
-0.190604
-0.304527
-0.558431
-0.256344
-0.0290656
-0.0730947
-0.0248915
-0.177076
0.766313
0.707834
1.45363
1.32008
1.04249
0.063513
0.466949
0.379803
-0.0180162
-0.0653699
0.461358
1.67747
2.60264
2.44319
2.09953
0.508022
0.301541
0.174488
0.11985
-0.138694
0.81809
1.01356
1.40379
0.737125
0.322995
-0.174898
-0.212903
-0.31815
-0.376914
-0.650875
-0.401293
-0.258623
1.00643
0.938678
0.760801
0.462952
0.570136
0.747408
2.68959
3.11309
3.0461
2.77667
2.8987
3.03404
2.67263
2.03596
1.15116
0.928879
-0.245428
-0.406727
-0.438624
0.282261
0.239474
0.0809023
-0.424177
-0.475666
-0.539007
0.479137
0.493559
0.368365
0.306406
0.683948
0.521997
0.160739
-0.369985
0.704512
0.719807
1.09279
0.907336
1.25681
1.26308
2.04678
2.69151
2.56295
2.30617
1.60874
1.00553
0.446394
0.35682
-0.0289014
1.47453
1.57647
1.34651
