182
-0.6648847956778178
0.2843870244419797
-0.3416094550320618
-0.7503048077247662
-0.5351721706088526
-0.5629920081442686
-0.2635374872490244
0.3078948950416501
-0.7244308534610059
-0.257282934505125
1.936063977239807
2.0800595225154717
-0.4730945479614918
0.1852896554758028
-0.5810217700863618
-0.6357528528393471
-1.09731130380102
0.2063619725175449
-0.3524870786039454
1.834805182248565
-0.8400272755827862
-0.7665285396354603
0.06681311153216853
4.9573474351425855
-0.48485536200467655
-0.8463668721352818
-1.0001550472896639
0.8380977573134608
0.7185400449688819
-0.043028798307474185
-0.25741101725518695
-0.5539145337103917
0.8983140515280115
-0.9915421144469362
1.6999288024851842
-1.368281685829484
-0.1416415212415228
0.965879317973543
-0.39992166383621747
-0.6862235763632057
-0.8838035416664692
0.19056719904451336
1.1978637540526567
1.7455330649684873
-0.6943446957733029
-0.8864128193687698
-0.34564135865715273
-0.06967129427866516
0.30423015344686527
-0.022443742894637207
0.7757275131161481
-0.25711938131204104
0.3306891749757667
-0.6424226489014656
-1.185584186016742
2.670479588192822
0.18753995093590406
-0.6013524748501919
-0.6613739944484613
-0.5785482418810103
0.34380020835858116
-0.3047127154483618
-1.1268808493639837
1.0848241091382933
-0.7132464606764926
0.6394999990114318
-0.8704379089178582
-1.2939289411398203
-0.005136239649626044
0.6236067898173334
-0.0012079921966214224
-0.22101132146803235
-0.15260920288538576
0.6832024165282391
-0.43156688426194095
0.007023405811051626
2.154671820490037
-0.1749845052661501
-1.4298563697156532
-1.271187157087708
-0.21275015684130705
-0.8264639296102453
-0.0022402483270660377
-1.1923571266309176
0.2517372265442481
0.30017779593113986
2.168288740723238
0.36279534501656713
-1.2932094280899495
-1.1098285858394399
0.8147532679877176
2.0614286779299245
-1.2129773153946448
-1.1008987562065584
-0.15983372053507997
-0.835305642311455
0.00147004577945608
0.026449543293038627
0.7141781547384455
-0.6807066689693957
0.8187155904383424
0.1983690229725798
-0.06778711688102224
-0.8348489886905794
-0.6217522765345577
-0.16607791677063083
1.0636661787711355
0.29393212052233203
-0.9541131322356529
-0.9450026060661838
-1.0718154299177143
-1.251468040906212
-0.22156501950598861
-0.1596281683035018
0.17205046165426047
-0.6680580504432069
-1.310322419996785
0.3507774081806593
-0.49310823141908927
1.1991091257092505
0.7791806845594343
-0.45427232525080385
-0.8418513371402908
0.7468352905279818
-0.9926910635885029
-0.07754856468236265
0.14627892928269284
-0.8657730698156237
2.1841565208852254
0.2742791851981281
-1.19680277454421
-1.2396434210830916
-0.47988419794513826
0.08268795921045773
1.2377678225444635
2.3844115310144987
0.04512241594531071
-0.4754566084247717
-0.1824486872057773
-0.2831429035314147
1.0239693348992045
-0.32361160463938243
-0.9833772194579405
-1.1785174573590822
0.2886095307734055
-0.008347203409377155
1.778336847567636
-0.7369832804920883
0.8941806400629131
0.49959443424379946
2.261322966086193
1.329076763683683
-1.0154078427436524
-0.6276317715321111
-0.4419898208168517
0.9760257556247541
-0.6467260171907373
-0.2536719444042717
-0.010203303375429231
0.2648069009170222
0.99280128675262
1.406316405365999
-0.5169754668888629
-0.21601201910603754
-0.02983147851338156
-0.4001507619823321
-0.3529121595207899
-0.9635725584319191
-1.0283636542976156
0.7415859494264828
2.115154328292413
-1.147799493400011
-1.2674419930299254
-1.036365486259792
2.566361127414901
1.1944363145704484
1.1341147849031328
1.1354046932094697
-0.5655564566282966
-0.4175270492081983
-0.5540242325679313
0.45014019888754153
