546
-0.6089612183779924
-1.4593823305933016
-0.1775579773860926
-0.7756452580447493
1.6073835389333533
0.6195020186029526
0.6213875605717947
-0.34780598132094276
-0.042629450434010195
0.8423496777199655
-0.6394983075719292
-0.6805966102350502
-0.8195298264429988
-1.116443769124889
-1.3089340010518915
-0.021171515717620736
0.23110059800680577
0.413672241665045
-0.7983639126779537
-1.4231088994866579
-0.16187970694073778
0.07777999323243581
0.8122658423279354
-0.9223168049078487
-0.8108569512595782
-1.3506240227409676
-1.0844697557709075
-1.095952437205379
-0.8101476136540462
0.08058606237962873
0.28195111648296023
0.9702070614993622
1.0466813841385327
0.28556503108676307
0.2592518539339847
0.8683661077956191
0.9128267600857837
3.2233319669368687
1.961170556568337
2.545995552180619
1.8253930022639253
2.3924530806163857
2.044911714257592
0.10032322395852726
-1.1103929278852518
-1.2353320633775817
-1.0497188491809843
-0.43715358111085634
-0.21938313213943164
-0.2370889111954057
2.018402838925723
2.115288979628495
0.8992988711881444
-0.5614702699452994
-1.229332411786705
-1.4198837660989927
-1.8802057264214684
-1.947982258233356
-2.0268482249190236
-1.450359846055191
-0.5831985399286806
1.277886345322822
2.15534961575084
0.5169344892646942
1.3727907218305173
0.17277734571752879
0.7212880652821246
-1.2090805759052319
-0.04144561070013264
1.12511989056802
3.059774937235922
2.9122948622409632
2.059994048278396
0.33907636669699937
-0.19681815558824478
-0.4157063416382012
-1.035987635187428
-1.2045677167498996
-1.4857528609585011
-1.4178509316984014
-0.3765717516199289
-0.2424013920596747
-0.08787768709589988
-0.38030878298915244
-1.2824773812949166
-0.717113235827966
-0.3462094922533668
0.1896650905483247
-0.15335757850127005
-0.4348668762577059
1.057805910833074
1.236142426420749
1.3020556840966262
0.3029904061029766
-1.3128867656661862
-0.6075535748091219
-0.9058333280363957
-1.0351120431062086
-1.0646368623461686
-1.6366083087277143
-1.1043560946764286
-1.1798217678142653
0.5978638693559588
1.4324726752720576
1.8344263333121624
0.5351561401710301
-0.00821740110970865
-0.37624279656632464
-0.5947227536385135
-0.7627345392174033
-1.2499294611084908
-0.2680276424153318
-0.07138552243721209
-0.23561267505250444
1.967358097001984
1.008583209709341
0.6205621785013187
-1.0321552945528958
-1.530674618313415
-0.7703579478731677
0.4127679263649326
1.2196729119868437
0.22581326263666046
-1.230824921621012
-0.902312978227506
-1.1495457775229785
-1.0423753687776967
-1.6993231499976333
-1.734276093105787
-1.5396920555656242
-0.6237926264955133
0.5945788661179355
0.9432095611210733
0.43688822476165473
-0.4924748734244346
-0.6936934185474397
-0.8405939453435327
-0.8519675577444721
-0.5200247660243826
-0.29884962963651324
0.12950954153648686
-0.3220412164688453
0.08761835380748377
0.27023230520941605
0.43702776684835154
-0.8674460268868117
-0.023786066822510978
-0.2715255077347254
1.1658649676564499
-0.01658802287772409
0.0909701561124147
-0.9196811565901449
-0.06324598235614182
-0.237497309453692
0.39430328088258826
1.3891408759701105
1.2414245791858174
0.3704205345905482
-0.3504161931527154
-0.8580430279296344
0.1656684337875291
0.6839050073556616
1.0340156641133516
0.7526775921877528
0.8232449027533684
0.7510890171625823
0.00686034463926021
-1.4487049473530276
-1.2307289140999587
-1.399220748876191
-1.435510196594153
-0.6804344533592529
0.9284284513015492
1.438600320282544
1.1832752084009812
-0.22388314379142074
-0.8023009463888037
0.8181800781752706
1.022568102183439
1.5349671872724975
0.7722038105423291
0.7892283921179771
1.3045325115679614
0.8644018324239136
1.6038171007363542
-0.4322291484103079
-0.9622523162496343
-0.7351293305263196
-1.0855253669837055
-1.1023289968776586
-0.9373885465643814
-1.221771076906331
-1.1437981741003358
-0.9758973437824999
0.4084608742591234
0.011034433764594795
1.0020025379381812
-0.2723713917052057
0.2861381419019503
1.5684191788343
0.388141858710789
0.12128469290055173
-0.020175658567877737
-0.4210564572389392
-0.9440845010796497
-0.9345100614952799
-1.065013851860765
-1.0619197302121066
-1.1789497041957242
-0.30413875551872716
0.8629934888752853
0.2156805004637246
-0.26209153512915867
-0.6001989176794738
0.3996113571899022
-0.14800267029524708
0.04611941031177712
-0.24147864503334882
-0.17924160905005657
-0.5403540774805023
0.7331557692806497
1.6378595657788382
1.7061136564341317
1.4395459379051783
0.7990258270775398
0.600690960579472
-0.01788862844344615
1.2838160735498796
2.2961103132314484
1.4521509788990212
1.1601453094347398
0.21199801501986298
-0.5528248773476921
-0.929882171738292
-1.9372207918780866
-1.6307374873381997
-0.7349625082651828
-1.2029189848756343
0.5337164694913833
0.9458006623691437
0.9691657055594842
-0.28154819336005277
0.34573559418596533
-0.03381837696865779
0.516520789029202
-0.5831037039322738
-1.3791371643804091
-0.5430185028819153
-0.506368652981253
-0.5334761675718586
-0.7770740908015725
-0.7913272948086457
-0.7681639653693124
-0.06424363241322596
1.5000138888254682
1.1860103375182345
0.6466112516741789
0.2933695188392585
-0.15939200278018154
0.56537016489466
0.4366851201423125
-0.39650245464869305
-0.26004689513359913
-0.9394180571135249
-0.20911982169489512
0.6999848510671164
0.8244507764239083
-0.25719844708614475
-1.0320075349266449
-0.4842468242328335
1.0767872412579962
0.9923492921062566
0.12572489773684015
-0.4934964811023914
-0.5622728145184345
-0.5394896448849033
-0.9005168820132268
-1.3001616949020636
-1.3598245716771316
-0.20827138896027514
0.03090348178496803
0.7378876080635417
0.6253245617756481
0.48634540199213344
0.3103723846263792
-0.1573823794554994
-0.44022056630543493
0.01821269399677023
0.768986702168592
1.5289486570494946
1.9394711522468642
0.2779451913910924
-0.8999034728777244
-1.2693866759870245
-0.7024371362781197
-0.9962293664982268
-0.8403551736713106
-0.5268936114121131
0.08363967843332988
-0.10854973823910526
2.0077532560995905
1.8170331169480285
1.3453684343971133
0.23239780585686737
-0.020060804754081552
-0.049493881663684035
-0.8884917374510783
-1.226512083482409
-0.19853728128183631
0.4742496693522164
0.5723798338059185
-0.5077142048992814
-0.681920049254621
0.038507486138314125
-0.4328631941371567
0.21706342927763544
-0.9738166172682684
-1.5531881690679408
1.4154405947640127
1.3545609797876608
1.772656224798437
0.4713143456495496
0.34283927293209976
0.7685606528607766
0.1177145990817552
-0.26129904049327884
-0.3541340553069695
-0.11872680888468255
0.4909291737963453
-0.4935489177520163
-1.5628139716347584
-0.8724471367680817
-1.0200860995631233
0.4858336960417285
-0.43348067160303383
-0.025133951984751556
1.1426404573068893
1.1656048856424066
2.0269417896127853
1.011395454662337
-0.03582496594623231
-0.5598195285585644
0.3749116320831067
1.4101675728767087
1.0201382560450585
-0.6586046611349712
-1.4782435744973916
-1.4346631127849203
-1.6464686647724067
-1.68365081838216
-0.6375597995214772
-0.6768342555550687
-0.9521982575527455
0.30167224529274245
0.657861340666918
1.718962278322296
2.0372379749082077
2.1909213256416464
1.9679206412625627
-0.6824612663587803
-1.283683297423068
-1.4130267167124053
-1.2913239294800725
-1.0131754426509583
-0.9175006009029916
-0.7817088849551646
0.2069186951979334
0.28677634599379564
0.571819713994191
1.2752951106438097
-0.10050454510916197
0.42383945392332095
-0.2966441970218668
0.6506221412576081
0.27798618999659774
1.0806073665436842
0.4808570982443135
0.9677467259369266
-0.1572832607727355
-0.5148616970728521
-0.20623722812678646
0.46110938083304687
-0.5417771152769296
-0.08112418294941678
-0.5764638326305633
-0.8404958177235515
-0.7236809603358083
-0.5087047651629296
-0.8227227855696857
-1.0321134923814297
-1.133639572303154
-1.3008532417010432
-0.3589647529974763
-1.066435926208175
-0.939966384603006
-0.6252278954004141
-0.8049003614067474
1.5534086630506754
2.1643414431796764
2.215256335279548
0.15011770855478895
0.34801455470972864
-0.35724297505569014
-0.09687028696280027
-0.9548132827445382
-1.399393446463239
-0.7555442751065928
-0.9826064230304865
-0.11028659683233599
-0.2983601591773138
0.6711013315609957
2.0062534188278742
2.559189990117794
1.4126117708212287
0.5801328785773617
-0.11160653191500411
-0.5639085832718033
-1.1463702706948866
-1.3401440494631547
0.16152491401793934
0.6779807231514192
0.532461585620369
0.13408717920968663
0.7076713955134308
0.6128627029142885
-0.29697970131270607
0.1694368404796295
0.5321228275649392
0.641334502236081
-0.42000081028098096
-0.883594938064737
0.038429948810787574
-0.7274919114488357
-0.37946994392122463
-1.0739646623374637
-1.1785572474863657
0.7840240931321449
0.7051215397830072
0.3066767906754514
-0.3559809953651947
-1.2936423907255088
-1.067347268752013
-0.9524375219899448
-0.9327387648499587
-0.7776190081630885
0.7838730135732086
1.8083226269197135
1.8063949387573082
2.0361027942867804
1.4577256860272716
2.6362343727193847
2.217547140977896
0.9791287434697241
-0.27329070617021267
-0.43008124785524354
-1.2554723517088053
-1.5675586133255306
-1.5739546692002626
-1.7382736833932333
-1.0650216795950744
-1.0771921007637422
0.3496753647774866
-0.04305753572261116
0.9814185819185859
-0.010192723292808608
1.469202533668939
0.8186930231409377
0.7899117388223054
0.050001621115088664
-0.705340486513597
-1.0326076788870913
0.6966497414693227
0.13923505150145693
1.351538344922582
-1.083071831890177
-0.9628344361530473
0.06749902913051405
0.32987648316094526
0.17868858066242746
-0.16131417307827733
-0.4302585547169902
0.5347204844718112
0.32399537539728607
0.9431700388530205
0.4811502411700419
1.2069432704139598
0.07200177487102392
-0.2737104223854891
-0.6984271435270644
0.39392194637756084
-0.08275665597351808
0.04425517567404642
-0.6749919185263035
0.12903242089613357
0.9210722552959607
1.2873552764783724
1.207463456346232
0.20442175318266081
0.2652427197131511
0.4937788574116572
0.14187725192536396
0.7429648132739275
0.5443321164931422
-0.9476638277564174
-1.3288825205127708
-1.2913240715862853
-0.5587435889866449
0.8460521265163985
0.20190052016392626
0.7805926865733146
0.14752484485741502
0.3844559163674987
-0.2985514667324362
-0.3447835249087992
-1.1591708849473459
-0.4691240326906695
-0.7180381293917243
0.2796568336657198
-0.40748960024456765
-0.3008852337823778
-1.0119266263977533
-0.7417073612156552
0.5716083982600978
-0.06204811981385621
-0.7072245807898069
-1.1671125256546615
-0.8088956976150646
-0.8572664356148841
-0.7455332817554158
1.5502266269983689
1.7228994701427283
3.325911196954108
1.559255032238321
1.1164492387954448
0.7759095387802615
-0.6258827059585991
-0.4495416768484258
-0.8071762670827172
-0.5803206377430602
-0.5169278293510351
-0.7568179744615335
-0.346882034528352
-1.1326251375183367
0.4254395392534122
0.9423213469865285
0.009685770291440932
