546
-0.704068
-0.695697
-0.516784
-0.485983
-0.642881
-0.758065
-0.793189
0.810674
1.08995
1.08666
0.0191133
0.0550974
-0.0192109
-0.258081
-0.32101
-0.393013
-0.73752
-0.680306
-0.599472
-0.503218
-0.515545
-0.778752
-0.789367
-0.733879
-0.66775
-0.66438
-0.643194
-0.735858
-0.663361
-0.808629
-0.480411
-0.167732
-0.0334927
-0.369289
-0.228387
-0.418956
-0.245259
0.0268784
-0.0490344
0.301309
0.492514
0.454515
-0.684734
0.0210908
0.294987
0.322615
0.421771
0.142174
0.314362
0.197572
0.204836
-0.363986
-0.630297
0.153703
0.430049
0.455397
-0.0912264
-0.456072
-0.325688
-0.380722
-0.511534
-0.649464
0.484062
0.604183
0.412392
0.0258929
-0.650177
-0.779961
-0.762063
-0.767595
-0.513801
-0.537219
-0.269639
-0.082227
-0.0847117
-0.402757
-0.799177
-0.82399
-0.711194
-0.619944
-0.437631
-0.242422
-0.223978
0.392836
0.320568
-0.137273
-0.453532
0.392118
0.461438
0.332388
2.46357
2.74108
2.63781
0.0921098
0.0863813
-0.690233
-0.164341
-0.19539
-0.346383
0.113654
0.405222
0.245569
0.804314
0.921935
0.87727
2.12136
2.77537
2.71987
2.71158
2.17957
1.68192
1.55099
1.16605
1.01359
0.354347
-0.73908
-0.602669
-0.769354
-0.914371
0.0284144
0.233282
0.990419
1.16662
1.0272
2.42774
2.58783
2.42221
1.67528
1.25403
1.00874
0.819956
1.01659
1.02529
1.02945
0.739875
-0.0466734
-0.552585
-0.621607
-0.466533
-0.104688
0.0489533
0.0791575
-0.262727
-0.0643704
0.247451
0.207805
0.291259
-0.195474
0.510261
0.611504
0.422991
-0.618479
0.0213019
0.133969
1.00617
1.37799
1.30863
0.310809
0.594588
0.60193
0.452491
0.00784128
0.0898454
0.176613
1.22141
1.17038
1.17384
0.585455
1.25261
1.2202
1.44574
1.08556
1.37216
1.1545
1.20348
0.885306
0.873733
0.589303
1.00585
0.837965
0.731703
0.197984
0.446033
0.211506
0.312031
1.67004
1.85131
2.28297
2.57236
2.53067
2.49498
1.27713
0.84193
0.637863
0.768281
0.745906
0.67955
0.8157
0.861945
1.03596
0.885
0.681254
-0.359241
-0.518857
-0.569778
0.832197
1.84066
1.64864
1.46636
0.0691842
0.100883
-0.148809
-0.412587
0.158519
2.3833
2.78482
2.67041
2.7532
2.74492
2.27059
1.5934
2.52954
2.68325
2.46487
1.06793
1.0451
1.05405
2.46407
2.69035
2.69616
2.47586
1.96
2.06039
2.27239
1.93423
-0.409263
-0.368353
0.0848545
-0.0202794
-0.589288
-0.616451
-0.3555
-0.336346
-0.332227
-0.3616
-0.240131
-0.132564
1.66997
2.02115
1.77176
1.25167
1.1729
0.725859
0.10321
0.594809
0.643669
0.405967
-0.504022
-0.342795
-0.315683
0.3644
0.378361
0.421626
0.12
0.25161
-0.0363078
-0.0880825
-0.0191216
0.034302
-0.211729
-0.188945
1.17363
1.14702
1.07875
0.661046
0.584065
0.383407
0.196542
1.05067
1.05552
0.893604
-0.335172
-0.580436
-0.765808
-0.0480384
0.28364
0.492836
-0.866156
-0.0273686
-0.00378245
0.38681
0.360542
0.168933
0.0612639
0.266326
0.32792
-0.139954
-0.0907439
-0.333718
-0.474374
-0.370658
-0.250933
-0.139063
-0.217525
-0.526107
-0.519887
-0.362146
0.145694
0.221745
0.307451
0.804313
1.18339
1.81219
1.92775
1.83568
1.57015
0.168024
0.155113
0.0959902
0.08261
1.57201
1.83258
1.48915
1.20033
0.892464
0.838346
0.117609
0.284379
0.260546
0.470149
0.294705
0.184491
0.0736333
0.275198
0.260947
0.226342
-0.110887
-0.922775
-0.853993
-0.695365
-0.745408
-0.399512
-0.0538116
0.308531
0.281889
-0.258121
-0.723313
-0.550551
-0.467197
-0.18569
0.021695
0.254729
0.0239627
0.211522
-0.133926
0.0861201
0.455187
0.361975
0.441762
0.464031
0.421066
2.71112
2.93993
2.91626
0.452666
0.715685
0.607633
0.017693
-0.690226
-0.66473
-0.555231
-0.17839
0.110754
0.045707
-0.201859
0.0073058
0.347513
0.709131
0.268257
0.139959
-0.138138
-0.128153
-0.388566
-0.00354081
-0.0324567
-0.26527
0.555299
0.630113
0.465027
-0.0904533
-0.663559
-0.419042
0.0841504
-0.0557148
-0.279788
-0.560223
-0.572935
-0.681059
-0.425884
-0.318248
0.00932197
0.537119
0.763401
0.323804
-0.646837
0.464356
0.532631
0.506757
0.0389107
-0.116765
0.159791
0.611653
0.504071
0.0252905
-0.274213
-0.203051
-0.186542
0.140832
0.0708246
1.44702
1.41605
1.61146
0.215299
0.55016
0.36807
0.230885
0.136046
1.92041
2.1169
1.83372
0.201679
0.03375
-0.389153
-0.202662
0.347218
0.314542
0.855886
0.645501
0.715987
0.731484
0.629831
-0.301911
0.495746
0.571319
0.530529
-0.46896
-0.821684
-0.668678
-0.49118
-0.486558
-0.63765
-0.789281
0.353052
0.473491
0.618627
-0.19336
-0.79716
-0.323392
-0.526274
-0.485187
-0.178971
-0.221235
2.48385
2.84352
2.79579
1.21562
1.18499
0.973406
-0.14138
-0.250743
-0.122083
0.222313
0.0826543
0.117874
0.878684
0.89713
0.872337
0.370703
0.513216
2.38493
2.54758
2.66533
2.73476
2.70838
2.715
2.67571
0.907635
0.451671
-0.057663
0.183162
0.0397499
-0.0804558
-0.524912
-0.275868
0.161803
0.813193
1.41578
1.44927
1.20208
0.839228
1.74323
1.73388
1.54017
0.76247
0.0711489
0.99543
1.0492
0.982312
-0.339035
-0.144701
-0.295444
-0.369352
-0.529717
-0.798939
-0.744335
-0.746504
-0.658001
-0.804866
-0.505309
-0.0137327
1.02216
1.58538
1.37125
0.23076
-0.0255647
1.15588
1.21145
1.08376
0.355621
-0.0552683
0.0891097
-0.510443
-0.25608
0.0899117
0.562781
0.825849
0.778074
0.455433
2.47367
2.74674
2.76501
2.58407
2.59421
2.72357
2.77542
2.82392
