182
1.34281
0.266129
-0.541754
0.341718
0.398279
-0.754958
-0.273952
-0.178646
0.327867
0.333843
0.410857
2.36713
3.39317
3.34587
2.68513
2.35148
1.38325
1.13023
-0.13478
1.01539
3.31723
0.485418
1.23343
1.86625
1.82965
0.411199
-0.0815218
1.04852
1.02325
-0.325291
1.169
1.04569
-0.351385
-0.590966
1.04524
0.0631044
-0.444057
1.78063
-0.202564
0.199142
2.28881
1.51676
1.17384
0.216169
-0.482397
-0.184476
-0.194672
0.176506
0.268313
-0.300846
-0.543767
0.291358
0.222467
-0.411403
-0.73
1.934
-0.691002
-0.55511
0.635182
-0.344407
0.202935
0.438626
3.00072
1.00742
-0.350434
1.67639
0.02541
-0.206427
-0.592032
0.0741867
-0.480773
0.81866
-0.165518
-0.179889
-0.406514
-0.0358674
1.95511
0.377185
0.252332
-0.507447
0.544563
0.643024
1.82434
1.33035
1.1062
-0.242224
0.768038
-0.429
-0.376398
-0.312151
-0.559263
0.0703932
-0.291371
0.18399
-0.457245
-0.2419
0.277882
1.32378
0.36252
0.045971
-0.592486
-0.172096
-0.491792
2.88289
1.28811
1.01192
-0.00370676
0.194291
-0.281534
-0.249384
-0.425481
-0.0679209
1.52903
-0.497833
1.2431
-0.430746
-0.430001
0.819107
-0.242817
1.97504
-0.60208
1.42227
0.0734032
-0.00267221
1.42856
0.900883
-0.129446
-0.277227
0.223372
1.62861
0.0747856
-0.683554
-0.320782
0.100077
0.18694
-0.104534
-0.455321
2.48419
1.04198
-0.469575
1.99704
-0.366431
-0.409661
0.226894
-0.347613
1.78836
-0.046496
0.222602
-0.326891
-0.562166
-0.456703
2.46019
-0.24845
0.684988
-0.167847
-0.139194
0.0521602
-0.229323
-0.178635
-0.249699
-0.0175829
2.71227
0.985601
0.145603
-0.0970379
-0.209239
1.76513
2.03704
0.224687
-0.514218
-0.308412
0.0337381
-0.284225
0.0389048
1.03341
0.951672
0.255225
1.10144
2.12794
2.06959
0.701517
1.81129
