182
0.499891
0.625183
-1.46432
1.14699
0.332483
0.847737
-0.563807
1.27772
0.917805
-0.375874
1.5246
1.54077
1.7497
0.626797
0.254717
0.841845
-0.170753
0.313143
0.541682
1.83392
0.870349
-1.53786
0.543432
1.58751
0.985308
-0.216574
0.703498
1.32506
0.456043
0.510562
0.554482
0.907828
-0.386374
-0.903709
1.36373
1.45366
-0.434483
1.63701
-1.21343
-0.649072
0.981363
0.304717
0.146438
-0.364971
-1.15198
0.631658
2.00801
-0.104333
0.965809
1.01441
0.000462861
0.319186
1.06057
0.0457346
0.674499
1.06008
0.203833
0.662923
2.00163
0.218245
0.762604
-0.24614
1.10504
0.900888
-0.199555
1.53324
0.413737
-1.57687
-0.468572
1.19672
-0.602942
-0.596875
1.00956
0.392705
0.80556
-0.416864
0.82847
0.378293
-0.881588
-1.13258
0.773831
0.694181
2.2157
-0.181705
1.42048
0.00101407
0.647444
0.443383
-1.20247
1.43556
0.554673
0.331086
-1.31605
0.0889539
0.328594
0.773361
1.11453
1.1762
-0.173378
0.155944
-1.20787
1.87395
1.67648
1.53499
-0.940392
0.67466
-1.60869
0.416864
1.807
1.66187
-0.635305
-0.599199
2.2294
-0.128066
1.16897
0.924081
0.460669
0.893334
0.219572
1.31334
-1.10537
0.205499
-0.436112
0.356716
2.06997
0.880244
0.499372
0.47859
1.02854
0.943848
0.223952
-0.113875
-0.800387
0.465804
0.39458
0.880666
1.67176
1.66945
-0.553348
-0.2349
0.256953
-0.940608
1.81748
1.52461
-0.490121
0.665505
-1.77564
-0.994545
0.891041
2.10096
1.57949
2.33793
-2.1019
-1.19769
-0.216736
0.453832
-1.35268
1.44942
0.653108
0.784085
-0.000116349
1.9263
0.559959
-0.476492
0.681734
1.07657
0.857027
0.222303
-0.482339
-0.322575
0.894481
1.04589
1.36802
-0.353806
1.50603
0.0945273
0.22205
0.789389
1.3547
-0.56296
0.601469
0.378518
