546
0.683767
0.491717
0.575184
1.79767
1.42891
0.683714
-1.16806
-1.23905
-1.14441
0.165955
0.990347
0.969723
0.184933
-0.0031654
0.588673
0.665288
1.54748
1.53529
1.32312
0.526609
0.765454
1.71413
1.58129
0.182895
0.00568893
0.077512
-0.389801
0.171048
0.347195
0.871439
1.28436
1.62917
1.47263
1.08742
1.27115
2.13719
1.77361
0.983565
0.390878
0.522142
0.931026
1.61039
1.60289
0.858145
0.523735
0.183783
0.488764
0.763864
0.337423
-0.522261
-0.954692
-1.48132
-0.3771
0.566858
0.783242
0.0417351
0.361987
0.391155
0.322783
-0.118813
0.626686
0.359947
2.86425
2.64781
0.953077
0.161555
0.0127691
0.812595
0.663537
0.932876
1.67273
1.06294
0.517856
-0.309569
-0.241788
-0.213788
-0.0566553
0.624002
0.173416
0.466421
1.39034
0.999439
0.745259
0.226877
0.0171572
0.312928
0.286995
1.03437
0.327324
0.50732
0.201791
-0.102481
0.428957
1.75802
2.34153
1.57981
0.557712
-0.486054
-0.73247
-0.752073
-0.655342
0.212733
1.01473
1.04062
1.47825
0.697525
-0.0182333
0.0590654
0.00139704
-0.0399856
0.555964
0.241637
-0.248044
0.291292
0.458559
1.17759
0.960026
0.718694
0.710058
0.575378
0.683498
0.738296
1.17462
1.93033
2.44843
2.03088
1.01429
-0.381218
-0.206494
0.528478
0.830538
0.212894
0.496377
1.22833
1.11265
0.542138
0.123171
-0.0372475
-0.06462
0.833178
1.20442
1.1113
0.487888
0.531309
0.553358
0.823993
0.672121
0.6696
0.461479
0.387686
1.12851
0.930712
0.352909
-0.264171
0.437626
1.09664
2.223
2.12646
1.15075
-0.00130485
-0.154405
0.347226
0.951046
0.964003
1.10506
0.845988
0.299376
0.292365
0.985677
1.78085
1.5046
0.563018
-0.260924
0.672664
1.1416
1.93481
0.716367
-0.0549352
-0.19409
0.718148
1.4633
1.78543
1.05924
1.50572
1.39989
1.28767
0.25548
0.0096306
1.715
2.09698
1.37197
0.843102
-0.616338
-0.765358
0.0315937
-0.399951
-0.309625
-0.34106
0.283198
1.16326
1.23339
0.562952
1.157
1.27648
2.13719
1.70432
1.64566
1.70484
1.40484
1.30215
0.731493
-0.291422
-0.235041
-0.051915
0.353825
0.109394
0.62979
0.781846
1.74085
2.43648
2.00423
1.4055
0.0263765
-0.197944
0.413484
0.640463
2.31349
1.50476
1.44432
0.244335
-0.0939841
0.020064
0.765216
0.872729
0.269248
0.516525
0.266087
0.102301
1.02467
0.597394
0.595969
0.376033
0.717857
1.20629
1.67159
1.64348
1.69221
1.19022
0.75055
-0.0282641
0.700252
0.227709
-0.0537678
-0.292677
-0.137242
0.237334
0.924693
0.743944
1.3486
2.20319
2.0089
1.32133
0.649386
0.731669
1.47396
0.871329
0.291955
-0.238197
-0.0724263
0.502331
0.353396
0.894549
0.598551
0.516672
-0.13424
-0.181783
0.0993536
0.719474
1.03163
1.5436
1.56612
1.20768
1.50746
0.862731
0.649371
1.01542
0.234068
0.0890685
0.749049
1.71651
2.45601
1.37083
-0.405112
0.976463
1.13744
0.490629
-0.329441
0.0139028
0.382349
0.856386
0.344558
0.524726
0.659936
0.201213
0.0266952
-0.014551
1.50281
1.26032
0.474991
0.5664
0.44323
1.49987
0.612451
0.85664
0.435737
1.33246
0.657331
1.00966
0.920966
0.828002
0.381923
0.472681
0.495447
-0.552171
-1.16124
-0.946307
0.185719
0.306614
-0.0816127
-0.704905
-0.785357
-1.01321
-0.438514
0.738092
1.58978
1.89613
2.23935
2.41951
2.25349
1.16086
0.814829
-0.35013
2.07699
2.22358
1.33383
-0.199604
-0.917439
-0.256708
-0.467193
-0.0323433
0.733105
0.847135
1.01887
-0.0527089
0.794258
0.123786
1.08282
1.77931
1.86923
1.00118
-1.10804
-0.643884
0.349015
0.776098
0.788651
1.01526
1.24761
1.40865
1.48832
1.88234
0.656544
-0.0366563
-0.382284
0.811724
0.304317
0.448802
0.555219
1.00976
0.858454
0.37311
-0.471473
-1.13717
-1.28836
-1.3048
0.369251
0.776054
1.55811
2.25125
2.03579
0.924634
0.466181
0.169821
0.0687616
-0.184043
-0.670875
-1.02294
-1.01424
-0.547281
-0.112943
0.219437
0.186977
0.519504
0.484231
0.183064
0.349559
1.10855
1.43054
1.02457
0.570736
0.883393
1.47748
0.346911
0.533007
0.914633
1.02744
0.894223
1.33287
1.33872
0.502766
0.690049
0.709634
1.07127
-0.368139
-0.234658
0.356059
0.296187
-0.187397
0.575051
1.16594
0.332214
0.435169
0.825084
1.00031
1.51891
1.92511
1.72339
1.48818
1.27394
0.390308
0.329109
1.65455
3.14415
2.46029
0.744211
-0.822149
-1.12891
-0.835857
-1.40894
-1.45092
-0.681965
0.507478
1.03462
2.48412
2.02505
1.42021
-0.0892813
-0.599279
-1.04659
-0.395167
0.646458
0.757269
-0.590747
-1.13261
-1.83172
-1.34563
-0.868784
-0.508789
-1.09444
-0.885504
0.410348
1.44563
1.81446
1.8407
1.75939
1.93141
0.725539
1.28887
0.807945
0.342513
-0.698819
-1.04411
-0.252482
0.106562
0.396533
0.452844
0.587768
-0.523365
-0.640351
-0.344966
-0.128556
-0.474966
0.393177
1.56792
1.99581
2.07671
2.19287
1.33173
0.219722
0.198785
0.887704
1.55079
1.23926
-0.0116518
-0.632408
0.000758336
0.478425
0.553248
0.739998
0.048385
-0.883327
0.0478104
0.693795
1.04079
1.48135
1.01115
0.571938
-1.24008
-1.5037
-1.58678
-1.49266
-0.634914
-0.327706
0.251592
0.751833
0.303292
0.144773
0.483359
0.680095
1.17943
1.62721
1.75853
1.78823
0.927048
0.283689
0.385077
0.0976041
0.213089
-0.54319
-0.353791
1.06051
1.37077
0.956266
0.364276
0.718356
1.5359
1.87602
