182
-0.748953954704075
-0.5460018391447594
-1.158646416291072
1.196437132473391
-0.14617862529706677
2.912963065503035
-0.5697933597920352
-1.0834068218521808
-1.289617078574032
-0.6026499536793021
-0.4600609199242193
1.6019894696303827
0.46265876069456596
0.28672412521507373
-0.836598021251186
-0.7081453086868535
-1.0209873723691867
-0.42176805412323465
-0.6149935412600419
-0.10867203778580055
0.2836956678211885
-0.23976517324032318
0.4064890609563465
2.538693689327433
-1.143147911935053
-1.2919865342844958
-1.3381742338757958
1.791629749672158
-0.19356761791841792
0.79375048228722
1.3180995414025773
1.8286348472492557
-1.1973926183617019
-1.20660904720669
1.693975480310864
-0.8675497478044224
0.7634710883061813
0.286439707215512
0.7935135539843199
-0.9489830414481639
-0.9149527482832559
-0.3769971532895634
0.621043834873917
0.7746441338191052
-0.37097155921550456
-1.4455463466678973
-1.3659724611333943
-0.43638344477319363
0.4647519402832962
0.5492209291390873
0.9466618176835868
0.24340383965966694
0.3225121262508077
1.506390534798694
0.6275501264547665
0.16457880508070125
-0.4995679566966105
-0.940936384127329
1.4985538458416434
0.9379898347861086
-0.23531579239939596
-0.8580440388488648
0.5558985486401742
1.1692340716643639
0.0790844269486621
1.9274767997113953
-0.23251613593969125
-1.1980035098092467
0.6221434987791115
-0.6535983872037866
-1.3025742701244525
-0.7214014756428132
0.1890965236066276
1.5250237891841418
-0.8022794540948088
-0.9549880767412113
0.9542139238044364
-0.0483064473619321
-0.1865214603406136
-0.7853921067711062
1.3136939052745005
-1.0209962734704774
-0.8027123504286096
-1.1387614482290043
-0.485610242299948
0.22714723606432102
-0.6192647596358883
1.6431833730017034
-0.6801392900424249
-0.13720027335129442
-0.921539508673269
0.0019954197142974758
-0.7852187010154743
0.8781360497213796
-0.14313198272598118
-0.5436359055323735
-0.9626505572000842
0.6265025470046129
0.7969826253742072
-1.220000185113447
-0.2446732788611443
2.9438446937059646
-0.7723535225199772
-0.5556342897815296
-1.22348985756111
-0.7374364204214445
1.7496723878939733
-0.7269360947094096
-1.1954653781325701
-1.1553598608774913
-0.7091817688809443
0.013929530767772098
1.646574169670067
0.3762342988511905
1.4367731472917842
-0.5361001158871277
-0.7311964883995111
-0.16720505618171064
-0.9661983274039542
1.1994482272518137
-0.5471503432385239
3.07089098188777
0.4007450031920217
-1.146908879511183
-0.9185385833659278
1.2322073548735197
-0.9140346938915269
0.658890751401988
-0.8263870018326607
-0.6548941480394105
-0.3042966412687635
-0.8145722070187602
-0.6067647282071007
-0.3749807004947268
0.08942257466547533
-0.7084957540858093
1.8784939835474606
0.7662861810026975
0.030440914828583784
-0.8169243640554624
-0.11387461790263627
-0.06731803355430441
1.1973450872308107
-0.22214137433699838
-1.1111936954263877
-0.262637690364926
2.0174928369910146
0.6813534700301401
-0.35790421253822446
1.3763391849515005
0.33380097776173
-1.182506253988882
2.4516069849875652
-0.3865269351844702
-1.0197748697242657
0.5175012352031713
-0.059062565944631495
-0.18169301757249817
-1.2809586081072921
-0.2018696546203972
0.905177803106913
0.9236991252968166
0.589754917926548
-0.7941810192893888
-1.085669490202104
0.868736033205577
0.5575274107664568
0.19536082433364166
0.06759566872626183
0.08899616207443561
1.8305463682898961
-0.9414221106861633
-1.3541794352421412
-1.4198777448297872
0.9607861497829957
-0.38454388451125693
0.3710265970713742
0.8408136922818896
-0.30083631639334474
-0.44261937354640407
-0.9483533548527856
0.6135080213745326
