546
1.18358
1.44238
0.918429
0.660225
1.18654
0.471166
-0.215375
-0.889634
-0.921706
-0.689318
-0.276957
-0.437605
-0.119596
0.478122
1.57692
2.20396
2.44997
1.40355
0.504541
0.465122
0.669958
0.779343
-0.422975
-0.414658
0.141873
0.389803
0.714771
1.87038
2.39577
1.5577
0.337241
-0.7161
-1.12869
-0.873229
0.513738
1.16088
1.19132
0.384772
0.796027
1.19376
0.649357
0.652842
-0.570111
-0.0964109
-0.123098
0.368105
-0.0162294
0.581128
-0.234551
-0.082175
0.302987
0.0300385
0.41543
0.982529
0.934755
0.543459
-0.403855
0.105241
1.02113
1.44599
0.889587
0.110714
-0.665895
0.385906
1.33586
1.99533
1.2239
0.740042
0.961948
1.55905
1.56763
1.71072
1.40107
0.770614
1.34817
1.14795
0.578096
0.358067
-0.314306
-0.707137
-1.05647
-0.48258
-0.21195
-0.0553995
-0.427922
0.268609
0.754302
1.94441
1.16968
1.34229
1.27211
2.81281
2.87393
1.89872
0.207389
1.40215
1.12556
1.22503
1.12635
1.22226
0.892868
0.486431
1.6598
2.18409
2.6319
1.4182
1.66455
1.22578
1.18898
-0.250494
0.375739
0.650049
0.700556
0.950973
1.50735
1.52657
1.48479
1.88989
1.4719
0.468527
-0.131902
-0.957218
-1.04703
0.334657
0.977651
0.825384
0.273181
-0.0620848
0.102633
0.281156
0.51006
0.242011
-0.303011
0.12714
0.734835
0.42854
0.00104227
0.370101
1.10636
0.950155
0.70488
0.997417
0.675346
0.622727
-0.237693
-0.0710434
0.450145
1.1139
1.2447
1.55013
2.08045
1.86976
1.72221
1.72122
1.65325
0.734432
0.326873
-0.267989
-0.704385
-0.692479
-1.29673
-0.822158
-0.0330425
0.207431
0.898414
0.698978
0.517126
-0.0324022
0.0243013
0.0641736
-0.284635
-0.121093
-0.0529161
0.372291
0.602181
0.997234
1.41136
0.789349
0.526886
1.76368
2.07877
1.46324
0.533667
0.675819
-0.340939
0.371205
0.624109
1.03388
1.74635
2.3468
2.06932
0.740841
0.982704
0.643329
0.558227
0.274648
-0.0275968
0.111051
0.833092
0.130214
-0.415202
0.336261
-0.157602
0.588271
1.154
1.38715
0.702219
-0.310487
-0.366738
-0.520185
-0.247674
-0.584714
-0.378393
0.0199977
0.933408
1.37166
1.50683
1.50637
1.34068
0.532079
0.103737
-0.847695
-1.43531
-1.17896
-1.16851
-1.14447
-0.221306
-0.0182846
0.954709
0.60135
0.141798
-0.0079502
0.706379
0.633038
-0.3261
-1.02854
-0.978916
-0.313078
0.961356
0.960071
0.446563
0.221497
1.2895
2.0185
2.30213
0.90982
0.00064958
-0.225754
-0.456703
-0.446865
-0.266138
-0.908924
-0.410727
-0.597712
-0.379097
-0.759939
0.243714
-0.13237
0.235389
-0.0755671
0.278597
0.819751
1.16158
1.30957
0.528146
-0.615104
-0.0421592
1.51575
1.83088
1.94076
0.761713
0.430964
0.851109
2.14058
2.17881
1.43477
0.489137
1.05122
1.62554
1.62677
0.241844
0.62992
0.831187
0.959422
-0.351155
-0.440202
-0.816753
-0.785411
-0.534584
1.04373
1.03006
0.863708
0.658198
0.861267
0.313615
-0.0908773
-0.139102
1.01905
1.37707
1.15047
1.08164
1.4885
2.87268
2.26383
2.17604
0.886239
-0.241338
-0.122805
-0.0949737
0.934616
0.775752
0.493848
-0.496175
-1.02047
-0.423973
-0.160708
-0.0532554
-0.688103
-0.549847
-0.204953
1.0898
1.00494
0.246882
0.888807
1.04945
0.411168
0.265617
1.49171
1.86813
2.06769
-0.264782
1.0917
0.918776
0.159452
-0.363227
-0.909773
-0.580612
1.33009
1.71382
1.3886
0.53276
1.86954
2.11653
1.801
1.18839
-0.0070655
-0.403864
-0.614404
-0.691724
-1.03206
-0.615168
0.815148
1.0995
1.01864
0.642862
1.40301
2.07109
1.61727
0.397445
-0.656183
0.295441
0.357429
-0.133287
-0.996746
-1.26535
-1.13481
-0.572791
0.247249
1.12892
0.885337
0.424884
-0.20406
0.0261485
0.713406
1.11692
0.379129
0.700391
1.50644
1.85876
1.83716
1.9766
0.192437
-0.569557
-0.352071
0.7318
1.32706
0.954841
0.0566251
0.168288
0.212146
0.814262
1.04615
0.437601
-6.83063e-05
-0.295435
-0.801505
-0.0607825
0.817428
1.11343
1.71418
1.15887
0.967114
0.853579
1.85804
3.63774
3.25135
2.21525
0.143331
-0.414513
-0.444631
0.0342831
0.319809
0.508936
0.826444
0.84683
0.410553
0.172964
0.383015
1.6676
1.26366
0.311043
0.46661
-0.180012
-0.504322
-1.03602
-1.20194
-0.984705
0.599279
0.374672
0.414805
-0.757102
-0.0484258
-0.14019
-0.49146
-0.929795
-0.974361
-0.907038
0.0988683
0.459172
0.425615
0.273981
1.23131
1.11587
1.21109
1.59112
1.89211
1.25938
0.770553
1.21422
1.70559
2.24353
1.23118
1.01929
0.689996
0.903061
1.17055
0.594084
-0.400599
-0.230044
-0.27152
0.295795
-0.264872
-0.399209
0.985344
0.940846
1.09487
-0.211347
1.16034
1.04572
1.30332
1.51227
2.15132
1.85764
-0.0341177
-0.795402
-0.633301
-0.251853
-0.758021
0.0541584
0.192526
0.543249
0.821922
0.791637
1.43009
1.72383
1.82024
0.324469
0.153894
0.180717
-0.594198
-0.251198
-0.0603395
0.353678
0.550472
0.420678
1.17594
0.835249
0.56035
1.63717
1.64137
1.02688
0.37518
0.559987
0.0961942
-0.23621
1.35432
1.41621
0.345669
0.237782
-0.115154
0.229355
-0.390038
-0.544097
0.881184
0.657595
0.0982744
-0.393486
-0.199931
-0.216446
0.00205025
-0.404788
-0.178617
0.0493619
0.546069
0.525637
0.478693
1.25254
1.8203
1.7927
0.963575
0.76429
0.30312
0.665373
1.12853
0.805633
0.352095
0.506155
1.51865
1.1056
0.947724
0.246162
-0.133445
-0.0482564
1.48218
1.72551
1.30216
