546
0.344206
-0.20161
0.507934
0.906996
1.25186
0.851414
0.642859
1.31588
1.02593
1.00896
1.68934
1.42245
0.187103
-0.432488
-0.39263
-0.377119
-0.0457566
0.260944
0.407948
0.429045
0.445574
0.829665
0.836305
2.02745
1.09343
0.723048
-0.02208
-0.276027
-0.483466
-0.675639
-0.153535
0.526076
0.781894
1.80335
1.73666
1.43502
1.45804
1.7036
1.98908
2.01779
2.16883
1.4117
0.502826
0.773619
0.950091
0.644714
0.606572
0.706646
0.734639
0.880864
0.857504
1.48698
1.36501
1.19321
-0.0672052
-0.638823
-0.569489
-0.161364
-0.319614
-0.19174
-0.519198
0.695386
1.50731
0.81543
-0.00508791
0.866837
1.56989
2.36043
2.22762
1.36112
0.341153
-0.594819
-1.1133
-1.0044
-0.350239
-0.217134
-0.264044
-0.220581
0.0676559
-0.298602
-0.765785
1.06499
1.95145
1.65429
1.11961
1.05178
1.01079
0.732326
0.204028
-0.321189
-0.735067
-0.252222
2.02601
1.63064
1.28749
0.0322919
-0.385089
-0.434263
-0.151532
-0.833185
-0.522313
1.08575
1.85625
1.32457
1.24677
-0.342742
-0.779844
-0.924983
-0.676036
-1.48643
-1.72043
-0.33413
-0.281155
0.0772612
0.069067
0.489475
1.01557
1.38681
1.53457
0.370207
0.490033
1.46545
1.77215
2.06107
2.54897
2.34218
1.50836
0.779633
-0.829339
0.121646
1.88799
2.29656
1.36769
0.284432
-0.682863
-0.719949
-0.569689
-0.215658
0.768446
0.72141
0.964075
0.0835936
-0.0563881
-0.245923
0.94733
1.43107
1.35768
0.159625
0.192665
1.19928
1.09694
0.702652
0.650806
0.374529
0.5037
0.427485
0.716854
1.19655
2.17025
2.23218
1.02106
-1.13611
-1.23533
-1.04127
0.0854029
0.82228
1.31737
-0.0316769
0.374096
0.841833
0.654988
-0.194256
0.106637
0.0979939
0.298319
0.84339
1.2164
0.739573
0.776435
1.22571
1.37443
1.46235
-0.235217
-0.0266824
0.501289
0.748803
-0.404497
0.486272
1.43081
0.978392
-0.0224282
0.449181
2.01533
2.66887
2.47779
1.7024
0.957832
-0.435874
-1.06465
-1.29387
-1.28136
-1.4502
-1.08103
-0.140826
0.959446
1.37353
1.78116
1.72014
2.17439
1.49634
0.641263
-0.455375
-0.363675
-0.331568
0.416558
1.29604
1.91494
1.69154
0.952265
0.04667
-0.286333
-0.203865
-0.416185
-0.0288828
0.558185
0.287269
0.0757949
0.374203
1.92329
1.85731
1.54463
0.685948
0.38544
-0.0915421
0.159758
1.0172
1.05193
0.144745
-0.189797
-0.312494
-0.144202
0.117875
0.463855
0.328569
0.957424
0.896037
0.853649
2.00004
2.09243
2.35661
1.15176
0.575843
0.221073
1.56161
1.80252
2.08552
2.07678
1.90225
1.10466
0.866314
1.00315
0.412836
0.315935
-0.0629606
0.486344
1.04404
1.43058
2.12486
2.19791
2.27362
1.25415
2.09508
1.9977
0.658287
0.156495
0.260205
-0.806219
-0.833586
0.620014
1.57333
1.76066
1.95292
1.38126
1.26391
0.991188
1.81113
0.174248
-0.160034
0.0532808
0.621323
0.258392
0.200078
-1.03913
-1.01055
-0.223119
-0.0364116
0.19088
0.751711
0.717257
0.00341848
0.523051
1.19114
1.67579
1.78582
1.88398
0.809294
0.981931
0.859765
1.1495
1.60682
1.09798
0.888721
0.394377
1.26505
1.1067
0.675856
0.802787
0.69346
1.431
1.9385
1.55081
0.198253
0.333321
0.124687
1.05384
0.766823
0.288962
-0.217054
0.460547
0.615028
1.03743
1.06832
0.713697
0.600023
0.142353
0.0249512
0.707961
0.729835
0.729195
0.585191
0.216582
0.327402
0.558699
0.703846
1.22024
0.870093
-0.382242
-0.478027
-0.507639
-0.312993
0.932496
1.02868
0.648639
0.0349805
0.311145
1.01432
1.37304
1.76598
1.4818
0.636005
0.597477
1.10864
1.23689
0.794397
-0.219075
-0.205426
0.00280514
-0.351108
0.0891026
1.01225
1.35718
1.92881
0.586998
0.443656
0.180354
0.519564
1.52966
1.02967
0.619121
0.220285
0.396208
-0.122365
0.142898
2.01619
1.84187
0.663028
-0.0901948
0.496428
0.303525
-0.809177
-0.652068
-0.65197
-0.759566
-0.750279
0.113538
0.00533734
0.291662
-0.797577
-0.288961
0.772173
0.983471
0.208664
0.12089
0.231167
0.725404
1.60178
1.48277
1.82027
1.49953
1.29436
0.431242
0.161817
-0.215237
0.757845
0.91772
-0.0136825
0.0934698
0.999616
1.72754
2.65279
1.9488
1.52972
0.314246
0.502874
0.08744
-0.150882
-1.04363
-1.01232
-1.08446
-0.758503
-0.0351476
0.782104
0.589285
0.378623
0.470345
0.995087
0.160157
0.743442
0.26429
-0.375213
-0.421577
0.814274
1.87665
2.1822
1.45741
1.23592
0.700234
0.363964
0.478727
0.209037
-0.527004
-0.166066
0.147414
-0.00954545
0.130373
0.0877415
-0.0463584
-0.179632
0.319426
0.811236
1.81209
1.77194
1.14116
0.68606
-0.145541
0.988706
0.884417
0.568207
-0.66028
-0.342285
-0.0788445
0.792062
0.169425
0.689454
1.56125
1.19718
0.801526
0.239652
-0.820738
-0.584367
0.156031
0.00288975
-0.292241
-0.392921
-0.199255
0.407841
-0.145586
-0.0611021
-0.113885
-0.475938
0.50636
0.915549
1.47573
0.897704
0.743836
0.782242
0.771401
0.0315462
0.285069
0.127927
0.497652
-0.140205
-0.868853
-0.406849
0.68485
1.58878
1.02361
1.65435
1.16402
0.7492
-0.163685
-0.739641
-0.792398
-0.985621
-1.73924
-0.891217
-0.739312
-0.817961
1.02019
1.24316
0.72896
0.669981
0.808751
-0.207278
-0.462065
-0.470654
0.58282
0.89514
1.72091
1.07512
1.01567
1.6824
1.70496
0.199822
0.707859
1.63473
1.30811
-0.054239
0.0714129
0.345372
0.501591
0.524531
0.452647
1.25114
1.89554
1.71025
