182
-0.14981215404811574
1.3984467742571907
-0.572693242632458
0.4017408721876653
0.3137657103807705
0.37963884430337574
-0.8066147021983767
-0.7578448287266523
-0.8885770588790317
-0.7105336137679507
1.604651952315992
0.4125107542405731
0.7183191692522304
1.8085963770842115
-0.20876719910811303
-0.8813548225356285
-0.7990103169850259
-0.3568966290893973
0.3213547899303777
0.16521224220159483
-0.8750033213129358
-0.7169435603409545
4.521913598420459
-0.2903588361016603
-1.2033225492804644
-0.9693593989424918
0.11087923807363338
-0.3046806020702102
-0.274150654702267
2.342171940177389
0.36242808027025786
-0.9459402081010363
0.637546791890796
-0.5773083106261069
0.649199829768044
-0.633666169795179
-0.7411005374167134
-0.5555846520964486
0.29696327306399467
0.23718217606624792
0.008640653713414072
1.3829810501451114
-0.10033218284975384
0.03227998233550251
-0.9393460230791237
-0.9451774722694749
-0.7862115145681312
-0.6306188051782383
-0.7533177449974781
0.783531823817931
1.283297315742489
-0.5994398180667246
0.34299973715873744
-0.5694119767547954
0.05675310142722165
1.4114057461839902
0.35239620109006714
-0.7698354149501077
-0.8960697795893525
0.8288433725308892
-0.01858559357424265
-0.9588703470707545
-0.7323526324088265
0.8968713898712734
4.107623188862369
1.3613140456568487
-0.8482563658527709
-1.0916395536418309
0.39461187675869164
-0.09744005612339608
1.2786990817373654
-0.7855908925298262
-0.7708750724023876
-0.13168517648316497
-0.7583103327242311
-0.5946488215723879
1.6853207634879384
-0.5605639794478668
-0.9886740884003379
-0.9536916800492653
1.567902481268899
-0.10587414520937287
0.7026794424740176
-0.8418036654753888
0.08962193981913373
-1.0396153274559345
2.101304485196636
-0.0885625788290116
-0.6317895928652163
0.7367346485972164
-0.8451821320754529
0.01987743562983653
-0.6187730496034698
0.4663974432648414
1.1801600883414862
-0.8978433345643957
1.0736575656251957
-0.48423636589599867
-1.0474323738346925
-0.6860452411684871
-0.053091305181561604
0.8470728220452441
-0.44712041144022224
1.2732952806009772
-0.07697517062992071
-0.039375477438811424
0.9349475449721636
0.007489688090465371
-0.487987033793092
-0.9894542513908381
-1.0801640202066833
0.06598032453588201
-0.02803839254685039
-0.29848250458394365
1.5206545034146224
-0.859092835891746
-0.944080606277124
-0.508047642065121
-0.10274947619850004
-0.0076614763100212304
-1.184228881294042
2.5696935137257166
-0.4981506416191906
0.8373932481347293
-0.7744694027583523
-0.637677195820244
1.6589204189103262
0.038770618609030943
-0.14069970866214668
-0.08642525243664428
-0.8756662747353297
-0.6459169294407336
-0.8263872545917604
1.305240989389895
-0.8410411278559381
-0.032725204437358234
-0.7708121516352251
0.08050053101843736
-0.4604437170966777
-0.5454274854921142
1.452639619006679
-0.5451256169777643
-0.40813096836971646
-0.654688376269324
-0.3123989335826367
-0.7371757205646182
0.9625873948366344
2.4184112443971753
-0.5843342699511801
-0.4066529277692061
1.2824053415563736
-0.6571749912813626
-0.720804440671054
0.7103387039560182
-0.9919340445277836
-0.8341635246181778
-0.3597480605159942
0.4700477944799531
-0.9022493202095061
-0.8834632347407035
-0.5641209230529693
3.6056186259108367
-0.9499239346850293
-0.851134787956004
-0.7011843703668359
-0.47302077391932196
-0.18112023799796104
-0.2701292264860133
0.3437867520203546
1.894111488310749
0.38291815808308766
-1.055407977613433
-0.7719501862902015
-0.6974645881745138
0.7803908331925865
1.1706991618910267
1.5996976515101233
0.07229200957761026
-0.5206946571890854
-1.0633400457420437
-0.4242812345593621
0.4375041694328003
