182
1.5390514414259078
-1.0441452825026167
-1.001819471610711
1.080314581389199
-0.580992783241954
-1.0432118168172904
-0.8631936465919082
2.8811044720687735
-0.8773510202320849
-0.871930304884906
-0.5426215897886884
1.4287828221114462
0.6109698563732769
1.1459082597869934
0.7020782442202609
-0.8350911549803602
-0.9498001436581675
0.9163754034305588
-0.2644631950054134
-0.48845472165690484
-0.557521255311239
-0.7375302485675039
1.4630626225523418
0.6328458505993487
-0.3006312063533223
-0.9222411489278914
-0.7404509676438933
4.020194190327796
-0.855024923042909
-0.4983467962506936
0.38041975536587175
1.0507811571674697
-0.7916950976906802
-0.9021992235853531
0.6264765587635784
-0.9853277951601823
2.0209109456364764
-0.8043080468406776
-0.2394912844518511
-0.19278150692376753
0.028056318432940278
-1.0079204366964247
-0.5087083805807916
-0.4202309726045135
-0.9029358163311938
-0.007918762017217891
-0.43864001501272765
-0.35453115008599934
1.1367932050154945
-0.7786886835487669
-1.0716754423706452
0.22134673025618315
0.751024009644577
-0.5877393384564634
-0.9023751986228614
2.801298020425029
-0.5868075158793249
-0.8812836134799988
-0.240295636399037
1.1585363877021864
-0.6420224025601089
-0.04782522794662188
-0.5478219127153556
0.09856788768688218
-0.7072562893298299
0.2540180328494477
1.314943376802446
-0.9857839804890719
1.0452481857500475
2.403654553624265
-0.968268494276665
-0.9388920037450195
-0.7782237882383425
0.6857994194088944
-0.7407297005971787
-0.9427293526633383
1.65556989798983
-0.8770794972191777
-0.8209356159450392
0.08169672784514262
0.47605364472562917
0.42067751469396086
0.4174358587341272
-0.6669215032282233
-0.1376815217623442
-0.6642480972161968
-0.23066686553360985
0.7047448398630894
-0.5144383872195163
-0.4784559357247379
-0.45682866630133584
1.3755182111232853
-0.7812729742467112
-0.8239179221265557
-0.7809601614838734
-0.10634843517176591
1.670963845490237
2.432937976409061
0.7511007388544015
-0.7265020373896245
1.311791414144641
-0.857993334334034
-0.37474374651456627
-0.8838580691982679
-0.8094284207859148
-0.8168160009829617
-0.055014684176860444
-0.27235269564515713
0.5551057328860427
0.6742250506802455
0.5046958830783891
-0.398597661706919
-0.5169737434962696
-0.7737244077244106
1.108269019104614
-0.5511676388181486
-0.33700473504452555
-0.13565120208513134
-0.8966287214404444
-0.039418710935317895
1.2149297186911827
0.08158678919928723
-0.9286557662237961
0.2443922164271679
0.07379066642321276
-0.3007219406242179
0.01521161547941762
-0.8209238685943648
0.11068512806680658
-0.7819743935713426
0.5375169162378016
1.0954069563415239
-0.9282372673868269
-0.763797254275592
-0.11756270385369867
-0.6625505622252893
-0.8412772760131964
0.815954768024355
0.5792318492437096
-0.16335116949549464
1.6055691459721204
0.2957837991608237
-0.8340880438648243
-0.22678246570360389
-0.6995400499036476
-0.38858880342708907
-0.24478704996637513
1.1691327220917471
-0.8400903358010762
0.1297749219597568
-0.6920164099635873
2.170840588123197
-0.5707853325514309
-0.8967573611294241
-0.41386903417973214
0.731245710533056
-0.6429790321379866
-1.012530173029653
-0.570365125819405
1.641117247650516
-0.020012444748431557
2.2795410099975326
-0.7619635044587602
-1.1315615945886524
-0.8165640775252596
2.9609253003432694
0.6905481704708837
-0.543994338400261
-0.8387614111907328
0.13195102236886283
-0.5857877249675049
-0.8168312813417349
0.632701542849065
2.7076107858436345
0.4078684651884991
1.5443510602615096
-0.807011753520936
-0.567675220045686
-0.7472878636477895
2.3106449322285263
-0.7374660898839629
-0.33495282973013885
