546
-0.9682220297297358
-1.1417517001348347
-0.4085599562736548
-0.7642839893292497
-0.47530868074110266
-0.5750557725826786
-0.5066194458164544
-0.8002039514114786
-0.9723214405651621
-0.9863358573893631
-0.9526752894464281
-0.7803781438721298
-0.8989398404126775
-0.36829174914157686
-0.5480985008768211
0.19121803648694416
0.5701610828499929
0.23384189994204543
-0.10963633691156768
0.45421186125921875
1.676855064333417
2.13719192730225
1.7038823106923238
0.5652402777264571
0.325778179470056
-0.05233921233672317
-0.3242188345832742
-0.6650886105167092
-0.7137344253389512
0.08888097238821652
1.2019558095750347
2.0809135510112586
1.1478934385084143
0.8775086344469155
0.8300481894412783
1.281864535503462
1.1452722896137875
0.5695506163992167
0.45963290934456674
0.8338184645956178
0.7627251472764772
0.6769193912482452
-0.49170459406765077
-0.6718584851640509
-0.7877943645615931
-0.25485986438106556
-1.1579656327918153
-0.7970325137797996
-0.7499413574238416
-0.392939795783533
-0.5084183116955847
-0.566411326255581
-1.2191730126863782
-0.9673882330347428
-0.9400573795693901
0.36290252570377124
0.22936894650245748
0.6686634148193488
0.8435007619954968
0.06247656858217397
-1.0964427351105763
-1.4816674349973298
-1.1893776822916902
-1.1078327552753697
-1.0614550148422972
-0.09578161194513936
-0.15286583859106923
1.388646279862848
2.3702303230648076
1.8883443755789493
-0.30604949712864243
-0.8969786530026981
-0.8636750406878828
-0.46683983766135556
-0.42603224646545407
-0.8266206744579951
-0.8134141881826692
-1.081891602013747
-1.2027010881738533
-1.5069168642016344
-0.7388749892797424
0.6411145440082235
1.6100208940637146
1.0723587948497477
1.05498508790829
2.5582230532072523
2.2235748027980766
2.127783408791234
0.35631118022590064
0.4118903242845375
1.0562890436405112
0.9829027714339001
0.16354612128166196
-0.5570911298587332
-0.34716898735168766
0.3494074394314817
0.5773988439688185
-0.23339542170650707
-1.3540599598082272
-1.384427703544989
-0.8996476531414878
-1.0293798480465624
0.9762804179081199
0.16425066245206574
0.31570617026759784
-1.2917370112132625
-0.9965719897105697
-1.0506232670236049
-0.10239681871838585
-0.6542754675913437
0.753299499145497
1.806458049243734
1.096470683608349
0.6474744211550209
-0.38633954964303957
-0.44397396351229235
-0.9347105587445235
-0.823832581708147
-1.5194977303129895
-0.6841436993051445
-0.7506984081832103
-0.9891990178867763
-0.26182949431838454
-0.6337372227540862
-0.5700242965054244
-0.9940852359327423
0.42173114521883026
0.5643629006838464
0.8014460566543343
1.0908115827268425
1.5609105480359438
1.223340635736273
0.4850733748644934
0.2371760516976189
0.09992583003518146
-0.013538627457178065
-0.19046933151135143
-0.610680374447317
-0.35736038475123744
-0.8327482065169605
-0.5954572057333662
0.02842867962269156
-0.25519877695868787
-0.10682332070644111
-0.3858288135623228
0.13870157546972584
-0.4784267101990617
1.019818173377104
0.27241521055675866
-0.1079662165003619
0.45659548432636027
0.0012017290410817878
-0.2440318139309164
-0.1540792758090217
-0.5359926740904657
-0.3933014284320012
-0.4751478914916988
-0.42098594907512593
-0.9899277442723945
-1.0102662177151196
-0.7246790836675275
-0.5161614972743112
-1.2066014289393079
0.9884092355482259
1.609990743042519
2.101943444109362
0.5121102579194123
0.5304810338489099
1.867927352489127
1.6472692861266989
1.177088999291061
0.7451561302845665
0.525466640204672
0.5370800902835182
0.07654656511885613
-0.05086140400591976
0.3620743311547331
-0.050657786445439744
-0.2871589839411268
-0.2954600851189026
-0.18662851081883733
0.6315218954776589
-0.13995923991275488
-0.10891592014307276
-0.9010890464047183
-0.6209619081568691
-1.18657059517455
-0.2858734185925648
1.3545539941954565
1.6705324570245523
1.4053860507099127
0.7630631504598699
0.3939698885905196
2.87194496506563
2.5413063232619133
2.3926052736140324
0.07707843151054351
-0.7333813333696836
-1.3616443412595933
-1.5452526523718213
-1.758546682393743
-1.8586772845173003
-1.841621767353534
-1.690935590987579
-0.602212028547317
0.2235588397319895
0.8933612049722298
0.25541100659794813
0.181701206696033
-0.7535349583167479
-0.9704125478389278
-0.24860810038137637
-0.6139222205301655
0.030045833375403487
0.732810281225552
0.028516445031475258
-0.7904640602712124
-1.2110276032075182
-1.1242143949448467
-0.28190975216306396
0.4995821544407092
0.11582548129816889
-0.9823611221598049
-1.1593348151693061
-1.0374319458069523
-0.08414564432923162
0.9065686594831671
1.8816881292358993
1.660439994661399
1.5615083136532104
-0.670169543340743
-0.4385400180045384
-0.44215439918610117
-0.9151188064608462
-1.126356588258316
-0.7647011598106035
-0.44607645080019964
-1.0428501760271913
0.06012019161141462
0.8012006609344863
0.8974146341933074
0.6361380445744537
0.15576129395434032
-0.4606552350344936
0.7095209312962533
0.5370363614649644
0.3734965905165334
-0.6782457909007673
-0.987093119656496
-1.024457450754392
-0.2560431673167373
-0.025946741067080153
-0.22806492429318925
-0.47730286648720854
0.22482790053334267
-0.6376298742515499
-0.2952963337543707
-0.2793599776847704
1.6825823663809156
2.217337656899176
2.615611354206995
0.33582675698438785
-0.4172686051108199
-1.5989804001637256
-1.389699604296758
-1.3906735758184265
-1.388243228271943
-1.6448758274563637
-0.9861390881749986
1.0677454786096563
0.8827619844734411
3.5024193690145102
2.5636091559610423
1.9588131791066767
0.019707923169868805
-0.9588331960173515
-1.5914520614645238
-1.5122715178409802
-1.7489817550462514
-1.3420547746345348
-0.49799102285288627
-0.9126213702035386
-0.669573660222876
-1.0001433037789225
-0.5442310428784205
-0.30330682951242444
-0.7395848562025781
-0.9191338731236861
-0.3075057127793106
-0.011919142108933474
-0.010411475109411502
-0.4592170115959319
-0.5909111684067283
-0.2962329474016103
0.23203741840136008
1.3783965732798604
0.6004625728977454
-0.6981053300453861
-1.1939877370434564
-0.9874613615715309
0.10701559231222554
0.1257585553877312
0.7853966417493027
0.09313004170381203
1.34168638978982
0.4014148338612126
0.4173049177885311
0.6987438333520095
0.3249169069432151
0.32871814512198483
0.26207248932209903
0.4747498746959383
0.6056263879896197
0.3860335070231222
0.18079035603755514
0.1316006539963315
1.0968893721467265
0.24471658210630184
-0.4999415502550105
-0.23116339848866746
0.7217074082637083
2.524711700740876
2.0996860498933447
1.7880843057026503
0.08178879667273777
-0.46078964660011484
-0.961943433390639
-1.0803255761578556
-1.4975563018507962
-1.4446891586332882
-1.2731108135044382
-0.865960620108125
-0.8361559626361538
-1.3157466201664902
-1.1744268530186481
-0.4535643238130706
-0.2312382917701229
0.6728882857196297
0.5299175420385392
1.713229643156469
1.5240123900784137
1.3768021167698077
1.8275511464858452
1.003644537005756
0.5139726798265062
-0.8377065293074697
-1.1969077500548202
-1.2915352020997917
-1.17813948967434
-1.5254522200514136
0.1772589145139979
0.5524680506974425
0.55741747802903
-0.7369242083628582
-0.7551599950729014
-0.6091637912198191
0.15940202257303943
0.5193257332265881
-0.08450975249496491
-0.45623844187478363
0.38127635892076683
1.0808032813711437
1.008549878745256
0.999890875301376
0.49869352571570563
-0.030580059239910994
-1.1392873100836944
-1.5140606065420865
0.9819430419994764
1.5755596573587238
1.334897107941648
-0.6116399993493162
-1.0378263626125535
-0.5136239811804125
-0.4832560200542447
-0.6617798164114617
-1.151766756521529
-1.3772850103208663
0.3576351944611475
0.43468545905297257
0.7714496235013611
-0.28921391459903484
-0.6993766765991798
1.326101245567514
0.4687808756689526
1.427169506250499
0.33655498652686755
-0.23428915621967017
-0.05234030497906893
-1.0459746053165686
-1.0179552400414162
-0.9294588476251122
-1.3133799497144034
-1.576754981547276
-0.8305517351417816
-1.0324464295743798
-0.5143851525636621
-0.18924303126345574
-0.05708421769027445
-0.1805811493321351
0.24475693946549426
0.17240478377494128
0.8749588826322199
0.04033169865362443
2.4336903766709215
2.516413538352542
2.110914643409561
-0.2337821194086569
-0.4772762650536819
-1.0009122501531222
-0.21603795962320016
-1.071238794838828
-0.9478743480031021
-0.8287170016907816
-0.28100744340013956
0.19118081698486228
-0.016912714192033673
0.009846150448965628
1.0368947508345998
0.5103729717164693
0.15612205102959284
0.7050817032397291
0.5576696438201512
0.2787517718707013
-1.0946922812971538
-1.3243891755641135
-1.077413044478115
-0.7536827226293137
-0.7879801453359007
-0.5272647517155686
-0.7029058650671136
-0.22224446983093465
0.12780631565296985
-0.46333854571516464
-0.034613490706932655
0.36716514060203714
0.5427745395866351
1.415915145237192
0.5018530044914252
-0.4616257242428637
-0.8434518163562333
-0.9299138894741129
-0.4426911161046648
-0.07918544009439148
-0.027562286223411198
0.09071274700730671
0.2041795645741517
0.7181856164048214
4.048104971269406
3.1323733783280825
2.595355178317373
-0.0803656016819906
0.3947807740480244
0.3965471313660796
-0.1744077370981939
-0.9337600651000353
-1.5422323235585123
-1.3618099850439545
-1.4219945238144522
-0.9708565689648176
-1.4860925077352152
-1.0028344464545538
-0.5961144513204221
-0.1275157772703979
0.39896845912797335
1.0656127538501388
0.5993383242416631
0.20347146915932857
-0.29448650285151695
-0.8266463393822492
-0.6855341774610474
-0.5158874429153222
-0.4205086108908577
-0.9677856004069711
-0.6174629043387708
0.15175838038628048
-0.1493552261080088
-0.25590158599084056
-0.8163982171544106
-0.0587365226376832
-0.17973984319523303
1.1342921423031072
0.6518402340692806
1.6861735926129815
0.47576189743623454
0.6894582012116206
0.14937393728848705
-0.06345967839408677
0.4622544040067053
-0.3959059288558877
-0.3656697070689998
-0.18274624155953295
1.1120693449363943
1.122742548490438
1.4471949753447937
0.7207731610150677
0.3704790012709781
-0.06780837483858228
0.03732834877280908
-0.2779974964487867
-0.47847172311274716
-0.966290385486024
-0.7925743333064447
-0.3757502664358473
-0.9576535236421626
0.5569041642055835
0.3513309289582736
-0.015339763610954342
2.192538274215882
1.451360462111834
1.6859611640536196
-0.3222148157120913
-1.1233143657832976
-1.2775205162702055
-1.469239502158614
-1.585458172490853
-1.472531880116484
-1.375136418834834
-1.4814977336143738
-1.322715689190139
-0.5958449434829417
0.059667353843559874
1.028471749477013
1.910369733899517
1.288895799785443
2.4684968641187273
1.1256593675164337
1.0364423642668905
0.5510226447661126
0.6121057909450521
1.577283843432848
0.9026069175958635
1.1750980507958677
-0.05074043458712422
0.44691477403148305
0.9575069640288886
0.7589011437855432
1.0992284015689224
0.5814981254201065
-0.188993686291888
-0.006032548910271412
-0.8163230371129705
-0.6593728089503124
-0.12006952616841249
0.0162674219052706
-0.182026077116474
