546
-0.6638954493680385
-0.8794290290933603
-0.5691327926338924
-0.9692015351804601
-0.867647092082483
-1.246371674027665
-0.992319533528236
0.48567070831752507
0.9026731986072343
3.007273561917849
1.9925134260365351
1.2930042231785908
-0.35695275969099904
-0.9090130048103076
-1.1407632525661742
-1.2681594538296654
-1.4980295868109936
-1.5885146630157922
-1.538326235364827
-1.1612389897813953
0.4620715329284053
0.5512359616667287
0.3629312215880476
-0.41554999058270004
-0.3791016444117657
-0.48736624927744054
0.4544961192749147
0.11243489572102044
0.29387002898768516
0.13152956467073432
-0.22893041355646665
0.1780755227798027
0.21740371488441182
0.22291598990755634
0.04823911914691928
0.5428292370448025
0.0481238600060604
0.06917314162514304
-0.150159586045975
0.3613005860362529
0.1716524682326028
0.6498807484078044
0.08478657275765565
-0.03505605719316676
-0.11944468899558497
-0.19747300206130908
-0.1513156979524727
0.280806026476311
0.022242745260609667
0.032710786911928684
0.9228462261568303
1.5304835597686401
1.333033022853504
0.6281194004269353
-0.11172551933358026
-0.7100380825427038
-0.9777402435984932
-0.9368808379222427
-0.3624493824606937
-0.3205980412131635
-0.06154777640816175
0.2764149250372842
0.0036545738939898417
0.27388424781149856
0.047573000891870644
-0.8400937683009965
-0.3590392780276673
-0.6984909767221
-1.0737457405090585
-1.2047078665415771
-1.3292346765304324
-1.2333471454349787
-0.3053921588588298
0.4404146692104845
0.017259662648144013
-0.4628904769140674
-0.6378166996206712
0.1472363708272015
-0.3783692176697628
0.3724839467697928
1.2237512711201446
0.8791511281167571
1.2721472227995845
0.3859567186787643
-0.15366463291010593
-0.18705257136508424
-0.2015091384315293
-0.016979664968242686
0.25842124463375266
-0.2779073560490664
0.32528969696396276
1.4160559056804554
1.5378677206860272
1.1538237902544208
0.8518942504569688
0.30062315341720236
0.5378010687539595
-0.8139289856707734
-0.6264936339918608
-1.1895020779535652
2.1884686113380143
2.1173037969777995
1.8302223642278892
-0.15041899290265512
-0.4449724812389203
-0.6622949468228124
-1.264222766709271
-1.4649482984987707
-1.453184644942129
-1.56974013980972
-1.4049606736057612
-1.4681076106514426
-0.9575681458634965
0.6113753332509114
1.3629331255226702
1.3000730577401265
0.9961614310528043
0.004358313759915767
1.1349625259889227
0.7204185808193811
2.717902478259151
2.38773108309794
1.212004613108656
0.5304751134860275
-0.10887214291470995
-0.6925740017092801
-1.0886146889403148
-1.4122895749922355
-1.3789287157183274
-1.4089806088040966
-1.004608467747816
-1.2337487007424548
-1.0755715725461874
-0.5096299582676456
-0.3904712072338069
0.20805739821264865
0.07833220744680014
0.32924953354474246
0.11320089623689764
-0.4051325415658861
0.062325608903582276
-0.04608531013442769
-0.3937029497034358
0.10052635398053444
1.5720605125973544
1.2124609311905672
1.1450273772536537
0.21222144209033728
0.07894822135337796
-0.09907313940586888
-0.6075537983658755
-0.10402855318778326
-0.495824810760238
-0.3772876278728878
1.0881804288029437
1.1410490625124148
1.2756823586806616
0.05654532027276015
-0.10754916881543242
-0.880959443805935
-0.9105813631012746
-0.8081449407240633
-1.2919713757535878
-1.102295176519111
-0.2521982422754403
0.062227625749002105
0.8976137840723382
1.4768620654579685
1.475069142896349
1.3017492990500856
0.3484511806367456
-0.168525308769476
-0.579940115377461
-0.8179159995871715
-1.1993398815196874
-1.1043462831693347
-0.7642769635062573
-1.2372381625145208
-0.6230978262657286
0.27423465350977183
0.4873695618256962
0.4640293294237279
0.03420465739651388
-0.7374744316436667
1.0250644427317006
0.7936110199145098
0.6330999343349522
-0.2668954710231389
-1.066642582911496
-1.0403510999041492
-0.829915086414963
-1.0461585293015592
-0.401974055159774
-0.7336600514829896
-0.1670049453038309
-0.6873377623142327
0.06441081706388688
-0.011312945269769432
-0.11752786750433013
-0.005485326311765847
-0.33979663352235917
-0.44152486283140413
-0.4260705826811415
0.02759567299515932
0.39665527327977995
0.47491360277042616
0.3495257749245612
0.19332800000198505
-0.3346726010616962
0.07047650187135443
0.14050991562342005
0.7562395037391452
0.40220115933679257
0.4450294665378678
0.3679079455908481
0.8334460124295028
0.7370966068131833
1.9890355964210924
1.8510263149040844
0.5987154251400266
-0.9089272612094873
-1.5967582528001785
-1.4944740075098069
-1.4565386822006152
-0.9021807686059717
-1.106533762187074
-0.7490360332732539
0.8075981458563403
1.9808745915223311
2.0645696860042646
0.576611730083935
-0.05265906576050704
-0.3646568691738875
-0.3661798257971398
-0.13221439213198236
-0.36307671000183894
-0.5558531293242222
-0.7165792658511422
1.1638229799208908
1.4843173586504634
1.274820115831568
0.6570402758970847
0.09027973352223065
-0.14530702184683064
-1.2642848793020374
-1.3926615952947397
0.7397152016001297
0.7865867985995797
0.8745035761702187
0.7583340558792837
0.6721379604930263
1.0151881671493854
0.3277930085223507
-0.5757545394042832
0.7705057334371276
0.9091739216655804
0.9155156994659879
-0.6753237822967468
-0.8464671901042023
-0.9215480961161331
-1.3435874169818545
-1.189760080219649
-1.2654841352001849
-0.7967417178193662
-0.9020321578618844
-0.6341453923956196
-0.6080108885611659
-0.6338440535440161
-0.7781296968985716
-0.5824860758831945
-0.8748606243172777
-1.0640791140293229
-1.0697224633152975
0.3338655203859181
0.3172151979248536
0.5736605341611486
1.4615210805899057
2.707372807419053
2.6192777524833866
1.8237195658772418
0.12243581953266522
0.02296453336806584
-0.6275733113822156
-0.2675820084534248
-0.1736168392072405
0.5183854018524434
0.37452772334883067
-0.5113417213921744
-0.8342940625780098
-0.5190029439143194
-0.022828911010562454
-0.3615769267633156
-0.641059666905791
-0.9142279892513846
-1.0104681155990114
-0.35395750367331297
0.15515710437369318
-0.073767661080196
-0.41182736503901857
-0.8417864391087313
2.5899872208824695
2.0997126977781737
1.8817487997829712
-0.2502571747334523
-0.75111173981606
-0.9339345788924385
-0.8364273899372905
-0.7871390469284631
-0.8585273891327485
-0.5454320482532665
2.2280417209342795
2.221552003905402
1.8304979167865203
0.4449089173775938
0.30001349781760245
-0.5588105778918835
-0.6927921792065896
-1.129651840266712
-1.229168958198752
-1.1585533754140036
-0.4710203186898206
-0.44506757043669976
0.20727072142148295
-0.43652398618256816
-0.15555051407397325
-0.018989221975729477
-0.07599157045764039
0.14506550504375484
-0.4651405363776904
-0.7222996655774553
-0.7654358962246864
-0.9246313091627826
-0.6057078176726524
-0.6754977370772656
0.15241760868113166
-0.02918023529177258
0.3153198448996612
-0.4030669017037003
0.07529315437253593
0.9308456063433852
2.2161713044927045
2.201347673147219
1.9735723391232316
-0.005153703338949727
-0.22099665730638973
-1.0059292483516278
-1.256389995048527
-1.2673738295600776
-1.348681635374108
-1.3351402784717386
-1.0067519504024716
-0.694286512093263
-0.7692900568892072
-0.27590108569206945
-0.010646260208973855
0.5725921784463455
0.2659861106819758
0.6760672781548792
0.3090745601006815
-0.6217202513511818
-1.1479940895572667
1.9867135782542604
2.4849845960790278
1.4308680635971687
-0.45407984036423826
-1.0901533863778496
-1.3462777931954786
-1.5721921829172525
-1.42965823855081
-1.3571388407673035
-0.9346174162583422
0.23400679086908846
2.427973290890229
3.3493176782410674
2.274377955442213
0.6319036406676861
0.11888085794300804
-0.8954540377454185
-1.0137608828656723
-1.3596563269629856
-1.3434061711004461
-1.5166337003440964
-0.9907872783400203
-0.2908497950621531
0.4731029424493729
1.3187178408508111
1.0116754487081172
0.8584061107695522
0.042130347545067795
-0.2287143723503381
-0.4765172822206929
-0.40569305603674244
-0.7081743052914613
-0.7370058008150177
-1.2145911642677998
-1.4081999795647795
-1.1934787981052257
-1.196374634233526
0.020894523928227268
0.34635474129108457
-0.057952342949297665
0.1288735432332911
0.02751294662037701
0.27481804546688404
0.027711268176059553
0.08463938338171385
1.0072375253319983
1.393526574895665
1.2967608640192387
0.38874111993600236
0.9055082988450575
-0.03695938843638329
0.5653325455710249
-0.2986153801661963
0.10297200946985936
-0.4118161009552486
0.23248862279676452
-0.4136133303872687
-0.5493838537751995
-0.15182452978565297
0.0875444767659904
-0.013234807980237772
-0.43276539622677984
-0.2795223210240695
-0.5069782793134257
-0.1643349760253915
-0.8632892952320139
0.9750983301045661
0.3439501219511437
0.7737431294864763
-0.8251185057250003
-0.5983305061740662
-0.19629927752327564
-0.439324401722806
-0.375460339901396
-0.015534439335720535
2.9678043206283458
3.1418901071328738
1.7543167216428155
-0.35620909429414066
-1.38302726240165
-1.3970570430666676
-1.4870814154917253
-1.4980863186658913
-1.6455771278524485
-1.3385075486448197
-0.7499532359374911
-0.5505504459887247
0.04849158510571676
-0.13382589887605595
0.8016201661236719
1.0659998327270301
3.3632973871538288
2.3997678905565456
1.5128384093568223
-0.1526870071208767
-0.1953357831686102
-0.3966701101246907
-0.681887996404912
-0.6613488828122802
-0.9221322451845593
-0.2937884348205713
0.6095577107240463
0.3934254114440696
0.03298821689344842
-0.2715912036181691
-0.19799331309759344
-0.3910341203818168
-0.8022706774763022
-0.7589571231423693
-1.0106276996486774
-0.837569324081407
1.6231651896981825
2.9044274949388664
3.0272772773707852
1.2902137453731215
1.0415998566880893
0.21772140505946055
0.12182490358271406
-0.022983986741339852
0.12264010391754322
0.42150056254275836
0.12618219914170214
0.1014347893025989
0.1065155257818323
-0.03874594255659797
-0.021654697858941484
-0.5534788620538703
-0.9012854504996641
-1.2845448793597607
-1.2281578265048867
-0.9584089752541215
-0.6554646276255393
-0.289410909904061
1.2014685284733457
1.5422757795060325
1.893014891529206
1.6814615973214224
0.8463548938745066
1.638756686392532
1.1688991659840393
1.2198240418461963
-0.6115452303821812
-1.0450299439795847
-0.9510140166895257
-1.230569831800095
-1.0062040639475478
-1.3575770792356556
-1.4753203338152399
-1.0318876095915992
-0.7445793677545549
-0.41834402642101326
0.7348578992958475
0.9252402374291298
0.5959956602933747
-0.12958408145726683
-0.06767025195688717
-0.28668029181154747
-0.4206098385954198
-0.24917579896879535
1.3385412871069309
1.7550389585015127
1.7558186926696013
2.535198479275256
1.5179924756304497
1.9102302612194726
-0.2705021314227549
-0.37981980413433064
-1.1989142262164225
-0.8309011774260671
-1.0928819915410213
-1.1335264420565827
-0.5852678744019372
-0.20136069538167706
0.6167296795692709
0.02305895600021148
0.0201410724884523
-1.0353538584607191
-0.6723021709314477
0.003139326765119776
0.19740543331393728
0.1864482515296278
0.38811575949423194
0.786364863288851
0.5267048346817889
0.2900821109422655
