546
-1.365572884053304
-1.351915946806674
-0.9155444029858539
-0.42774071703853556
0.841472703389531
-0.8134112556690913
1.7330146323707474
1.6590239757801024
2.343520181980697
-0.4806295155392863
-1.1277903882441904
-1.1581609344293737
-1.5229189151973568
-1.2081434153669552
-1.1493291142221673
-1.0198525077713951
-1.488930945181468
-1.3176722653318853
0.7191192677998912
1.150456812632723
2.456925001118235
0.9199983442305527
0.058698532949247845
-1.5859271009740783
-1.3800808023995086
-1.2524009323555425
-0.827274108925297
-0.25124231623443455
-0.4464810001417301
-0.2612377121502508
0.3495646875993721
0.22287253837013224
0.09423138741503241
0.2079043985294459
-0.3350435260379038
0.9039829181930221
0.3621734955494591
0.40646233389710695
-0.9738813589264619
0.24296696386934946
0.30400778303622583
0.3511610209056835
-0.366901247878161
0.23747187556959226
0.060523401792832866
-0.19794950071656572
-0.8072129974564911
-0.919935929478978
-1.0739493402759817
-0.3586893192381085
0.6489916713745649
1.0974757530418764
3.1071053711067984
2.7654666013565974
1.7461007529933696
-0.42877216060487955
-1.2783669793483607
-1.2176494683007404
-1.5169414506055332
-1.2132300905955473
0.13859862542744378
0.37877538214262035
0.7097633477846492
-0.441447948123148
-0.597488595262495
-0.8656544942050803
-0.8577030236186651
-1.0111998434849288
-1.5227869149608502
-1.511567858985285
-0.8333674441770301
0.21724672672372725
1.096466931188443
-0.06458663981383274
-1.4147110808936538
-1.1670776243069136
-0.8850183697294569
-0.7115409737078009
-0.4472754130242339
-0.42281636530420375
-0.6243837288588842
-0.32558273424790657
-0.04300670677896093
0.09993601454378598
-0.3906048992534042
-0.3802836600999337
-0.7499068613233867
0.9716916581956847
0.9362156678466412
1.429119925275609
0.6977567368639014
-0.10843729879264595
0.7063931181843678
0.2450013738864186
0.3867226259872621
-0.6610781137672663
-0.38478114621238246
-0.5572798972016462
-0.6045962741171499
-1.031261955247236
-0.9534506098271814
-0.5479937779120567
1.5206174620630393
1.0737199100127053
0.770554772858349
-0.33241390081710875
-0.21630009128589944
0.6708785809663975
0.7706906706699307
0.14647788511760554
-0.9881980977484942
-0.6426991400710526
-0.08289034097036951
0.3883816644757838
-0.03382733133729611
0.0931992679741656
-0.31765641541883477
-0.03157400539983986
-0.36468288205380095
-0.38026501934909185
-0.628215891492067
-0.9640841163372116
-0.751685683528858
-0.8131527695891889
3.427589110264324
4.33802323601395
2.4609015890075305
0.7131282739273928
-0.3574968373531371
-0.8772309809901879
-1.1250825608143582
-0.13082808630140655
-0.02513107527045491
-0.3917754564895024
-0.9517294650654452
-0.11864733515616666
0.2507999986813642
0.7015156477765089
0.903157357907532
0.8892028854979498
1.0810647827150084
1.0950009985648932
1.2473675197354879
1.845409921000736
0.9074803532200648
1.2736180573405478
4.37115739583659
4.205793163397625
4.321486302303417
2.776929353291089
1.3716303730592492
1.1690717271975302
-0.03888609028508968
-0.8685263919537559
-0.9428378738710792
-0.6801246172641603
-0.5409714481536221
0.25589024834921975
0.3066349477300183
0.38258133339132855
0.23842490500126964
0.16401165634732706
-0.3187790806495188
-0.4968238829137067
1.0400076485931002
0.48976966413566947
0.16132693668946593
-1.234408542727757
-1.146890704720495
-0.2843803572376194
-0.4449248901351708
-0.029887834542432448
0.90358437337493
0.34639943477930063
0.7810360438579574
-0.8800849937378994
-0.4296417739181766
-0.6276765670447889
0.15598516174004132
-0.37866385180528683
-0.07746006730936662
-1.1404732799196533
0.5122153067050902
0.12776120352019152
0.5057119281708301
-1.1556647221216998
0.5448048407437596
1.951536482230145
2.6077509828157197
1.3089244143116263
-0.06790562802214747
-0.9512498466084102
-1.2617847415119907
-1.0666388464805672
-0.14854175590222088
0.2890002620101181
0.7926855444230468
-0.6737345494438524
-0.7059367988518369
-0.8794698404574711
-0.9456816155752562
-1.2187709333003507
-1.3563453266746703
-0.8710944270857239
0.09494180821817838
0.021989933868469008
-0.14193630764449516
-0.5102320494137239
-0.5071523524340863
-0.7955274270685379
-0.43975996832479236
0.06053305545303037
0.8286367511686921
0.8096121345653288
0.9303322627305902
0.876638925782865
-0.4062939363041652
0.2914800676611825
1.8052249313968975
1.843645837887777
0.513165515398643
-0.31994479962758454
-0.21299711728768955
-0.5350207417499209
-1.3417644010545915
-1.7537266687970374
-1.1133376135694284
-0.9007562799788535
0.8057522963334629
0.005758981016225542
0.4184749816610478
-0.15852991336619404
0.1256972679793292
0.32964592605398824
-0.5991636139348516
-1.0691504585675489
-1.1757428004628951
-1.1289720146683742
1.8093771138024302
1.4343085086174012
1.3157453292039825
-0.1250324407644756
-0.6794108963319878
-0.9858702204544536
-0.9255193619137312
-1.1178635222191629
-0.9213867931629895
-0.9022305184510132
-0.7218260969370239
-0.7052779175496742
-0.8860985956782984
-0.19415141330056065
1.7586132959163583
1.9978222458628665
1.4626706774379234
-0.7171130492395604
-1.33072742001122
-1.5658987315829953
-0.7422215230235362
-0.9535270129380609
-0.3654011314639097
-0.1723560900574003
0.625254641054359
0.42045573339805176
0.4452484065673246
-0.7892431290339128
0.05941362353748674
-0.03764248880913454
-0.19276833911016045
-0.046998266948531
-0.28667757942823363
-0.38161217794083835
-0.41449812364243277
0.11128267373695773
0.6267360473448351
0.9683573427194712
-0.39569105333814647
-0.39546451863640136
0.0901163210070335
-0.12641899809993054
1.0456209764306488
0.4140829477434939
0.5513215464712586
-0.5821811889029491
-0.5726280285101127
-0.06564294032342155
0.19340200390114698
0.6536928903496583
0.3175699960813176
0.4301869983874759
0.17532687874450315
0.5382907133595278
-0.4059656307693693
-0.5838554543589788
-1.30226364041537
-1.21149274031513
-0.7970885411594811
0.3119122521957928
0.35423140625970373
0.55665126760891
-0.588579522354382
1.2799566477994713
1.4784688929276542
1.9086177417965862
-0.5548571624402628
-0.867775073964465
-1.3668919677182918
-0.9352737862220729
-0.7584334091687716
-0.321954899524256
0.09189513245749885
0.5269787191054331
0.8434741829468142
0.4446403876332805
-0.07191634442878238
-0.3115265015646809
-1.0319164279835575
-0.7087435013513396
0.0317828716915983
-0.1831565901760276
-0.2251429494744371
1.9543169161254332
2.2378115117061066
1.1237574602465819
-0.7643545055776872
-1.3896946465225164
-1.1726250265619862
-1.1311067338033274
-1.5751894866619829
-1.403956743177228
-0.925260403318752
-0.4286760826576202
0.7291471522067428
0.680273766308811
1.5981550947508794
0.43020835803714
1.169443630066797
0.4983154787020217
1.6788536329889947
2.1543392608875402
1.0333666917834472
0.11516951383254172
-0.0009441395741755443
-0.3988368747452624
0.1865775298404354
-0.8369847071176728
-0.7996176328111764
-0.9593348559681375
-1.376602301436107
-1.47536621300923
-1.0355016121294636
-0.7800514737693122
-0.09918399106650315
-0.605575319033621
0.37677108533486336
1.4897303749116133
2.134306796543241
1.7513906285783984
1.2534211165128568
-0.1226743283709961
-0.7281159257532561
-1.082152054136386
-0.7808040728475298
-0.5657956077739736
-0.6975760388329749
-1.0058734124465434
-0.4088050692790417
-0.12239749187214169
0.9761871767594885
0.9432563689787992
1.0824940747616336
0.3692380646233688
-0.4180242157764157
2.597044044846707
1.8875474584090246
1.8854773197978425
-0.3368225904713404
-0.8742444766459505
-0.3823322116162569
-0.06920493542159846
-0.09763694065900168
-0.14559111584250112
-0.4793066218217005
-0.5516836078044159
-0.4317939990423697
0.26605904603848185
0.4306680316184358
0.299257292558817
0.19328756509882122
-0.9369335108408489
-1.5405113324635573
-1.118627008685522
-0.52030482423919
-0.8166452644694264
-0.8538830136568829
-1.1452530794269091
-0.42082847364551995
-0.7863783871590385
-0.49936922133724326
0.2685879248350812
0.5166408998369733
0.32129572757251124
0.4932507606640473
0.19608142286259136
-0.11623552710694815
-0.363345522572862
0.45583175896782707
0.16556797561912506
0.9498220281509363
0.872714854545753
1.0021744383649573
-0.4370420135741071
0.282221919410742
0.293217897085323
0.22550250500174987
-0.2577173266155493
-0.24287693891068957
-0.7298712640451052
-0.7023830797811603
0.5959277292762767
-0.1677117768586778
-0.06067922742565772
-0.3252512587464151
-0.3766327368664911
-0.25451153859641523
-0.7033680448503403
-0.5908338770737873
-0.8989621260646053
-1.0314803162532706
-1.1634514479003222
-0.5900165240404895
-0.6897498313020575
-0.5770509144659495
-0.3122659413781542
-0.3823539640414169
0.01565908979440428
2.459599331215017
2.558149566526079
2.208989518160947
-0.4087543246002064
-0.604250102743604
-0.5032918617392985
-0.20023573712899057
-0.3746981543337426
0.2095184539117996
0.1007621051325644
-0.457489589224137
-0.5456103538621845
-0.46682354380954927
-0.6632821788975529
-0.2794803471355441
-0.7414301635471052
-0.1746651464169919
-0.09660116226841682
0.20300157721449083
-0.7166669689393683
0.2987504363789237
0.08753035628566824
0.3379155050896303
1.2839908177972816
0.6135534764436988
1.0215238006055072
-0.7876718034687541
-0.6933990422669893
0.32704422300386593
0.24100051796803282
0.18865963021698726
0.48088830154698686
-0.34264053003799627
-0.46835435444354484
-0.4487063644960708
0.5411336869226291
0.6797121598677968
-0.2751487276727095
-0.6570749264398807
-0.9694140240472575
0.28777495064390096
-0.006158970199526261
0.37040175466518815
0.19350549696675207
0.9016282778384221
1.1893706598080545
-0.2680503941898782
-0.6182334906003697
-0.7143937302705403
0.07102039012106383
-0.4631776735281869
-0.2970396753300306
-0.9277495329224276
-0.9312926556113217
-0.9618794202708102
-0.7314816841193066
-1.05294306686911
1.0568073106253797
2.4255888248759807
3.0280764185191873
1.9554464969946475
0.07284193583097807
-0.7044390559341885
-0.5743902576077901
0.2559838937595496
0.33740933597137035
0.5997103773206708
0.33859701537662296
0.05126740261206173
1.5041686541722477
1.985367258774883
1.390967101025423
-0.28936012336276534
-0.8908077959771469
-1.244293776425311
-1.0308302663576376
-1.259269264561353
-0.9808611653035617
-1.1759319240107329
-1.0727155016460783
-0.7679121744781924
-0.3507257039185128
0.8626107137533593
0.8488123923709664
0.8891491997590911
0.9180727436869609
0.7619178197981209
1.5492404167193081
1.0991870577731016
1.1987350563598893
0.5929977927195583
0.07118202664654134
0.04805024439393175
-0.4356487183682729
0.14796582850796994
-0.009779998097727772
-0.01499925795283602
-0.992332578086217
-0.014504344003606538
0.21382926152244275
1.26810931046126
-0.14286022319815458
-0.37886699700425625
-1.074062880384488
-1.1565557711991867
-1.167797334201508
-1.1673449654269472
-0.8331301803157959
-0.45672160424236496
1.0919806140001231
