182
2.49545
0.0531237
-0.649227
0.456787
1.84697
1.98034
0.878843
0.448561
1.15107
0.278058
-0.527638
0.804714
-0.235982
2.19924
0.784264
-0.236761
-0.905998
-1.88877
0.268299
2.80263
1.77512
0.263388
0.00206094
1.27107
0.258796
1.64325
0.384832
0.371499
0.0123081
-0.283518
0.0343117
-0.8805
1.4182
0.588629
-0.0374764
0.649711
0.832957
1.58278
0.0799146
-0.681674
0.462809
1.2839
1.25966
-0.36902
0.768217
1.19624
0.435069
1.3933
0.529287
0.0641832
2.35724
-0.0504858
-0.743124
-1.41371
1.7967
-0.263448
-0.0769704
-0.58873
-0.0468019
2.36218
1.7359
1.28388
-0.561353
2.39679
-1.5373
0.767421
-0.10506
-0.443971
0.728047
0.845512
-0.106773
-1.06361
0.77703
1.42148
0.245373
0.959086
1.23146
-0.21228
-0.87159
0.321562
0.401351
0.977487
1.25739
0.227239
1.78922
-0.331454
-1.44876
-0.739306
0.414437
1.55627
0.140081
0.184437
-0.205534
-0.282333
1.51049
0.607168
1.10701
1.99312
-0.0998631
1.17474
-0.344712
1.71811
0.577342
1.55201
1.35055
0.506792
0.213045
-0.205203
0.260913
0.0861364
0.819616
2.02652
-0.376271
-0.571186
0.85091
1.5831
0.191693
-0.0838039
0.257752
0.614797
-0.264935
0.881622
0.370849
1.73342
-0.285894
1.7087
0.733024
0.292098
-0.198946
1.05326
1.14249
0.0599161
-0.123361
0.839318
0.41863
1.07933
1.20647
0.272803
1.24797
-0.210932
1.23575
0.096773
0.835315
1.43827
1.96095
0.434965
0.541504
-0.793414
-1.29993
-0.606105
1.67282
1.33149
-0.696411
-0.54673
0.333098
0.734221
-0.0801861
-0.657963
-0.601732
0.818752
-0.0606251
1.20746
1.15541
0.451222
-0.0358822
0.872586
-0.313932
2.34498
-0.617235
-1.77073
-1.12025
0.582561
-0.367443
0.138572
1.80412
0.954722
0.245101
0.822477
0.822957
0.52856
0.524458
-0.261792
