182
-0.6677813904974689
-0.8186676027352546
-1.0924389885830499
0.33160002952693257
0.31692955028462766
0.7003450883664302
-0.996933418839911
-0.23834071567773665
-0.5057957542391787
-0.5633979461123713
2.1027215414185063
1.505317120745126
0.609319202991201
-0.8299126826213508
-0.9888100778128724
-0.8340920009834649
-0.8675960333352457
-0.5913226417132241
-0.8385383767767203
1.2336329905971766
1.846066374602416
-1.1559988911168748
-0.42397979037916717
1.3225488532022025
-0.17604844959386104
-0.9577563959867614
-0.9091700126926162
1.3828765674214607
0.5616071423915084
-0.5217649267094268
-0.8087258533720524
0.5070659642806681
-0.49593140942601643
-1.0206871729552562
1.1357434812434604
1.257901259373607
-0.9296230428455274
1.5978106187233616
-1.1671114977196098
-0.8546818324884923
0.8982535769230787
0.3860241871962266
0.45345039828405437
-0.5834032231724579
-1.0469734425660007
-0.9645770949625838
0.5522044564415258
-1.093540692392778
0.2890128638809245
-0.4765237484331866
-1.1412832589556277
-0.8442502354625162
-0.5310846461780061
-0.597318895916852
-0.6217910268283111
2.046904790984334
-0.7155190098983749
-0.8221050289529777
1.024325790269099
-0.8296360445838392
-0.35963465758893115
-0.6660389639721169
1.482969498137737
-0.44544245968016566
-0.803730982817368
1.2029803190269182
-0.7864274268950442
-0.9351040000933045
-0.5700453183149367
1.9808862850183164
-0.16819388928338863
-0.5384109378499683
0.31407813335755425
0.40363555704984183
1.1946308227221005
-0.29879062561439346
0.27719746028997533
1.4495012782305314
-1.0279102430603793
-1.1189989206375763
0.5271697195005358
0.39361586677644
0.9922818685653908
-0.76545139462314
0.34696163785092904
-0.036785972360990654
0.7627430197357414
-0.7754781434721832
-1.1390391632310968
0.36645771566458646
0.7998327051302805
0.1957154246040053
-0.9622427357652691
0.23553650785720423
-0.04058211900186503
1.0737155050155949
0.9422217741517386
1.0086718273034951
0.32718289826939606
-0.522723384428621
-1.1145845263417251
1.1096335613517674
0.27321535209756576
2.128884000370721
-0.9096558889642123
-0.8024004428816516
-0.9482738427132851
-0.4054650639511088
0.5086179091442132
1.5935394719871316
-0.03847128884632408
-0.7991305368433224
1.772208685718214
-1.0388617125012685
-0.5584767536150607
0.26979968644741953
-1.0419476908056242
-0.2301385063877656
-1.1343901965064453
2.278838131255011
-1.0822241609375944
0.3171793522551849
-0.6768283723305694
-0.5603226331585234
1.5475724336483814
2.072444029999531
-0.4294381201617832
-0.48406486104094404
0.9161021359667615
0.7577494246171799
-0.9556681620144721
-0.7810726265818488
-0.7768186169900346
0.15356593661289783
0.6198989075091975
0.1881324258640275
0.6669809882039146
2.032795529348444
-0.9819648890701711
-0.9659054194320543
-0.5318624180310858
-1.1890422179683355
0.1183072504176052
1.97992589712292
-0.5445519262254083
1.3427467487276032
-1.1386650426766494
-1.1186558483539535
-0.03142956318128868
1.6278502932977617
-0.3109899601674888
3.988263349202597
-1.156792967839426
-1.1593615399983899
-0.921496077866174
0.3591952270818957
-0.9066272172585458
-0.0005685749852279169
-0.8340216530435656
-0.7586081489158492
-0.8292417687048884
2.0964884099766765
-0.4010745828090554
-1.1656682078950067
0.1809577902406049
0.6229205774203809
0.5486638601670276
0.6852817448147238
0.11728418250066484
-1.0171404721431059
0.27882313652076435
1.5445655468168067
1.4882168146251968
-0.8348376316070923
1.8343304881554559
-0.8158880977612206
-1.0260124933293462
-0.467522733625674
0.23155792141946635
-0.8911260242033391
-0.5988719357058983
0.2581211342676086
