546
0.003724057141359656
0.2241916236141398
-0.716035846797416
-1.1527206188831527
-0.7104245920288876
-0.48807341252883363
-0.4065131582860122
-0.4492874039323712
1.0099297439617292
4.3848665163080485
4.209287803921019
4.097703986373091
0.8532028448490467
0.294542509214785
0.18777169435997532
-0.30579592481466605
-0.7383621049798602
-0.6422605985583648
-0.7147197329894858
-0.7283161591248783
-0.45548443208678774
-0.16171516083412749
-0.48430125237778715
-0.8790209520703014
-1.2217964191734811
-1.272602240501496
-1.1079430719728864
-0.7213940427449409
-0.6482688142158521
0.9445051644032337
2.034278543194964
1.755221421153967
0.3866170984131445
-0.19011358830863626
0.20176022461993312
-0.10575550961761662
-0.8323545130230892
-1.0669362293317328
-0.9576444170091623
-0.37259514542246447
-0.0690265767151244
0.16374412313293746
-0.24888186868451911
-0.28786473740986757
-0.8044520500554431
-1.1418644299260485
-1.089751979191388
-1.1371824366275252
-0.9941793314229903
0.9593849844945107
1.0232911780361045
0.3691532523522939
-0.6289348438243704
-0.6697187156287789
-0.6488054237350469
-0.34948768921006446
0.003869328633651807
0.12710209599370184
-0.2688006905798852
-0.7513455951931156
-0.40590054996370273
-0.3869291075457092
0.05573995651105641
0.39467645639101073
0.3444813483923648
0.5367508266438067
1.3014948218563442
3.0236722388752395
2.2066243355376858
2.0158599989920414
-0.3218030755182195
-0.6413396710615331
-1.0243585355273805
-1.1251531251166575
-0.9094373377195784
-0.7227918625409907
-1.0828563291136242
-0.8493923615613501
-0.7630143516907146
-0.7424665531855168
-1.0778280831304472
-0.6728944330815045
-0.5682337031015393
-0.885031482122709
-0.10923411423811406
1.4790005424549275
1.1805959019332535
0.29314096347751145
-0.8936135861815399
-1.0884285136284821
-0.7243180918176326
-0.11935335800673026
-0.15011954768874455
-0.42125809392219515
-0.9236905428753442
-1.0155667355070273
-0.5419219070001925
-0.8523536713316626
-1.028793521144211
-0.3715930620010995
-0.32281428819846303
0.18785302416217445
0.40513322350102854
0.29773121292009125
-0.11196259715097845
-0.8173674831101014
-0.4487946239427633
0.48164682498781797
0.3888494709456697
-0.1173653540784946
-0.39468186639339115
0.07307241898309755
0.58358225050425
0.8884186315763172
0.03909366531352157
-0.58675405867767
-0.33026694990082284
-0.2474516595137952
0.09508326879447965
0.3446759818014565
0.48152331154638534
-0.08676135157301866
0.6264482274932087
1.6669544866607366
2.0176574131063862
1.5459892145874314
0.5806748298805201
-0.016611873582922848
-0.23885650226654617
4.00020169861267
3.785123624409185
3.9517543725617825
1.5205360217068438
0.7964656786214094
0.7101176714148933
0.27915963694615653
0.11066193353650745
-0.02595689970687937
-0.15988106312065836
-0.12785115229925764
0.7116163354786642
1.4052204118510514
0.9355607299799397
0.7725243888179926
0.3290345948991569
0.914548587304647
0.17988940663318423
0.09790711649285203
0.20711208106705647
0.6239359057374344
0.6185706920969034
1.1390006653139728
0.7606762081642984
1.2700678548154478
0.8584985105408179
1.081835798491709
0.9010788465185049
1.3886081245047601
2.7978581450723135
2.17326070152299
1.6509666424685665
-0.34099111044550684
-0.5076289686549909
-0.6587524956618005
-0.7418494087270133
-0.3551720702455122
-0.6948028428632896
-0.8502558611160008
-0.6513376070488489
-0.6119973353853887
-0.7773002160069655
-1.271586886804741
-1.0756640907715134
-0.7124836572354977
-0.7760225161888153
-0.8602239875226775
-0.769066775355113
-0.5720717545624125
0.25763101520097814
0.24365880939087792
0.13311690656069317
-0.529877571942768
-0.46514154049223827
-0.2348371026028632
-0.42601758582549176
-0.634865208860674
-0.8100236402481011
-0.6896879953338138
-0.8586518844007834
-1.0572150405906433
-0.7574682324338432
-0.6228587821338915
0.7156093905656765
4.354824309655603
4.1486049362880255
4.459601262750957
2.0936063539821244
1.3043983463689326
0.8130173479425817
1.2959232854718803
0.9152599002465309
0.18209486132690145
-0.11491877454017815
0.1533874833100298
0.500793416781815
0.6147978226718471
1.3967367073011205
0.6505905406170033
0.2745441317944382
-0.46089521627175634
0.12755159119632883
-0.2882976047785677
-0.46965054069685974
-0.313216946398403
-0.2061443212430501
-0.13039010621471497
-0.09060888997438656
-0.3324722920290957
0.2555683716184461
-0.006788350567632477
-0.17893132363797282
-0.7024325743798261
-1.0082683106197952
-0.4293907936378982
-0.3032088992924989
-0.44084981180560884
0.31776764900811133
3.431754153081682
3.687072068460055
3.8825482674387732
1.628532256020312
-0.38089057734125104
-0.5796534703341006
-0.8418262666225135
-0.619779248004209
-0.5334175987595693
-0.5258517217361072
-0.4182827767692054
-0.08740044313723995
0.788876650189549
0.33866282032840395
-0.09563559704131129
-0.4100438236551193
-0.8637065710105983
-0.9747414979205715
-1.31142867784222
-0.9390790880406679
-0.8129829632401012
-0.07129116113373368
-0.13035636373308285
-0.6675928833559315
-0.8867368372939275
-1.0936037042634492
-0.14761302993752257
-0.16830103265480117
-0.3031887594509627
-0.43705352077434956
-0.6299698590696916
0.04536895131407842
2.525460124327695
2.1934895162817427
1.8174240086092974
0.3819616790434683
0.2020374329800978
0.8092439900650765
-0.40530728549191436
-0.7683251363653625
-0.67964774679279
-0.4579779774256198
-0.3311543451742919
-0.9190703982655958
-0.7068483673592324
-0.35636313240483775
-0.3428851049077946
-0.4960801933635923
-0.7997884514142655
-0.9839207169270705
-0.7263131760467171
-0.3658732311212422
-0.7790558891491387
-1.003874863014669
-0.917176457969057
-0.4121419394804401
-0.5697025298334819
-0.48994180699364637
-0.5642526235081659
-0.4595237361683893
0.38113965745014966
0.15756081755829524
0.23579853331561554
-0.6006999812650331
-0.7809283963810201
-0.5820505109380175
-0.16656892796441103
-0.2965345212445764
-0.671591152851758
-0.9047659982801621
-0.5780594045789541
-0.45998542339887216
0.19712355407011004
0.6565477102541091
0.2590669286864743
-0.44379952641984605
-0.7919898877092584
-0.6999970723036898
-0.6931520098096622
-0.6991154613408231
-0.5827597332167911
-0.5645636087617034
-0.09420416003562954
-0.36417865995867216
-0.928121015026074
-0.9409081445038969
-0.7570135518550133
-0.9241931538044653
-0.34157311099798093
0.21542400550594967
1.4784371249278763
0.5164988254795074
0.17971629073185394
1.0659905070713844
0.8325028255250803
0.3752763748636632
-0.6130727960180389
-0.6938178488605812
-0.6535422605042617
0.30321314357336154
0.42444281276759843
0.666349402918021
-0.5499706576572281
-0.7807434700570883
-0.9121759064556734
-0.8520976201043323
-1.0072539959938531
-0.9699332627302852
-0.9013812085207739
-1.0689453077925468
-0.22809714110640344
-0.1537502679270802
-0.30481025203206
-1.1436961057342654
-0.48197090434859824
-0.4862511681306348
-0.65940274331292
-1.1764012378760624
-0.5981312296126529
-0.8379551017819898
-0.8956386724379011
-1.1043437642246452
-0.8441786686822346
-0.0698637263424714
-0.2957254641442981
0.27480301295603116
0.243345183656585
0.035654889614411926
-0.8335960993822239
-0.8213348293204917
-0.733026843046041
-0.8275212078596824
-0.16536128659094798
-0.2637564682730409
0.0898699581997841
-0.018457206726867504
0.008460916222515914
-0.2748897502525857
-0.3373660129935004
-0.38436530174229483
-0.27016656195185845
-0.7546889718557419
-0.4209607431433159
0.16636783091660667
0.46982918772540516
0.28826368543537534
-0.8161591155875719
-0.8972805576589301
-0.8837693551608434
-1.0072554253949384
-0.9959325531963771
-0.3306026422186348
2.101769053315019
1.4721745999933764
1.48497690165837
-0.0026908566365110224
-0.4481652559637913
-0.68095160441659
0.08390610069682715
0.6878484737122564
0.4003005022812451
0.03467132187008749
0.1631353696666409
-0.2622867120344041
-0.7134855651941707
-0.8720967957074661
-0.7883366098579667
0.7294979061290354
0.39147080272891366
0.030953643924265885
-0.9152854235892232
-0.5950347247268151
-0.7298786270170802
-0.45973062210683113
-0.6665960078817923
-0.943737062214719
-0.8322682987393104
-0.6561641317319741
-0.38577278896604533
-0.15113159038045826
0.0526703879896391
0.041238803379312544
-0.47922133053264104
-0.8575386284468272
-0.7005636067743569
-0.3892742543598458
-0.10191969700305464
0.9450794622529296
0.8481026255432621
0.27277387395464636
-1.0051668848370812
-0.7496901083412463
-0.7124710484941875
-0.4008510857264131
-0.5143930743379332
-0.4564754544653838
-0.31184818116483853
-0.14488673992727488
-0.6255323398247603
-0.5580639423715555
-0.2954591173789854
-0.14290127887200543
-0.6736534152902455
-0.824466523345588
-0.810674193380595
-0.7826612641364686
-0.7569356697953045
0.441625539147022
0.3829125519985174
0.004295301669847419
-0.44088614310970464
-0.24832722174214192
0.0605293669490178
-0.5432238888753427
-0.5591944715646732
-0.32440078543047857
0.9087135156657512
0.6836752777481012
0.49576030474563915
-0.5049553823242391
-0.6355591941694286
-0.5792285411498431
-0.6823221562305625
-0.2894054066957891
-0.7836822109485269
0.2007418792592169
0.2204813377458327
-0.5480376819088754
-0.9478614359592084
-0.6798568874178883
-0.8783533341314964
-0.14919484162567748
-0.07656699269413253
-0.3128401347058039
-0.5361302732731633
-0.5816111306336001
-0.2177356596580345
-0.7750193026069384
0.9953506376993563
1.4509109610432973
1.0003065810013214
0.611223483450296
0.014806331000129182
-0.38063882488915973
-0.5042555331062181
-0.8815127152300999
-0.6182521009987242
-0.3688803333757521
-0.9789724349233169
-1.0455650991773897
-0.8239061030883524
-0.7901127244214313
-0.2877563772774795
-0.38963863030525886
1.0248574230849674
0.5600945873123855
1.0224128789600067
-0.07861842350737182
0.49175476953153807
0.11574371975733723
0.06821725377075315
-0.2594887598416938
-0.05246738555486164
-0.3097292689576211
-0.5120978230375948
0.3982952733716577
0.033202705604764016
-0.3701856557823525
-0.8174725389479219
-0.6127298462162378
-0.5059000063340008
-0.4151120012238347
-0.07501977256450684
-0.5008955369693414
-0.7284770398387788
-0.6999598078359176
-0.9021960097007958
-0.8632101825823676
-0.7507606956934099
-0.5784883717386915
-0.5125967243770012
-0.3673579625177931
0.26097079218367586
0.4182704986525161
0.10542528089705269
-0.14241208413796774
1.0934038178848264
1.3038128087754033
1.3216054781114193
-0.003257789189142168
-0.45987348195125594
-0.3855934186023721
-0.3979484625611957
-0.31695334278812354
-0.38840885198954933
-0.216493467165952
1.2369050004540905
0.9080120757324357
1.4110087137354839
0.7727270906037883
0.9396037881360649
0.5585603167697849
1.6435195948812298
2.2204653395224665
2.6088986100631155
1.7100527501184795
1.2187925926107317
1.626425590103581
2.095046348356207
1.9298522142592907
1.4642365304531477
1.5612308645989772
1.8862823053000934
1.650331094175788
1.3265550565953699
1.2451332539946238
1.3815204419754126
1.6544326683560404
1.8168711650128577
