546
0.5128199724569865
-0.26255794553652145
-0.6500134718681791
-0.7991931522425954
-0.7442533176278834
-0.5729071087191429
-1.009946026890344
-0.32172326584188454
-0.2315168218456516
-0.05704902379140102
0.059999102027592476
-0.06116941116955489
-0.1784552935440308
-0.2065271040752126
-0.6776016555374403
-0.7929177519743784
-0.524994285107586
-0.695086564236119
-0.7538251093156921
0.19619006357605712
-0.10964605333601989
1.0445968555603602
1.4079307751521288
2.0175932947691604
0.3827382779174038
-0.5590311711951391
-0.9537398645175253
-0.7479311843651388
-0.5489356574988606
-0.16641708605272224
-0.6078604378711545
-0.9067712421155444
-1.0565794883639028
-0.04001817328667676
1.0006412520196777
0.9681031656994349
0.28527001603516805
0.36897553757004364
0.9157997994697424
2.613906045273155
2.12997673622122
1.105158221407945
0.06120341285570222
0.18487191154397847
0.4652713761569942
0.07115766417583669
0.1918049868895749
-0.38642729964461225
-0.6717720012336923
-0.35272494656113423
-0.5864141159239511
2.110189168500636
2.5655265289515063
2.7669299481909237
0.46119565446625677
0.37544612208135153
-0.21734393636958274
-0.09102053027603405
-0.4458546551388466
-0.21914186507967662
-0.6912751691247824
-0.7254528768863607
-0.3901639518756447
-0.37972409156928855
-0.236719988055969
0.4131570408210752
3.601058918812826
3.861879361191654
2.838547274238797
-0.1409371023180217
-0.8896148399692017
-0.6323976235151965
-0.4299648460885404
-0.5529610372823572
-0.5784055079466331
-0.36309844461257657
-0.6543802868091951
-0.8713383554335968
-1.131064756027001
-0.8251369602694902
0.3361203000665097
0.678057604861193
0.14096570601388222
-1.0615534467030021
-1.0859119023118737
-0.6742029466305557
-0.6532100163436404
-0.5529367946475897
-0.35131665059369765
-0.7086156301726843
1.4703049419629122
1.4780707581139718
2.627420881568773
-0.10229638466392138
-0.08389119217397799
-0.392129708372931
-0.7808077010859904
-0.744755734436447
-0.6323453689403116
0.014324385288741533
-0.5564068764250926
-0.19993741056588485
1.846306304047439
1.8463344333578426
1.49549712896473
-0.14360263869212608
-0.4903708602655232
0.4246100369291213
-0.473309527299483
-0.8225622179022798
-1.1329590286397089
-1.2484514309669594
-1.3289762960943832
-0.4539465310313856
-0.6608345971976356
-0.6036020845155484
-0.4280589871357212
-0.0564730774811016
-0.4440852663110322
-0.9865560522678097
-0.9606884187142671
-0.5641308568198358
-0.7362420430224659
-0.975869022031629
-0.7829370619390457
-0.58128422852348
-1.0484691110759288
-0.972402913033501
3.3488558994821376
3.4557339097611552
4.102237591672835
-0.28774102322156264
-0.857359275260688
-0.778031189949428
-0.031771999117510434
-0.11796337514771171
0.08610465431616902
-0.9406856492990158
-1.2655318199063805
-1.4449366258122829
-1.4454942196924991
-1.2104046050459978
-0.43071443138797005
-0.4803853587271745
0.29540253625743446
-0.09969755105433106
-0.5374115987302398
-0.820718656303319
-0.07152214014629993
-0.21900961839588654
-0.4708585524924253
-0.8634919123164263
-0.5379545524510166
-1.0503157462425918
-1.1114042554982306
-0.7113896200347668
0.7554627822226269
1.0021646910590591
1.391970195455842
-0.3848742287005822
-1.2129002300345095
-1.0513165865773568
-0.7467670154394916
-0.2539772728383085
1.3780188455478926
0.9886532276684604
0.4708252798404994
-0.8051708554911114
-0.8184331532157295
-0.6899448303369651
-1.01300738496696
-0.5948285696867677
-0.38570501466601614
-0.07001657875702759
-0.6415662702619391
-0.7568763395552354
-0.8741051620397052
-0.572818513891544
-0.7311380276858903
-0.5284760011400853
-0.2794477254557423
0.1454045316075237
0.4075292346701637
0.3989410200115097
0.15901470146485638
-0.11055590745335467
-0.8105858578355234
1.5860725161596352
1.2786153530953812
3.0947976680399942
1.6871610640757622
1.212595075296012
0.8684572588999543
0.9179310275741077
0.7029538865614825
0.6557574308816219
2.324510570893183
2.5313783653381354
2.1151216278246827
1.586822047952575
0.726265494893138
0.17620204194772143
0.32875082662080135
-0.22162251148447565
-0.025382061796922463
-0.21912652118370357
0.32422532397150555
-0.35586490388593495
-0.4225037831217904
-0.7411226289912005
-0.9039697582422858
-0.45655482760837185
-0.426962357293485
0.26357563213651064
1.1921788075373252
0.6085540458283589
0.06282726565899771
0.8368043989451316
1.446772081530784
1.189439909662849
-0.42928535259665357
-0.46424797038434984
-0.4368671324074378
2.214399567893335
2.0534796617110125
1.4563433774122685
-1.0168277710622011
2.1138579551495034
2.3566483698942107
2.031695568151469
-0.7116306802488926
-0.5047643355675455
-0.1377770013292107
0.4630341136879459
-0.12691844947560132
-0.6924355521485318
-1.1223425491959658
-0.9264838872120362
-0.5402925330706827
-0.47841205894876143
-0.15543414534471162
-0.9455264556028716
-1.3266835007024271
-1.4169873891600366
-0.547386388388758
-0.158218349128843
-0.3384580335520325
-0.7237891134992781
-0.8606101396202579
-0.720471795032811
-0.6952397955146752
-0.04454676158177796
-0.7175916224978213
-0.3899096342777112
-0.2809802303223457
-0.9214682533194948
-1.1136520859157297
-1.2292038291727323
-0.7622867715019501
0.018703409469697396
-0.20514587567261724
-0.779795443635547
-0.8772904071144262
-0.26448519679130633
0.23424879510863633
-0.606251149451271
-0.9791329801884534
-0.6932774511948422
-0.9528204741074907
-0.6510372202620879
-1.1637681756178822
0.4221595303215588
0.08154879630884292
1.3508981617093763
-0.03783833628747234
0.012013194736403542
-1.0460986252169846
-1.363981910828815
-0.23326706516552062
-0.046637376764525895
0.650922933443307
0.03547689851940869
0.1301052065257882
0.4549741354718465
0.521392415057304
-0.08097364186455513
-0.9015386572581214
-1.4736714637217736
-0.871513656499985
-0.5507979010490507
0.19620976679153154
-0.365882262268661
-0.7124299215830241
-1.1820323512532185
-0.6778894641984026
-0.17527593362518584
-0.17994875028629448
-0.8155756692313478
-1.109618698333815
-0.0162034513212034
0.33538962235285674
0.04949092197979147
-0.8887693594755202
-0.6047886929148337
-0.2898732903232649
-0.3388433848240273
0.695811724608512
0.7441492194351892
0.6367791306327201
-0.9806521060330646
-0.8773370962087944
-1.2419426806451306
-1.3275278418852365
-0.7377127681607762
-0.16481340696891553
-0.06312305564431296
-0.7441304990665315
-0.596877966507389
-0.6317335009321122
-0.3898615072684688
-0.28733251044263936
-0.03713847287485849
-0.3183336314612409
-0.6918637204031752
-0.23254091130061605
-0.3898005309463884
-0.9595349440079113
-1.0726563563831384
-1.2908553371196645
-1.4229528359532964
-1.323915028377436
-0.8650132173653743
-0.32417217200893855
-0.6309567382718955
-0.3489533494368565
-0.6960585193532653
-0.9762329355986643
-1.1238431251750398
-0.6599572908859724
-0.3739696927575201
-0.4073792250821054
-0.43347526124484026
0.4427354962144581
0.18835773269110212
0.7627378847689934
-0.37244441888817753
-0.24698192088413867
-1.057095165602701
-1.0522455992549147
-1.2015196719600179
-0.6931124636882481
-0.8726064147565328
-0.3938446910865156
-0.5516497818333008
-0.12351490137811028
-0.8253341287722102
0.2537941683377443
0.9890196238747813
0.6634119151115321
-0.591454368162689
-0.14710951093837926
2.384994220884841
2.6620190819236442
1.7016258256578323
0.3208812082694475
0.2858451621862917
-0.09630337551622051
-0.3115735929934077
0.562404576577435
0.6196933324547828
0.7792063314346991
-0.3746193312791068
1.4118170049372127
-0.17683741903095468
0.36742155739886445
-0.4062592794911896
-0.048055000695974154
-0.4257376153855992
0.8078935069539842
2.316175879790061
1.9650211342108581
0.8682365326992163
-0.33130642194043974
0.48669743396059295
1.392147769006933
1.2305430694386246
0.7715188473574329
-0.1527126325049366
-0.2666929315315153
-0.5224949564804005
-0.8115172428520151
-0.7810713772795628
-0.5945916578645646
-0.5412304058016675
-0.4467431136489252
-0.37405552914092954
-0.3970232972055214
-0.34779729222998335
-0.3899922780275935
-0.025658234843466243
-0.45577986378702867
-0.413726896612211
-0.6135389991116807
-0.40328708197664254
-0.3718964129706926
-0.328926602367077
0.4317866737087472
0.01993615595527621
-0.19408166677201927
-0.368015832946487
-0.3249363868996486
-0.741213871569414
-0.9552142424027129
-0.49518917526760403
-0.06982613348989146
0.2345329685392364
0.30747226045431286
0.3232602651879413
0.2406205315621233
2.501880907411385
2.812538010159767
2.197276577235874
0.49415205288951713
-0.28295170046152
-0.3071073809972554
-0.12495027938566447
0.022554530273798553
-0.07084852447642691
-0.2687493549901775
-0.21592915172337301
0.03303241197073813
1.4499742845894827
1.3293620601460538
1.4621667985361173
1.1632177205497223
0.9337397567278594
0.9922529559179866
1.5162013237533924
1.2512760131756737
1.1996719967408336
1.4305482242451601
1.5198045597479375
1.6557041482095585
3.284880567522843
3.2603625742207756
2.5381586460047005
0.6861891918458364
-0.3975748195503461
-0.12211576776527489
0.03009783641356521
0.15821559264233576
0.19512074898490872
0.7838082059440521
1.4102996960728713
1.5702596436101073
0.1143570983003161
-0.09641961581720726
0.2808602807274453
0.015162501469646643
-0.35053469186469344
-0.32459594939117126
-0.3240385514809691
-0.4560677806967302
0.0508351247050159
0.25073453903725657
1.8360728350313498
1.8864164755389188
1.7072989037732382
0.679956014754802
0.4062412291652938
0.010187223925362409
-0.1823422871716747
0.4419574300202475
0.13461782075646905
0.4535874255720034
-0.35603278397029336
-0.34709325248054496
-0.46398038124524155
-0.3731472925483959
-0.09600869267207156
-0.624390176160608
0.5206068166546364
0.48297268537508964
1.9129229580979448
1.2555953038546726
1.0274469612365917
0.6564306530656127
-0.09047032264496922
-0.49020680098024
-0.5518248685375026
-0.3052552085387665
-0.7635261648962457
-0.856067073178317
-0.6434916521037951
-0.3015010103497514
-0.14744248755372638
0.01482719321276792
-0.4432110761475805
-0.3961908002915684
-0.712578061800627
-1.0214913279144482
-1.0474884638888613
-0.6887244191047811
-0.36796084764203363
-0.42783104896349844
-0.29829644832310026
0.5521107958095234
0.392120815846348
0.133653884641192
-1.0213485832068079
-0.2479177372468843
-0.6393678850633354
-0.44693210582316756
-1.4297410093483256
-1.3644955158286665
-1.0229552914274083
-1.0613687235614164
-0.9754745837817509
-0.9742036928681551
-0.7613149557142974
2.542437935981518
1.9984725136984987
2.3611318550622764
-0.34470565962747357
-0.6765545071432949
-0.692909290158143
-1.0281581025058804
-0.564037337569566
-0.6975807933599657
-0.8520387995978321
-0.4142737588999562
0.20185391712463852
-0.31131287137346936
0.29600960841456425
-0.2142336376389424
1.6679467260546283
0.8254369779966801
1.2580499862477557
-0.6067418132734774
-1.3403616252626578
-1.2918135074622086
-1.2350298779062456
-0.9051434143822706
1.6255065815525902
1.6146469863446322
0.9248568455031826
