546
0.471699838228198
0.7453901168297
0.6361821925868832
0.6494970317584264
1.2645301694292048
-0.33151440264786636
-0.8515635316147252
-1.0667997114324763
-1.0735095175569116
-1.052348670667993
-0.8572882075067022
-0.8093328415509449
-0.6883923944755045
-0.26808775307141813
0.24282943630288154
1.7899582241435676
1.7744334589574338
0.571097856496375
-0.6236245886784586
-0.43593934939128204
0.16966523662807914
0.1350094995669075
-0.5623240277502974
-0.8660170928623454
-0.7738178607369303
-0.6198662470851233
-0.4013716911864468
1.1274826923887278
1.8036529185423102
1.7264642472477594
-0.03680401968582539
-0.9407940410382101
-1.2211135067689194
-1.3680027096055132
-0.2038466874050633
0.128473040655044
0.4724999501844959
-1.013845130079415
-0.23339983649566406
0.1969545748642937
0.14305532206230626
0.08438309989555076
-0.9090128017584492
-0.860773357585529
-0.8654384446197114
-0.48324082910626415
-0.27485561848724444
0.3294343061386147
-0.556582268898811
-0.45047062128188603
0.46266347952173936
-0.2842779458920249
0.5474008792840621
0.7372435561592411
0.0036117971163206466
-0.2869356037509354
-1.0121123831744443
-0.6108782720381606
-0.33212659871099687
-0.28602679906489203
-0.6815738094864003
-0.44335021472970626
-0.8368145519142689
0.21171107644502435
0.8394404504971037
1.5830401218167152
0.2662623183728923
-0.4187436921873199
-0.3345142631055392
0.9186057436183435
0.8777714467502589
1.524013946538012
0.13265008632687111
-0.44366129142360305
0.19286268564223358
0.24840100461724032
0.37071183904834076
-0.03229722979589809
-0.8408340383494181
-1.122148681416154
-1.3922488705345617
-0.7829104770900084
-0.9070683642868544
-0.6193576353036734
-0.43977762437400825
0.4208246319324095
0.5303561681355017
1.936948552922054
-0.14354598069361713
0.3541272989034293
0.03616082827624728
4.421657068044031
4.11343691600285
1.4213601733795942
-0.6294416626545526
1.4228080479430514
0.21065807412367066
0.5507633450144694
0.21782851302485554
0.7536370999462145
-0.20098363963997493
-0.27038847337858685
0.7083582964229415
2.1388870274071308
3.958385694793887
0.8930135080426161
1.5026245923131016
1.3264995469568457
0.9723623686081052
-0.5603504574926002
-0.7085367012161652
-0.057315453188747825
0.11020417621508602
-0.13432150000872467
0.9957632189275063
1.0972604941502981
0.597859974660469
0.9498868380107578
0.5877886874776904
-0.0397707083887358
-0.577622050249141
-1.0024448305112896
-1.1951507151414253
-0.3154772362371585
0.14361685100512
0.09831272354260275
0.266119001085493
-0.32847354350112434
-0.6907775954568377
-0.8931855275286744
-0.9208170887882327
-1.0370629364484754
-1.0597206644747557
-0.7958575844243306
0.3928773067441467
-0.4865157776089958
-0.6493641168249515
-0.4034063429758034
1.1665884815287684
0.14288802075788085
-0.06366711933773696
0.5332287588031706
-0.2910334293345761
-0.2173778122478414
-0.8736417772424131
-0.734656847496777
-0.6661107787847872
0.14459572609500493
0.6894940010704513
0.5650088496895225
1.64953770753944
1.1536094136367863
1.1773397637738208
0.3289061175053838
-0.06587223998174846
0.011258010537783409
-0.12959242358919879
-0.206890336507834
-0.9980417581991816
-0.9861317196177156
-1.237402397922988
-1.1898234813300297
-0.5704237986906441
-0.3096758626373691
0.7832098726056428
0.03050890766095443
-0.5901708479491619
-0.9360179096040728
-0.654239332166187
-0.7342922268497254
-1.0055110200457917
-0.6425372426148797
-0.6231343840403685
-0.7637157662225436
-0.5155653114018023
-0.04742105074289132
0.19558303096677127
-0.1099493219028682
-0.22803259127946435
1.68785223547501
1.920438784409568
1.2754767094780362
1.043585691942313
0.4939151901263784
-1.210624859375236
-0.4570155844577863
-0.40598742725766274
0.3734508597701621
1.1432273551878642
1.7753510223515012
1.1144430762404813
-0.551132730850991
0.945908543718757
-0.4546068472077392
-0.334901446205509
-0.2571965236193867
-0.31857401269540225
-0.7919139255352566
-0.18612758308266564
-0.5882879925067428
-0.920993453850564
-0.3331590256468443
-0.7553094555188098
0.40229312704228115
1.3609274772163302
1.9518952141381078
0.2706969565256862
-0.3861976557626778
-0.5435324016971778
-0.624862641622445
-0.5190128573257097
-0.5086528347679201
-0.9095383882840854
-0.10149111188740464
2.1384677861311405
1.6873149662904263
-0.017286445267261658
0.6996314585327471
1.2899012471113531
0.6473084570163876
-0.265324983238408
-0.9944824845372524
-1.4504189429060337
-1.3560877251872228
-1.3817078206899975
-1.3322009065332865
-0.8415755928645052
-0.681970624320269
-0.06515453877344313
0.017370326344759518
-0.5738403626902595
-0.3151926893373401
0.9152170247201676
0.6912675889867906
-0.9309818614125026
-1.193950881301769
-1.2992791048903685
-0.8244562030851263
-0.07933149685908167
-0.14535519009380818
-0.37793546318109084
-0.6115967835376048
1.1845231781243046
1.321466458104048
1.6849947973131194
-0.527550559207233
-0.8394620358354538
-0.8373768474831664
-0.8492340565401056
-1.010047624387716
-0.6236487193339122
-0.8853849734047589
-0.9505190334832834
-0.829780514652118
-0.7441756303036361
-1.1602068263417258
-0.28917260808138845
-0.6921559965000642
-0.11195130487426969
-0.35358623652588866
0.11783640369755369
0.11350393868838356
0.15386261294919223
0.24827374391450846
0.2861992048046578
-0.8319853196380482
-0.6858598191035843
0.8994138653162811
1.5176984249066539
1.1341834447377777
0.06628237500121809
-0.3528276686096455
-0.053723192768144794
2.004314114065626
1.886145293774616
0.6825045218714964
-0.12666559566637567
0.07029767514443697
0.6030486122064725
0.9543605637227952
-0.25355094697341907
1.4670632239479298
1.5569688415253558
1.350194729682712
-1.201925460564644
-1.2717730462071102
-1.2431737334455648
-1.2876752305875183
-1.1492001452314684
-0.09722880260680888
-0.23889247059341215
-0.4926316966457095
-0.24512876559243274
-0.3820192268659763
-0.6360000083121234
-0.7185608020662019
-0.9438075070219321
0.8030584781719884
0.9349732117886157
0.5993540213867264
0.14675509016561966
0.7935415766082573
3.8126829556205064
1.3965179431026111
1.401233490999237
0.06806914890173513
-1.176656344527305
-1.1160252780648332
-0.9598482719392089
1.0736669449956562
0.5028862312347887
-0.18438842511677841
-0.8554061049949208
-1.1612558491191207
-1.0996647635663406
-1.1059528439208581
-0.9917372893639802
-1.1696758208648517
-1.2385992413704499
-1.206298622674215
0.3690422109672991
-0.25473537658653034
-0.6979913758058567
-0.127986465079127
-0.2694810981712394
-0.36989890755686966
-0.5737578854076211
1.2996934839365721
2.377367914250982
3.197154564357502
-0.7089050470097911
0.28609779430725746
0.7933881295749727
-0.19590937824636054
-0.41600078692565423
-1.129008555491318
-1.0411477156460935
0.45646658935469137
0.20868234256817658
0.0006777200630495393
-0.7026299621241198
3.130795804595597
3.1951145282178235
2.545837885988183
1.2948839448831913
-1.1815645101259953
-1.231024084863771
-1.2216896853354018
-1.198927610743846
-1.2583959279338437
-1.2832560689887869
0.005119952056741079
0.1856276932683624
0.10970903881251078
-0.012183363560956815
1.092535221264114
1.1045432009077918
0.2739329915217168
-0.6568285298358204
-1.3331810884285198
-0.3042873631736159
-0.1334899809820903
-0.5449018014761464
-0.9655910069341507
-1.1992511736945142
-1.10306220470344
-0.8991364706687308
-0.4477300749744512
0.04900950901097349
-0.15241653633055818
-0.6867450359480997
-1.0344053649288945
-0.9061140910830117
-0.4189812250682678
-0.046499323845870674
-0.6370191661426563
-0.31527366462179895
0.5070050562498107
1.1685020282068295
1.2854978530873835
0.791045893781597
0.0670691236030172
-0.772386934599676
-0.9538798399468467
0.40725795716017965
0.2618376811634669
0.08473094158656058
-0.606534153502055
-0.4577834367628879
-0.4601810185341836
0.34495492298307323
0.6615864969535351
0.09814589994271707
-0.8862054875097967
-0.6995843477692615
-0.8943270166580615
-0.5962973464376284
0.7184051233793675
1.415715807596878
1.8631787881966277
1.3057697256580039
0.5576116479253466
1.0133185818260377
0.3673522253661224
5.383206829892176
4.983689249823616
3.458460137018344
-0.2970372243642004
-0.7042926381253324
-0.972653271910941
-0.8549077769973954
-0.568897771300422
-0.26240327096050736
-0.1695386949542226
-0.39960299304501135
-0.42717739652221504
-0.0771560738238354
-0.056851317078196774
0.8871890943450722
1.3434683893650778
-0.3091987600034851
0.0779353918093001
-0.5099700432814062
-0.9093772393706204
-0.898445496733955
-1.2656653235546045
-1.06678671422745
-0.18674913096122903
-0.2891797743124643
-0.06959582429320307
-0.6218963169726408
-0.34356242205299425
-0.36723097382857783
-0.8250864813490977
-0.9407015488786923
-1.3145793936417816
-1.2418374565269161
-0.787234548870293
-0.047891462582248946
-0.07603948870504225
-0.23168050089432865
0.5619515425164034
-0.1564343240638725
-0.14685960407898435
0.5157191231572847
0.8560623799287401
0.5335531009592489
0.739862550467977
1.4159719355569156
1.9399796815078565
0.7980443477267102
-0.2548583763103586
0.34957246200701475
-0.0568449713770526
0.2054525963544017
0.3717018557659114
0.336655685370368
-0.42333973651076934
-0.04855186256379132
-0.29047610233052473
0.08101635430163022
-0.6099831053164351
-0.9270468321742664
0.2411500627466289
0.25850481605930853
-0.17528001493187975
-0.5129773065524006
0.9526445679769211
0.8440749312225144
0.6578370404425122
0.6581014454399996
1.0988751993700219
1.4991152990471965
-0.12048619311072566
-0.9635240133878108
-0.964768457049761
-1.0153519920203984
-1.2800856056979761
-0.7901379081030306
-1.0129772969661621
-0.40005613297791764
0.004896294181263132
-0.2642260574511537
0.8912105679874569
2.192521963434242
2.589774674841496
0.2527690404685698
-0.5205099764335445
-0.5692678774718378
-1.2467792760173675
-1.0967378718455278
-0.9941961102148383
-0.557335035648879
-0.1587207049011283
-0.6388062731816612
0.9140988303214613
0.06228097483057715
-0.58146599532167
0.7854709490374794
0.48741270754224414
0.5115229285669063
-0.7360854788571497
-0.7274088904533578
-0.6434730118855678
-0.15781445639636324
1.5176019868633306
1.444447261664221
-0.04011947860162103
-0.11276930664725772
-0.4262172738202369
-0.12559966786910656
-1.2366849418777532
-1.2652163562291054
0.4095439645655029
-0.290646335139384
-0.6491720294672252
-1.1034877831432934
-1.0016808487718558
-0.9531483436496926
-0.7966591631668059
-1.2729013054800575
-1.1029184547908373
-0.7854355554931477
-0.06389642424128196
-0.3899319864359678
-0.5278879019254669
1.3040585675219123
1.5433031895285847
0.5761285200320497
-0.3482481271951645
0.2946200107581443
-0.36392645765667775
-0.2343000962876177
0.2111666248573662
0.6234746688436346
0.017365759905572556
-0.19989217820654992
1.0816009319086972
0.16631927414287415
-0.09097285431379894
-0.45915919742666744
-1.010593679625143
-1.0581011286998732
1.0665745028281788
0.8631993520397219
0.8921147136290202
