182
-0.01557763435575149
-0.05819275640902877
-0.0660228231936128
-0.029174846835154866
-0.05198205504248116
-0.03956248656046446
-0.042012857818201854
-0.015247442315484194
-0.02933831782934193
-0.057367456811148576
-0.0014417316924772439
-0.025771019237237347
-0.0010934487087093658
-0.015967238839043385
-0.035115940227952724
-0.059633374133297945
-0.07024264629181948
-0.02407513475508205
-0.03195279771540538
-0.060558429485013276
-0.05775133846121583
-0.05179679956164562
-0.02962521544776664
-0.009636767616305997
-0.031700246306835766
-0.035360527569600564
-0.055983628270611374
-0.04664893219976901
-0.019262179330626572
-0.02852990565169089
-0.03617860150055635
-0.03267751858415929
-0.019880211654163482
-0.07408588296330554
-0.024497527989393586
-0.05041692271496939
-0.02081471069437446
-0.05662101704431538
-0.03549405235971126
-0.03828341197082785
-0.04032857672564827
-0.05029695092920705
-0.021260994781772125
-0.029241810387303224
-0.0581943694870396
-0.04457352618477489
-0.015048880944413145
-0.02465065371051678
-0.010469680615155741
-0.0287962079471466
-0.028836391111200455
-0.034471655667874246
-0.0352782371391534
-0.044686063024270084
-0.03793822282220727
-0.004589861504345039
-0.042379156714791644
-0.020027579940397666
-0.036403482608145854
-0.016509963734220146
-0.035643873132592374
-0.048905263680204925
-0.057845032078326974
-0.009262709124481017
-0.005408709280917912
-0.01511610048783879
-0.04974204109135888
-0.07477169968396502
-0.04323123392044598
-0.03685218659965156
-0.051941928821489236
-0.02650655629563009
-0.06452176599571513
-0.0019350282578223799
-0.021271598044503237
-0.047492739645834725
0.02200428905895635
-0.048156168152889756
-0.07351338250707284
-0.0738410302797653
0.016001738604866422
-0.05149056221406251
-0.05849150723704527
-0.06393329748802479
-0.043497088227189507
-0.03945711947592134
-0.0265759696409828
-0.02101920638249888
-0.06820867224644206
-0.06563775272878375
-0.04749395357051067
-0.02863880927296608
-0.03773958360710211
-0.04145944452791844
-0.04459886102890104
-0.03442370331424649
-0.05599492313370669
-0.029396357049632615
-0.054816777393654426
-0.04663588448075223
-0.02796863026053431
2.997037828134097e-06
-0.050125140680343405
-0.011612616392335462
-0.031794896988670385
-0.008421571108918058
-0.011095684856647414
-0.04599020110077168
-0.062173083619976255
-0.05689629285973202
-0.060374906687973906
-0.05360197581244186
-0.031843172859585545
-0.01734960390716106
0.012032489140691105
-0.04935907097760783
-0.08213028606639589
-0.03791614502227403
-0.059929108877395054
-0.000621152665521485
-0.052880068734216024
-0.030897821741567078
-0.03711882339202405
-0.02508150618813476
-0.05108540918861959
-0.01284955748964961
-0.03560379329873137
-0.03986260208629244
-0.020540815369183396
0.009344354197269977
-0.056251708740021
-0.06636161150018999
-0.06774764433800412
-0.03629381198586418
-0.05288195130519524
-0.019792313774834647
0.007202854459871788
0.0072933453193898545
-0.04143071443484553
-0.05519369961242959
-0.022809401470125612
-0.05832750238920109
-0.05096924546891923
-0.04048735399439607
-0.017954628130118444
-0.04879367250391414
-0.02642549543721673
-0.02628098895494768
-0.04138143803340005
0.0038200453306357907
-0.019784547014089326
-0.000714219709720354
-0.04732855713056072
-0.04862742667528108
-0.062064183826768815
-0.01929175048993781
-0.03254861438464174
-0.03306235467226565
-0.055497353163037666
-0.028928461066566546
-0.027109916820100555
0.006925588723760756
-0.029621684064439713
-0.07176694684144935
-0.05179828820586713
-0.011778334408526214
-0.03474724297405851
-0.0317644874810063
-0.031257821645759964
-5.694371873399273e-05
-0.05846508848381349
-0.045422271756128785
-0.042557754584588714
-0.06227781040571112
-0.022941012283016537
0.015684402785467233
-0.027084581482462844
-0.01631301202312302
-0.010545109633378624
-0.029935607123495356
-0.05207386666754077
-0.07089328281452756
