182
0.24415507083343363
-0.9717164765707109
-1.6138478532538938
0.6741236889135926
-0.4281774746713628
-0.4517761553425939
-0.2745528026459309
-0.4357231021045353
-1.2169742689229963
0.789337704035446
1.4186568390040535
-0.9675285126183423
-0.4656842551662408
0.41456056902862976
-0.16458571877461237
0.04250514689438356
-0.5052375577216355
-0.5619524659973812
-0.5491549302454539
-0.6962628102326379
-0.12957461998227213
-0.25240224021366864
0.7684029938908283
0.5246373323480967
-0.7093250076979486
0.5760287546473619
-0.6594464080192826
0.3400184115256636
1.4496803280650277
0.13659092514722296
1.0857845868031264
0.2805502168409905
-1.6438070015274913
-1.7900340799997891
1.4154547274009628
-0.9443193681398127
0.9280106296789083
0.24508916369455724
-0.5183912446918919
-0.5057739076314789
-0.3190463353084402
0.36403509797217476
0.1230139955145469
1.1469061278341284
-0.6292376399393365
0.3862389293625287
0.27248029266991475
-0.45899076232775543
0.24141898469113085
0.36057765578273876
-0.25057478779036485
-0.16388167022295547
2.8687906970538535
-0.041731528507806905
-0.05241802010377956
1.163124700199542
-0.0814505543851429
1.211705566474485
-0.20373849253646428
-0.33124957564303636
3.3746620434126173
-0.7311833728125365
-1.2579539528565153
-1.1113480264886877
1.2383419902266222
-0.4020004063412092
-0.915368347014109
-1.2018741521201224
-0.4584814176587486
-0.6833705811094928
-0.8334846716460983
1.8364343148116211
-0.08874554834161309
-0.9074084039166611
-1.3050403488709548
-0.619896181952181
3.899656267235163
-0.36742023006863883
-0.4995619022239024
-0.9153793193114997
0.28260999671252235
-1.0036075092204277
-1.1134738500453714
-0.0020773617281430747
0.33082191436341596
1.1040763622139027
0.2928815642524635
1.1648699685137773
-1.3980628676109546
-0.3085363942558387
-1.2959081274325348
0.6663963563837605
-0.7585176918842669
-0.22191485480608625
-1.2254757820693754
-0.2185368673150115
-0.08341545632434588
0.3089343129581968
-1.3667438841987851
-0.8431282378314041
0.851478684748829
1.1948024919646878
-0.5594868341588911
-0.7970841620678953
-0.14246960395434033
1.1668134867484878
-0.06457040808324159
-1.1844156320625217
-1.1117552493809553
-0.9009852177400107
1.1960235036943936
-0.4058936754471718
-0.019333168512460672
1.3192810165981412
1.8263351455242487
0.0060136877706038734
-0.18189258162189573
-0.7470579114497415
-1.1237321907750015
2.7289009101162094
-0.1490392946173807
-0.5711960340244876
-0.652154187704483
-0.3062679696476055
0.3088529379229358
1.125773130393534
-0.2053747060677876
0.14161379013390374
0.7241266153481681
1.5402327524434463
-1.5684784889475343
-1.1429508782040232
-0.10862704211641379
0.18758642621901656
1.6286926115767444
-0.4604995250047996
1.0041499642594172
-0.3012572656698515
-1.0535727251975373
-1.051711678739511
2.0426759032976918
-1.2186610537389244
-1.390166885247256
0.6941335415933744
0.8249948493970553
-0.46312978535108035
0.23419809758033372
0.3502770071918674
1.905611742320115
-0.23814149175076438
-1.0234398089005636
1.7130617927011889
-1.3093529991293555
-0.3664998253414033
-0.40381842996629025
0.0698923957377404
-0.38119407714217035
1.7869446412037666
-0.011365284082144482
1.2482301124957347
-0.447078888473617
-0.68369332517778
0.9906046064131776
-0.9322483485449675
1.294431895856161
0.7953396694765762
-0.673017042192999
-0.20835746677119263
-0.8118220456682604
1.3725291754816906
-0.6807394604203802
-1.0112113916131478
2.2278571592289818
0.7177189107794477
-1.4894866119692127
-0.8596773339904541
-0.5700076506411618
1.384832702494972
-0.14192914778893936
0.3388048474413137
-0.39451481070360284
0.7314625386484359
