546
0.5981288733574577
-0.6578329695727517
-0.42723753154001237
-0.46534539567908123
-0.014588891151828069
-0.12969906599129158
-0.3563730315661237
-0.05174687009001067
0.7134326382925551
3.0355527568725265
1.4677061245389482
1.1668146016554715
-0.10098255778038187
-0.6222254274033414
0.7755166632141016
1.3505863631541193
0.8016866283521317
-0.7124950108353755
-0.5998867289842564
-0.9598454657010316
0.6676025805872924
0.28225486140682815
0.29578588219645624
-1.0266386067094417
-0.43466546711450377
-0.47513838238533773
-0.09082720336475765
0.41453156401942143
0.6284589952147506
-0.36592545639212976
-0.7739335550407759
-0.7479340137457434
-0.4855372083409337
0.5524702284647766
0.19119532807531683
0.7684884416756316
0.14639359529278498
3.6536145958945268
3.8940693388267396
4.442578723250287
1.110695608020927
1.0065031976535876
0.6067673626378409
0.7767702472642551
-0.046114163159964486
0.04519134643907743
-0.3455396633760337
-0.08085744054407473
-0.7912595142501802
-1.1226305544177817
1.9151344539116752
2.5000247675760487
2.13202759710395
-0.47898196525200304
-1.11961058971707
-1.206246586064239
-1.2018167805859514
-1.0898835414992216
-1.331327445731179
-1.28804218346772
-1.0521403498787938
-1.0100816114165814
-0.7750499672176956
-0.6421143913546701
0.1948286116467676
1.4210430814494464
2.5591580274587615
1.391326757385417
0.35552443159904923
-0.7348756854626981
1.4526991537460423
0.7493539852957052
1.0823942278995922
-0.5317079948551973
-0.8393056130145989
-0.319486432897162
-0.31969884760771394
-0.24395108966673928
-0.6705094521688078
-0.5142920918907219
0.4703995475991215
0.45006374285032164
1.0505048465377205
-0.45779643823890215
-0.8460633057447546
-1.268569830309961
-1.289362996696269
-0.6036871634672807
-0.9195241092073947
-0.6952133940740082
0.8914488566699411
3.2144198467589735
3.181918517715184
0.8540013529179142
-0.13385347030888836
0.13358993854898202
0.04678157501310156
0.030788379216408878
-0.7840724612343623
-0.5796879140612734
-0.19666934969473698
-0.7749106778131671
-0.8485575179400837
-0.60912593273619
-0.41557817328798424
-0.24369080553778164
0.1939190210671842
1.2871040602804946
0.4638106844268937
-0.9663798924115904
-1.1146904805077427
-1.4629525617063708
-0.703874814714288
-0.17515230590886852
-0.444072525525051
1.752821002202979
1.7225273152701757
2.733562076714269
-0.1261527150139298
0.23225031497617235
-0.6885619391092409
-0.868941597415742
-0.8529371157217502
-0.1666075088285925
0.3459288806278244
0.29752103455454276
0.47324699056493075
-0.3899115450152371
-0.8541502696445483
-1.2487049203497917
-1.3728200676889504
-0.37585797579667524
-0.7817150424000999
-0.7041384371197147
-0.9071747457477775
-0.4908284638262837
-0.3665660507429997
-0.45565449102663874
-0.3097910145725214
-0.23767704913555718
-0.4722737072880812
-0.6348862725820815
-0.04557126105927613
-0.3587582806386916
-0.41703807573592977
-0.5435590013752066
-0.8552385730257743
-1.1260591108553442
-1.047399408964785
-0.8188211991971296
-0.7532332678278643
-0.3553089203275745
-0.5659218549272923
-0.3297640390684335
-0.5516162651996503
0.09596154519303199
0.8412524440880327
0.3532885758539452
0.13100058263499986
-0.23650714510049553
-0.1933099735289119
0.23982176020547735
0.4629542736842401
1.1251583805638812
1.2063883182780122
1.0570155939690646
2.2497443518659965
1.8528276309306282
0.7004725589842785
-0.27520378814209423
-0.14984097552403028
-0.4193705425474557
0.2754388883957955
0.16914678430363272
1.1681642774370153
0.9820925794883164
0.19293766399269993
0.44521381447723823
0.3585345480327252
0.23386141880934355
0.6547866005767996
1.7972935737080522
1.7339625738758042
-0.09497879447140947
0.041366716943756134
0.007459332109381446
0.6988275381246045
0.6763290705507993
0.9851738165819696
1.4183928112926154
0.9628505784203213
1.3881141926762264
0.863872106084359
0.2965995979472878
-0.7047754482170967
-0.792894721502872
-0.8282372892284787
-0.5612547063153706
0.25548319457689506
0.2753886307631924
0.1455377137526406
0.1620591543680124
0.09760374480381703
-0.4407951497699612
-0.9031029551636701
-0.5353046436449371
-0.5682786188172556
-0.47235982518647374
0.03546621202853368
0.16296873810809814
-0.39698721129297565
-0.8053426783903682
-1.020725234809479
-0.456317345273545
0.9690386494850928
0.25128655838671315
-0.5945320415304357
-0.4781101410341742
0.19332182645499496
0.04781404277221165
-0.13512948909222933
0.03199872640815096
0.15038007009272275
-0.08808608004405777
-0.8398210568224191
-1.1733499354213972
-1.568536596777741
-0.8404617981940856
-0.10287474937499294
0.31153400848647883
-0.09540880695103733
-0.8343315815920628
-0.8501804517451937
-0.584471696154848
-0.3157585327784188
-0.5660666277586545
-0.4140175935919175
-0.8628943691749338
-0.8878703489101691
-0.5871843486293533
-0.38370737549895095
-0.22253340439788147
0.4133818996202652
0.4703862883734353
-0.2884640325828796
-1.2405790291008898
-1.236955688346362
-1.0731215335886541
-0.9639695225301866
-1.1646757856956351
-0.9420441771881797
-0.551862605795743
0.46627594134558686
1.4224789991032454
1.1195346952187049
0.26679789861089864
-0.498475896092274
1.356375725849209
1.4621840157147892
1.3779241089341667
0.13712775237216704
-0.759799252518307
-0.9943997836265831
-1.1674834973442811
-1.2372199204869183
-1.0104604409854439
-0.8791749545361793
-1.0064617577323587
-1.3082832092082588
-0.3550594147082591
-0.41817910107551837
-0.7424803045863156
-1.5492367218894538
-1.4441170153463072
-1.7148321196028555
-1.5300378316016532
-1.144372465934798
-1.2795486367086024
-1.2389846851583808
-0.4386205923535779
-0.0005576413392488218
-0.531061568372477
-0.9465615044169653
-0.5399348095643851
-1.0266524049683747
-1.048394742478018
-1.378570744905179
-0.09459006107432044
0.7369173835247259
0.7088911132744908
0.17604045159903614
0.19800910984683098
-0.3636726299013628
-0.7493286799918051
-1.068297305528434
-0.9627458413647594
-0.6038440700578563
-0.30954918634206946
-0.049560567163795734
-0.10515753003774288
-0.23193846293439113
-0.14940702693231817
0.15178227093185498
0.06281419374722673
-0.020142041492260704
0.22491267341886353
0.013373751758398042
-0.08603713461153252
1.1124350756639736
1.4161694113462204
0.33934563579918176
-1.1097709100667958
-0.535089912115249
-0.27980088878927734
-0.5484659597498526
-0.9104813994628915
-0.9840240568559848
-0.9415662898190916
-1.1308289272822618
-0.5250265431333401
0.7828417735718982
1.0948537185866367
0.42566661600948663
-0.11166018032038667
-0.6617020118785489
-1.0283715251542302
-1.1828507991523838
-1.082786094595075
-1.1673942757837807
-1.0571716103248356
-1.3382296634585502
-1.2077725806431117
-0.7998178727284325
-0.4671059807534426
-0.4248859318933643
-0.24422212808645766
0.6431344041383301
0.8013590969778893
-0.24696381004086831
-0.837772944851652
-0.5914499739135376
-0.717924041607655
0.16342901682682154
2.074191019130903
0.9840186859824033
0.03261953504005971
-1.1254729549941662
-1.5873375410364208
-1.4539352318041234
-1.330354727745265
-1.1659078717556872
-1.1232347113451089
-0.6925417325964116
-0.6625877590428159
-0.42498539844072486
-0.3005573570144026
1.7080905004284566
2.281212756362335
1.306236238736143
-0.5738666603294353
-1.061939158253932
-0.5927719857296729
-0.2521644695465739
-0.020140937934371304
-0.7778541166895536
-0.41721739154397586
-0.3665797257290199
-0.5870630455454833
-0.9315263915324069
-0.715708920584109
-0.8481078123103611
0.5207312405639977
0.8138716911432978
0.36455643052607767
-0.6042880866055352
1.2229547032147865
1.7384584649265942
1.17166547963964
-0.5622404638332886
-0.27970423825447877
-0.5793621945188006
-0.03325469485910193
-0.516041515462978
-0.6298873736061601
-0.4422276890778689
0.23171946678373265
0.13660883865729997
-0.5620107005382128
-0.987503680925938
-1.1624221777366714
-1.003529680444057
-0.7398632626126685
-0.4920918523722555
-0.8554850015858746
-0.7636087003357113
-0.9920551784327856
-0.7795779049446677
-0.48095278540599923
-0.7982513173477829
-0.7665778407320738
-1.0837455178809832
-0.6412966845174952
-0.9808287588122635
-0.9330588520094035
-0.6817965923813571
0.33733785017155155
1.174916282792635
0.5236398340635359
-0.5119797486786921
-1.0851881140822333
-1.0111490560998977
-0.9300337015698102
-0.6324889893589055
-0.5670426436287384
-0.514288949813325
0.035088715484891723
0.36645055672870835
0.1369239903825295
0.35586312199321407
-0.4991730291254843
-0.37817968387988
-0.11767582902253808
1.0451214828579727
1.7019389020241322
1.7203564826811666
0.8108466945781384
0.6124639474348919
0.07126631811433118
0.8732207324356545
-0.47064587300081895
-0.09580084712345946
-0.39281973939071635
-0.26271505455025945
-0.3283237582747235
-0.8420436115001707
-0.844798296904232
0.6038666523666497
0.8081378752597167
0.46595459578014453
0.24890995940091518
-0.2513678897350235
-0.5198147404247743
-0.6966043836067781
-0.785675082309742
-0.8073399098772234
-0.603489420331451
-0.3338359523062601
-0.7519943824847257
-0.541383973446736
-0.6425604898732504
-0.31313114886977556
-0.6792333915935126
2.379995357272709
3.118835729287577
2.7196692968690392
0.10053390860457487
-0.7392176569512865
-0.785501243756944
-1.3390590163589753
-0.8938985002858862
-1.0015251764228164
-0.8525716512862614
-0.9043223109982438
-0.37317862509970645
-0.7742922014346966
-0.10730608537425065
0.04938982469872622
-0.46092962389772496
-0.6594213776426455
0.24410221009919938
0.11171020616223835
-0.16763686891097163
-0.36040277513242225
0.60405616022332
-0.12702550093834206
-0.14493476558086174
-0.7689090016319734
-0.8086540261730681
-0.9015191951882788
-0.5535746496181908
-0.07476789154606463
0.7408607208727639
0.9925958493037395
1.2412288575378791
1.0868008223747834
2.0356369700334906
1.1301247739427551
0.7041856393937862
0.30216746835078084
0.3111726636403657
-0.012541140683694269
-0.49358556696590317
-0.374306260654756
-0.15911189222667194
0.6465227436631299
0.5751390903159461
0.417583839027418
0.22150150010635208
0.2280918813345537
-0.4667835311270205
-0.3483352178606606
0.4263335040026851
0.7438274033329757
1.0882773308934643
0.663537738749653
0.17957943704666562
-0.009477974602561803
0.4835958049689875
0.6766027638187
1.1116765137793314
0.608279819577944
1.3783379281040118
0.9081156612516719
1.733063738809881
1.031095180695762
1.1658227212412073
1.2394682693950165
1.3789988175733023
0.4174703277075061
0.05720786815312751
0.004867903494209025
-0.12404667489169924
-0.1458534899817864
0.24262090577517317
0.6391714868438516
1.0770287035249277
1.155119236321512
0.10670210387028572
0.18533272849530472
2.380996158787161
3.0421567359284856
3.024302063606763
1.932900194644121
2.097387258453118
1.988893639198448
1.5019867575846215
0.8055489712896117
1.3085646875257404
1.2280824394332919
0.9147232960583455
1.100467020958819
0.7674291712484002
0.8519083808742206
3.5516646162807337
4.135703078453488
3.377908303503101
