182
1.0126356819978208
1.0023453095030421
0.9885983056537573
1.0716528046157132
1.0254115142104248
1.021099645677116
0.9990626131584224
1.0365882380411604
1.0160407643141491
1.0131463215320147
1.1231334589520752
1.0882476859665307
1.0454570802262182
1.088001506957422
0.9937984789433761
0.9941545043224105
0.9919791958038461
1.0256972658492587
1.0608833073145996
1.0053575895795905
1.0073253326888578
1.1310802618370808
1.0707535889680138
1.1072137009235654
1.0237539611134014
1.016202462371927
1.0038910407526498
1.0442523667997172
1.0774019971501179
1.0694840813542923
1.0506072587626747
1.0157446913894719
1.0246174522245355
0.9884314771753069
1.0741467322009284
1.0143771719132428
1.0653308515220323
1.0183515016545988
1.0010699051451522
1.025961180542189
1.0420848370701123
1.0083148820050947
1.086579108707294
1.0375895324270688
1.002436455039987
1.0174113313346527
1.0734340096046426
1.0277822723774586
1.0505552603476918
1.0406046588339835
1.062959387526059
0.9949572592507504
1.0621394551364487
1.0221092798925515
1.0477631875424533
1.0995389944289065
1.0325327272633877
1.012787937097111
1.0216687375073734
1.033530106037611
1.0887317670762757
0.9989502938143848
1.0012363477961075
1.0913477228428383
1.0642196503338233
1.033458279384781
1.012484072467202
0.9986720838345651
1.005065600071259
1.0053764990518803
1.0140006210819064
0.99983098390494
1.027840968802259
1.1064686286283754
1.090625967900519
1.0516580321245714
1.1674983917498338
0.9943620625411995
0.993138077317435
0.9865693021528511
1.1032000024752142
1.036413840361956
1.0234397405827724
1.014948809562841
1.0638272044588022
1.0892918274196655
1.0465732807231551
1.073461774838524
0.9951401781989168
0.9930426325495493
1.029669798411321
1.0738128936133629
1.0044025856666976
1.0374711631847995
1.0750586534609297
1.0802402372589053
1.0196634418247015
1.0716601470237475
0.9973725542750144
0.9933417296140519
1.0705939489093805
1.0935160626484213
1.0159205558479898
1.0611014158950396
1.0148654394312067
1.0496619101038356
1.0967044809365274
1.0451338936352101
1.0125787484918576
0.9854494174844584
0.9915886514489582
1.034566184421839
1.0468875619924867
1.0799515102359254
1.1546550224079195
1.0136424931724046
0.9890424826518183
1.0376528935149252
1.0182135424090226
1.0955180237559061
1.0089062966746694
1.0791932801016324
0.99373809523761
1.0602069328867005
1.0253537652725078
1.060264150382817
1.0326641382227786
1.0153238951560826
1.0849392115772196
1.059727626083189
1.0032950578420945
0.9881179591460839
0.988883392118035
1.0030791558280787
1.0139335880902327
1.059088364778335
1.0843902453233796
1.1228468391860942
1.0199691188771758
0.9926403010097019
1.0664158125995684
0.9943230371640597
1.0155869168581908
1.0450851627848894
1.0679422559245126
0.9975827427371071
1.0635409743937148
1.0366825122966739
1.0924865585639085
1.0921293922669408
1.0518716349052295
1.1861983398634512
0.9950820528367332
0.9975523893251017
1.01288298218349
1.0754443157102815
1.0003482802223158
1.0314297534652164
1.0288485717802256
1.0533765013894896
1.0382926006152047
1.075384907203944
1.0084627030182924
0.9999854908746073
1.0193952213424944
1.0934790640300256
1.05033252173086
1.0332692875639373
0.9892380182079415
1.1019655795385956
1.0231626187072678
1.0122777119385216
1.008520389432944
1.006585759788386
1.1304435207017667
1.094587320946721
1.0475086289413214
1.0296129132912735
1.0312804002354343
1.012964062648908
1.0035182348559581
1.0055113693675621
