182
-0.34157060537756073
-0.9944314870073984
-1.040578425796779
2.773599363038451
-0.48699642802927917
-1.2647376989159187
-1.514354641530548
0.6974964578537178
-0.6508371548254116
0.4416381616390944
-0.2638238538101094
0.2999315380551163
0.5021480296267123
-0.037144225315101115
0.059118911462833344
-0.30847321681052825
0.2067925249880213
1.5165395173140728
-0.27268051205186833
-0.9854475256004317
-0.3331840132382791
0.186547842901883
-0.08816097364136749
-0.9086394665453662
-0.4699784530323724
-0.3171092535849705
-0.2610589556894
0.8809826219748116
0.031249730724866837
0.19674688261960327
0.25753481226884983
0.9549682169179583
0.06922015721475615
-0.7532877050525674
1.4081457450218393
-0.8448077708928602
-1.5308094035203608
-1.4563603160281595
1.0980366368688987
0.11698665089413234
2.3853419019642406
0.41593583372674275
-1.1894678846587117
-1.3565164602348638
-0.9414348788917853
-0.17605330072314485
0.47156588903079655
-0.03587769068044287
1.8786923400288802
0.5394345276146998
-0.2691699255712786
-0.26366280327991964
1.1723630272608117
-0.6294721235838169
-1.1977712971760903
0.4817007270537587
2.0251496356956387
-0.23466751828300758
-1.0996673576218816
-0.9701399696943015
0.6450546624845603
-0.9154545168579528
0.19048014700498023
-0.8281772297261855
-0.5518548196351811
-0.6492815075903129
-0.02803817168895737
-0.5710979252804761
0.9998821266692809
0.3094462962490847
0.27203225442323276
0.8254886167253069
0.5132657934958581
0.6234203561520042
-1.4696931243159552
-0.9981868921987435
2.3803115070995506
0.010167182042377118
-0.4445985531573082
-0.578549274069116
0.9319978145730882
-0.372181515563412
0.7087467960055537
0.8074787091940256
0.38679097306847127
0.9764962767230768
-0.9167642212392786
-1.151280768142935
-0.5243960069298941
-0.6050438851129507
-1.0664606316880725
0.5406450544911617
1.4762079005844921
1.5499866295832088
-0.6528927158356569
0.4173209537776176
-0.822599024137744
-0.36531298574105214
-0.8714535778632485
-0.011860284846674497
3.2309512951910317
-0.48539626711482114
-0.8042270580470947
-0.5157749691288829
2.06380161885636
-0.40325971876082595
-1.3291327778540691
-0.5937399491968487
-0.1737849279366131
-0.2774377386117083
-0.5846303624659022
-0.6592209288831583
0.2649108622949062
1.0117351056514032
1.6850308140644115
-0.9331981888657892
-1.3156351844981522
-0.6710199363314175
-0.1225701944031047
0.5836919090151609
-0.9889495212941213
1.4282803175589833
-1.5155521947051593
-1.2845877616330807
2.789356350675638
0.7554853881179536
-0.9364502701442169
-1.5081097002084827
0.13100608612302572
1.09235114490222
-0.42288653380473823
-0.4390886450855832
-1.2790562464552473
-0.06696988276463428
-0.042225599620752854
0.28794188071031057
0.7864571072799356
-0.04670728792545569
0.044368530983717964
-0.36505679089699866
0.25280672913472946
-0.33767455498523147
-0.816255575162683
0.3534095111649409
-0.4494013641904763
-0.1694185023848383
1.2101140705847386
-1.3058880088203524
-1.5235800472194547
-0.5663085630070548
1.2572584010513714
3.3510421470681595
-0.21478552403877485
-0.790850402225859
0.5595152956551684
-0.36177180550815474
-0.6416018573199941
-0.8151360679688079
2.5721692534927283
0.6851162897688601
0.437370207106449
0.5387825422040025
0.3229942741067578
-1.2999004775709764
-0.4969388453049396
1.842672660331375
0.7907059929177417
0.5239522277913211
-1.1726030276463542
-1.3754994179572129
-0.2830819277846797
0.7069024638177898
-0.09313721737427423
-0.1869885507627975
1.5693632528246308
1.4351095416993351
-0.8947707721401558
-1.3265106655131043
0.362588113011051
-0.9798063655569843
0.28651953571166366
0.903280450420996
