546
1.69363
1.99246
1.79918
1.20878
0.878565
0.754971
0.233306
0.174375
0.328938
1.95163
2.49646
2.52324
2.3252
2.95003
3.84604
3.92545
3.68707
2.29367
2.16824
1.92531
1.56733
0.606392
0.431236
0.760454
0.780539
0.785286
0.236358
0.0328004
0.0938743
0.441119
0.546261
0.346098
0.34652
0.25563
0.520781
0.737853
0.749224
1.74866
2.06129
2.52123
2.41103
1.97014
1.18767
1.35987
1.10404
0.563539
0.0846875
-0.130029
0.261811
0.589343
0.585076
0.331798
-0.441785
1.1995
1.32405
1.15602
-0.759479
-0.633882
-0.576038
0.354877
0.441116
0.324626
-0.604786
-0.481104
-0.501623
1.15724
1.95148
2.13688
1.89781
1.44416
0.314859
-0.0401726
-0.124128
-0.777448
-0.694927
0.260828
1.68547
2.69336
2.95099
2.69292
1.35352
1.19532
0.902796
0.784934
0.869986
0.730634
0.552478
0.850483
0.844288
0.776131
0.648749
0.650515
0.363866
0.162948
0.055152
1.54123
1.69487
1.60314
-0.133088
-0.430165
0.00657329
0.527734
1.28574
1.4499
1.13021
-0.149482
0.33162
0.544572
0.750445
0.847006
0.521643
-0.271843
0.41095
0.82956
0.52646
-0.394412
0.406143
0.687581
0.481571
1.11905
1.1113
0.839042
-0.0347179
0.312754
0.904697
2.187
2.43392
2.59681
2.01737
2.2221
1.91548
0.994448
0.143427
-0.359307
-0.542193
-0.503274
-0.515655
-0.719301
-0.651417
-0.581288
-0.491942
-0.560647
-0.497269
-0.443707
0.14428
0.226655
0.207645
-0.222984
-0.60088
-0.152443
-0.0360467
-0.251965
0.984554
1.21245
0.843114
-0.0373672
-0.168745
-0.612813
-0.6196
-0.653007
-0.786085
-0.692283
-0.76622
-0.5798
0.570683
0.751588
0.771537
-0.246361
0.296368
0.0444036
-0.12952
-0.48694
-0.525536
-0.564047
-0.271954
-0.138874
-0.187063
-0.530864
-0.60195
-0.39922
-0.307972
-0.31731
-0.256911
-0.35973
-0.516178
-0.449003
-0.276899
-0.346085
-0.748382
-0.543328
-0.572622
0.919844
2.64768
3.27494
3.04497
1.81759
0.814231
-0.0740572
-0.245476
-0.309345
-0.405336
-0.156338
-0.0524545
-0.450788
-0.725782
-0.437593
0.329447
0.235213
0.036957
0.361767
0.449532
0.204203
-0.376268
0.459576
0.903631
0.742794
-0.654502
0.631434
0.711755
0.949155
0.487712
0.0828239
1.54252
1.77916
1.7559
0.0355198
0.0455385
0.759692
1.58801
1.68759
1.40462
1.30885
1.33389
1.1827
0.108026
0.24566
-0.0136786
-0.0633627
-0.163779
-0.628594
-0.617509
-0.624056
-0.529369
-0.532462
-0.373586
-0.437697
-0.47036
-0.347452
-0.450235
-0.44972
0.396351
0.639635
0.620682
0.1671
-0.0195393
-0.00723993
-0.180881
0.259293
2.28401
2.70884
2.6631
2.13155
1.90017
0.634117
-0.0371219
-0.448801
-0.308193
-0.22142
-0.124353
0.766512
0.739125
0.413925
-0.162861
-0.527956
-0.443462
1.6026
1.92537
1.80648
0.954148
0.953288
2.20843
1.99128
1.79966
0.844886
0.890026
0.899799
0.479859
-0.123172
0.900319
1.51221
2.33978
2.40236
2.22346
-0.376373
-0.0773451
0.00127361
-0.170632
-0.515619
-0.525322
0.03621
0.21224
-0.0566061
0.453057
0.600968
0.550571
-0.098384
0.0612547
-0.139598
-0.354155
-0.307007
-0.12449
-0.350986
-0.587871
0.0491938
0.337448
-0.0983516
-0.443819
1.62295
2.55057
2.73727
1.94103
0.953722
0.24552
0.596429
0.417457
0.385024
-0.333905
0.0425991
0.543632
0.825811
0.026615
-0.171967
-0.428983
-0.410012
-0.524817
-0.293314
-0.134711
-0.11444
-0.181181
-0.263376
-0.393962
-0.706463
0.440468
0.548034
0.307245
-0.578946
-0.572555
-0.69937
-0.689356
-0.698001
-0.510606
-0.492001
-0.351811
-0.429573
-0.429961
-0.781363
1.60607
2.26165
2.24564
-0.489165
-0.659954
-0.14755
0.307884
0.364456
1.02003
1.25383
1.03166
0.00320984
0.360006
0.558546
0.245386
-0.154114
-0.0970814
-0.251948
-0.280257
-0.389205
-0.218768
0.419676
1.47567
1.72478
1.77359
1.55707
1.11302
-0.508483
-0.372275
-0.132652
1.61486
2.0003
2.01976
1.28945
-0.28504
0.246864
0.314679
1.20022
1.15462
0.643633
-0.260587
-0.593144
-0.708816
-0.738963
0.197138
0.605508
0.932258
1.03741
0.646606
-0.345706
0.738768
1.10647
1.15238
0.792395
1.47165
1.12037
0.576954
0.115418
0.122754
0.253044
0.0894318
-0.474275
-0.487292
0.834866
0.94876
0.914387
-0.511896
-0.667374
-0.621993
-0.778557
-0.491008
-0.113935
0.246551
0.316532
-0.120696
-0.610918
-0.239499
0.649326
0.892573
0.505077
-0.171963
-0.374446
-0.131757
-0.246664
-0.805018
-0.386668
-0.25794
-0.368229
-0.562279
-0.108107
1.13981
1.92577
2.32108
2.10554
0.964104
0.0803448
0.353375
0.639715
0.143005
-0.232475
0.0475883
-0.0232282
-0.125431
0.246849
0.397345
0.024397
-0.799268
1.69639
2.24812
1.77945
0.833995
0.273675
-0.0765849
0.386169
0.314839
-0.249017
-0.0162203
-0.224527
-0.648444
1.51119
2.15203
2.36626
2.08489
1.12498
1.47818
1.31139
0.884647
1.91925
2.21355
2.46193
1.60344
1.37098
0.869032
0.364673
0.225574
-0.322457
-0.137741
0.0784325
-0.220835
-0.450153
-0.388381
-0.340449
-0.158205
-0.120009
0.0258125
0.302049
-0.120627
-0.304356
-0.42141
0.778106
1.02133
1.07367
-0.329338
0.360348
0.325602
1.04656
1.96075
2.41358
2.46351
1.45633
1.4944
-0.527244
-0.603133
-0.660703
-0.289752
-0.0635516
-0.0533195
0.42334
0.714378
0.89233
0.803739
1.032
1.5764
1.70243
1.84022
1.33843
0.789363
-0.129863
0.848298
1.27414
1.1693
0.549972
0.123915
0.103212
0.811402
0.718522
0.643807
0.625103
0.429633
0.292735
