182
-0.22909592393041905
-0.7252303422064649
-1.072609081390479
1.952809004522189
-0.09921068796891426
0.06407176977738459
-0.43313528325322387
-0.7887708999598785
-1.0217658576426891
-0.21757157590659013
0.4292748465764284
2.26223605603875
-0.4906126525285689
0.028500975607893907
0.6857928099627849
-0.828749967396201
-0.6965207434083417
0.25994914849144546
-1.0582801684484169
0.07788618436686542
-0.7643194612272268
0.788916597560356
0.6091494436216669
2.0429004035572023
-0.05685108153110727
0.17839712115099174
-0.8000101857383417
-0.38245185389400277
0.21074776445280713
0.2576323380182118
2.4651334408550225
0.054130513347224546
-1.1954654953242678
-1.1087496139413855
2.182963451261535
-0.3356224252285987
-0.5863234551125033
-0.3631604853556152
-0.04930638811043781
-0.5885342980372751
-0.5078993391737749
-0.1437778142803753
0.4561663220883931
0.6711418923723543
-0.3700739112711994
-0.8175982453072582
-0.5423068884647473
-0.7797068039096501
-0.831197811511859
-0.7676788899555673
2.238058208255954
0.6979236773409623
0.4985565327050224
-0.24261970999400792
-0.641792184321735
2.0215584493878396
-0.5374697345505376
-0.8916323700527974
-0.8657063506507605
-0.5477836220945765
1.5952714132034855
-1.0717904229246025
-0.5428563162489256
-0.46741371381917357
-0.8706839513715532
-0.7165741471817246
1.0487846761081387
1.3366601246953824
0.33459273353278446
0.8163576145245869
-1.2465082079698673
-0.2742857253625935
0.5067228974311705
0.8149815178546774
0.8257903304616363
-0.5521113281341526
3.352640275335058
0.5559651832751351
-0.9382213134711318
-1.2041077296241192
-0.8122490242598885
-0.20247230344824077
-0.6345453041508116
-0.21325931466020057
-0.09293128490355856
-0.5077297955000755
1.1028595097060048
0.4556400445325426
-0.5327489104841243
-0.26926578456122724
-0.658796007207025
0.34818730052994257
-1.171793909341137
1.88902989916315
-0.21916075142395613
1.2115018314210166
-0.12673208921597537
1.7505629492894421
-0.6306407834080474
-0.7986657889205946
0.7531278099552414
0.8469022130301462
-0.5538490778071784
-0.3730987892422581
-0.9432638783843103
-0.8001613536135429
-0.10026935440760433
2.585766092742999
0.23784284977939812
-1.0488823497048074
-1.0549979758375108
0.004906814744381159
-0.9636404803720345
0.9785327540847081
0.7288955042569468
-0.12057865789292481
-1.2313087834722374
-0.8794972586080048
0.2538755550980392
3.4577136819123115
-1.2809471476052847
1.134126778473182
0.03746282978078896
0.5370119723600503
-0.28973094619292544
-0.35494617807488166
-0.003945101384126216
-0.6914395081772704
1.0500900891548894
-0.22058223296342022
-0.7527524588651872
-0.5603838581272201
-1.1432157651692891
0.35182810239835194
0.06157856670418481
1.4987916858318715
-0.36828713255899465
-0.8434918437078692
-0.3272912850798917
-1.2263427395758044
2.4936671861285435
-1.194813009100815
0.040382124900576445
-0.5329280196216043
0.740193677650637
-0.6020289109037336
2.2570345262422715
-1.1130200674749071
-0.841540956585585
-0.1208412945790203
0.1345083294450931
3.4152328515175143
-1.2047551280578699
-0.21300085675732364
-0.9684419616555193
1.22124309973994
-0.4937953931105894
-0.20706824649419336
-0.45374607394208477
0.17229053672791889
0.12194258942482353
1.5964174629133754
0.0934911120187059
-0.8167842087079779
-0.3945744982463836
-0.6188806078329517
-0.43632362647848266
-1.281608584532247
-1.0348278598704326
1.6567189119960626
0.3370336402661821
-0.501610402201833
-0.19059844873855927
0.1378111808064906
-0.9627742357117992
-0.16310191027263615
0.8546605763287621
-0.6923844572074112
-0.8729862996490361
-0.9009734060809947
0.15510431358970977
1.0558174589233118
