546
-1.08653
-0.975979
0.384856
0.790667
1.33417
0.315022
1.39825
1.16845
0.709475
-0.211966
-0.0179903
-0.275694
-0.459248
-0.585588
-0.170921
-0.0955098
-0.540729
-0.485897
0.941466
0.835358
0.96692
1.27768
1.29565
-0.592987
-1.12122
-1.13982
-1.13771
-0.888935
-0.763318
-0.183377
0.873724
1.79536
2.04466
1.9167
0.990335
2.0649
2.07741
2.19854
1.33582
2.00114
2.10372
2.00525
1.27088
0.78208
0.114561
0.663352
0.767241
0.986963
0.327447
0.839429
1.0418
0.859415
1.29306
0.637289
0.283586
-0.760974
-0.995959
-0.856348
-0.400691
-0.310116
1.26019
1.12084
0.667819
0.432069
0.779652
0.917012
0.650697
0.936851
-0.144362
0.152566
0.595542
1.27471
2.00472
1.49326
-0.758887
-0.621097
-0.647872
-0.0095051
0.453261
-0.0328003
-0.314171
-0.117327
0.275113
-0.0875583
-0.045501
0.487852
0.0162025
0.635239
0.332944
-0.153989
0.468106
0.782426
1.94262
1.41234
0.598856
-0.240797
-0.00642014
-0.348518
-0.58661
-0.850751
-0.387364
-0.0637113
1.02244
0.874214
1.00375
0.390925
0.520021
1.16793
1.55858
1.20312
0.222136
0.828836
1.34136
1.63077
0.810956
0.113769
-1.03086
-0.264331
-0.0274988
-0.0902457
-0.307415
0.208655
1.12792
1.52241
2.82585
1.86732
0.576487
-0.339479
-0.782162
-0.999883
-0.94362
0.377133
1.10221
1.04397
0.630315
1.38278
2.34142
2.43319
1.63649
1.65876
1.7965
1.80406
1.9621
2.41466
2.40871
2.63456
2.86314
1.89193
1.72481
1.38684
1.73965
1.49931
0.912355
-0.127472
-0.401851
-0.508311
-0.701517
-0.415396
-0.168987
0.492503
1.33699
1.43458
0.998325
0.699782
1.48799
1.79776
1.88473
0.876649
0.898078
0.775576
0.210989
-0.705911
0.17079
0.0447598
0.0758551
-0.89806
-0.812128
-0.215074
0.679781
0.980996
1.06737
-0.10789
0.91512
1.2412
1.7116
0.876759
2.00758
2.33587
1.36588
-0.00659741
-0.0342271
-0.53273
-1.23332
-0.473511
0.483076
0.124644
-0.160779
0.0221325
0.629457
0.753539
0.414821
-0.826619
-1.02138
0.460943
1.48642
1.11646
0.776831
0.801687
1.28397
1.20411
1.51369
1.23535
0.858542
0.710211
0.604551
0.79347
1.11703
0.76607
1.08074
0.365076
-0.470909
-0.530605
-0.00117417
0.475692
0.24841
-0.232689
0.805355
1.46839
2.33731
1.85957
1.61163
1.46682
1.57621
1.4577
0.47503
-0.171441
-0.329405
-0.446546
1.02935
0.636486
0.165637
-0.44198
-0.640563
-0.356013
-0.190673
-0.866001
-0.531927
0.464258
0.908932
0.406333
0.786884
1.88337
2.64133
2.23593
0.19909
-0.246846
-0.551955
-0.506974
0.665943
1.03633
0.609534
-0.927941
0.285294
1.0082
1.66348
1.16458
0.870968
1.34284
1.21388
1.67478
1.12318
0.863508
0.255524
0.592109
0.367064
0.42352
-0.241523
-0.12912
0.672539
1.13705
1.76422
1.68805
1.72918
0.340797
-0.60468
0.60142
1.36939
1.18254
1.52269
1.81392
0.994026
0.264692
-0.662518
-0.922154
-1.17228
-0.858469
-0.0519678
1.31023
1.30429
0.805122
0.307407
1.61774
1.96854
1.08141
-0.765422
-1.43808
-1.09158
-0.308044
-0.472129
-0.263517
0.486564
0.787547
0.0243881
0.842398
1.47199
1.33474
0.389343
0.786613
1.18567
0.78382
1.11775
2.41623
2.20709
0.950602
-0.125617
0.0133615
0.273515
0.368304
-0.0990148
-0.491425
-0.245468
-0.0793284
0.356222
-0.0106981
0.557421
0.574432
2.06349
2.03944
2.17804
1.03833
-0.515305
-0.908266
0.130303
0.669369
1.3432
0.63988
0.657508
0.32559
0.113998
0.149202
0.715583
0.572797
0.228179
0.257135
1.10435
2.10212
1.99889
1.34316
0.399087
0.33786
1.06964
0.843175
1.69954
1.46422
0.777557
-0.245989
0.0492005
1.38225
1.74762
1.04282
-0.203908
0.0498738
0.39485
1.39671
0.67066
0.353629
-0.656914
-0.450269
0.980082
1.0235
0.402538
-0.460134
-0.647428
0.116707
0.667567
1.12906
0.981114
1.50682
1.40486
-0.137499
-0.241324
0.683088
1.04852
1.18548
-0.058038
-0.287685
0.484981
0.592332
0.665953
0.65605
0.140333
-0.0423721
-0.372505
0.248482
0.633941
0.444985
1.02405
0.693506
0.992026
1.20795
1.84931
1.11341
1.32114
0.965831
0.104808
0.466321
0.682851
0.886677
0.884007
1.83531
1.03313
0.439467
-0.225638
-0.191031
-0.26626
-0.188113
0.0769326
-0.215592
-0.551652
-0.963971
-0.784587
-0.516024
0.180235
0.86556
1.49671
1.02979
2.20362
1.88619
1.32691
-0.844493
-0.222469
0.327429
1.24599
1.17921
1.58996
0.6471
-0.317602
-1.12805
-0.071542
0.633292
0.567424
-0.56082
0.42826
0.76214
0.561037
-0.87647
-0.153233
-0.19551
-0.229825
0.901423
1.19543
1.58627
0.156899
1.17085
1.13134
0.905781
0.642963
0.752696
-0.257084
-0.234442
0.817336
1.07898
0.304258
-0.952015
-0.607415
0.372976
1.18567
0.667372
0.00663691
0.57
0.896981
1.14155
0.58599
0.0444731
0.315952
1.20827
0.421758
0.332462
0.951956
0.682194
0.415003
0.661177
0.61568
1.97602
2.75809
2.85708
1.36461
1.31947
1.12018
0.803233
0.268172
0.0861076
1.04056
1.72959
1.65269
1.11122
0.781039
0.57957
-0.230161
-0.830175
-0.760155
-0.592266
-0.374386
-0.322201
-0.941605
-0.389896
0.418026
0.280265
1.03381
1.30096
1.31698
1.17152
0.876781
0.901319
0.154991
0.231773
-0.0344914
0.214826
0.598918
0.434263
0.907463
0.849532
1.09306
0.610093
0.872897
1.25469
1.94174
0.696959
-0.233798
-0.896313
-0.54471
0.0191846
0.156653
0.947805
1.30977
2.41881
