546
0.7117263230600339
-0.49322728503356267
-1.4915104396627077
-1.4839413854072525
-1.3496933714808192
-1.4528363759569802
-1.2976448456881977
-0.7286943644874112
0.7256851124496065
1.9096082136880053
2.0947864924693915
1.3755360029950985
-0.26537042902509345
-0.8286828010645851
-0.8874777371828794
-1.3151623582738918
-1.1942899912666836
-1.2529052929959463
-1.468752138286643
-1.13037625786901
-0.5874395083936615
3.10141387815351
2.9776874362154198
2.161889857496079
-0.00933584819263015
-1.0960073884555013
-1.558114991145792
-1.0742129792089765
-1.1387512909790491
-1.332771115894135
-1.227813747271717
-0.12642470418603985
0.5892786604124265
0.5906663633536609
0.40689514614503636
-0.0017522967490344237
-0.09758793230868944
-0.13579096914048971
0.12161570369866394
0.23675468259998075
0.5997049469526834
0.00393871396176004
0.7810269931502761
0.9376220431296699
0.4010768178300119
-0.3875433413991552
-1.0804184385598639
-1.3655804839945438
-1.105948017420685
1.3768132579098773
1.114778628811182
0.791301024479147
0.04411215556032129
-0.35133205140400375
-0.7038918164320169
-1.5030534940263762
-1.3471528207772956
-1.0542830093966418
-1.3363380274119487
-1.6415054611781956
-0.2741641064032022
-0.6921119540886623
-0.12748522672027665
-0.561698510020953
-0.4262987418325964
-0.5408363084151259
1.987620316299303
2.0672456597924618
1.4654744818486063
0.12287352099288068
-0.4992523106589159
-0.7657125165316337
-0.5653381174749651
-0.14938677408155232
-0.4553062134225443
-0.9422538917386464
-0.8754138908984965
-0.7778880129126229
-1.0574902118952711
-0.6010088395820742
1.5834344083711418
3.3669544453326994
2.7192553750958273
0.5909816559730793
-0.8416922125720419
-0.6256676346174412
-1.015891474375547
-0.5075928331105461
-0.7326190733377451
-1.0583339663607014
1.0381425653593745
0.9132327048091187
1.7807760193970747
0.7851336328766357
-0.7538867591880294
-0.4334266462005957
-0.3945827333015992
-0.7181005851098065
-0.912026990969202
-1.4903319007832665
-1.1221388431440305
-0.6872355648541041
0.4724163489479788
0.4100046865871915
-0.14363397923642562
-1.3112385976941232
-0.06415319326793702
1.8277214986257857
3.2478823180565644
2.4549479866801005
0.9656864067650022
-0.6765882715556869
-1.545690160681274
-0.9916877813766818
0.20858279099625682
-0.37359064556999305
-0.19930161937537438
-0.6954513282310391
-0.017575111302915867
0.5489650166282044
-0.4613605030736572
-1.173343654317031
-1.1258188798278457
-1.5420083359555312
-1.375651379715367
-1.1349761181914295
-0.17043126047220072
0.1582207922116486
0.8612928843483076
0.17214450675395102
-0.3052877842107093
-0.6778568817739096
-0.6882797620246781
-0.4783314631374781
-0.33682754634008355
-0.5002565257755804
-0.39767859196491484
0.7634916592247617
0.011574954352221566
-0.7605136164061985
-1.3367778143820617
-0.6489712179600072
0.8178725764437212
1.4419581244228257
1.269295045738004
0.7476306256875416
0.20538231344528424
-0.6701170706109434
-0.22478388606602925
-0.5203867606073259
-0.9120771884485754
-1.1698654808843385
-0.6576956203723496
0.38591606899754594
0.7330579912338852
0.5038380522873012
0.8374455213474215
0.8708521591187145
0.46398777049018414
-0.9621020585242077
-1.0169927419072198
-1.1227588246589857
-0.8002850975047414
-0.7988288078238276
2.217593077636551
2.786577831790382
3.3689991766842664
0.8577064312092225
0.29571102281037076
-0.2624135428809346
-0.3555398187415906
-0.3665196451377651
-1.0437306089345488
-1.128059066699278
-0.42918179670214424
0.36614211656115686
1.8965457114430044
1.668757306545952
1.0087162463464128
-0.24379653026334405
-0.07284452608734131
0.1278256913038301
0.48831641574216117
-0.497821362177149
-1.0785528267673539
-0.3226039952989015
-0.7590960088275017
0.1883666847526835
-0.029237113672039797
0.2690790890244997
-0.5303353982932948
-0.10144426476211744
-0.7847490401641726
-0.4208256966156263
-0.6934678833245345
-0.02090793169350145
-0.17743324631337903
0.3504721547469259
1.0307329501931763
1.308326476973072
0.0174402505305144
-0.17672329950487645
-0.6181510332071097
0.5670744669105674
0.33164793563266737
0.9497579355142568
2.1675388764378045
2.9586231510059173
1.0490582659001664
-0.7832383141929522
-1.5375935649315968
-1.6307296166352145
-1.750599901551564
-1.5492445218318158
-0.6805512524226531
-0.18436506419063714
-0.6205330997853326
-0.15554173011700914
1.4447240962779104
1.224722044365274
0.5374201501342076
-0.5207497525625107
-0.5136077763570516
-0.6556988344306003
-0.5218402670955504
-0.7531818246387282
1.0810246902451073
1.9529272877483552
2.1904795816174367
2.2065039470903107
0.07985424976676102
-0.15226349485847018
-0.9863692398445038
-1.2150899952215322
-1.0158861135733488
-0.9520747963656755
-0.6537934348078989
0.21688031314636114
0.38951396431763274
2.126784915314302
0.6880105266989077
1.8019785319488644
0.4245453611993831
0.3981686713080305
0.5465849963309203
0.6774112486057061
-0.12870418281368892
-0.12078634461259688
-0.7688580175362284
-0.9584543165694042
-1.3267205068885448
-0.5887777955542383
0.09205440949579555
0.8829796951301739
-0.21032768444873634
-0.5786719941262509
-0.5257531640713434
-0.724800019720431
-0.5888481826904776
-0.01538249234462311
0.7161708751297425
-0.24568994889811038
-0.35891383228370566
0.2146975215356449
0.6296213661781062
-0.24195949792538948
-0.5169737019594356
-0.0012945969147680066
-0.661416222097003
-1.0033896032305947
-0.9996409754799941
-0.09049733902563337
-0.14883179399600371
0.16759606774140898
-0.18502150029750147
-0.19567038691309557
-0.4338094842774289
-0.8715641627634357
-0.7363398571842603
-0.6125155550630265
-0.021371603641642218
0.2237140847712368
-0.576877507819392
-1.2033297983906357
-1.0687952591881869
-0.3601019737958548
-0.35913137956368785
0.5583181281245679
0.9096167663811651
1.4963223082915604
0.6025657042613992
1.0679680412719852
0.6078558400730425
1.7905640029197338
1.773943361695554
0.901524405477797
-0.22907742635003647
-0.7953562638144132
-0.9366827917315329
0.6276145614455556
0.9598625489444768
1.433874643494479
-0.2762260160610761
-0.8402353532208444
-0.6415986517540457
-1.0434099313912952
-0.2807765986710678
-0.5486354237388383
-0.6870221294261524
-0.17418746839898455
-0.18647632669552233
-0.7094660432390317
-1.0486507184052547
-0.7480954075166238
-0.9184333150676229
-0.05818635008454505
-0.673130276450224
-0.44165444582108715
-0.029514873252993328
0.2171704536987768
-0.0671504471175344
-0.14998852244059824
-0.46152767721702287
1.015920147536049
0.988661896594276
-0.29780071660475965
-0.6786553222435298
0.0025475968901996827
0.18991777908476756
0.1972390722969623
0.6350521710442001
0.5860040781999348
0.6393818846727921
-0.351485624723464
-0.21437982727232993
-0.5813785788756999
-0.2672940533689631
-0.3449985412450955
-0.09894267067949912
-0.1525548702117806
0.3218102195392515
-0.12519521854928198
1.2872524691359772
0.986052404170835
-0.3737656035196476
-0.7289935894568823
-1.2246350264062658
-1.0317912575515633
-1.1561140356143944
-0.7014176702863877
0.6090636123884482
0.7141091218813906
0.43517603601850824
-1.0712566354628872
-0.6548661378151469
-1.1173413465086692
-0.22583020275041896
0.6900904063762056
1.9490708553709517
2.0120164700095127
0.43356309359971795
-0.6409306555768062
0.018491180530934816
0.023795035851878487
-0.05286464129390807
-0.7833898879064485
-0.9318110833916172
-1.0566134413071646
-0.6132781075173086
0.7605653023302663
0.7587423904024538
0.28947549680968904
0.30596887478061935
-0.3892367846292783
0.08197037762957259
0.1265607174469486
0.1682436907389971
-0.7636838181478386
0.18913768801279596
0.2969016978693856
-0.5901933505782972
-0.9885597867038102
-1.082687286323103
-0.28596878783901164
0.26044706853158733
0.47956681431802023
0.22088113168062629
-0.5983854770395911
0.2950999864111907
0.4306724079212808
0.33757975860101386
-0.7433355701834142
0.07143959316306754
0.13737241996992064
0.5507486569346225
-0.24865348998777329
-0.67417454019024
-0.8894436267250997
-0.9263596564552311
-0.4947577944588355
0.47911768503181346
0.2888288609202302
-0.10245516818331961
-0.051259902971552626
-0.4580714812118133
-0.7970614138891746
-0.646411919452976
-1.0229882621428508
-0.7062191333490182
-0.7914815316106489
-0.12353051123436683
0.7877357888087992
0.9342729871506447
0.3858915218708783
0.46578310845005555
0.6755893442017762
-0.024854630595999974
-0.08660600553778249
-0.05954509250731953
0.7956929715946706
0.5407261727743787
1.0190007017008031
1.0424866891718998
0.36449671981170567
-0.2611042964921515
-0.9617775224729648
-0.9270172211262224
-0.9292947348226679
-1.3269834208709406
-0.10172796754540296
-0.615629428773853
-0.2552402192887888
-0.4349655227041666
0.16655112835905767
0.272141503963694
0.19365865792902517
0.2823577389531252
0.388972519002977
-0.6940158002257707
-0.45122934185502206
0.9673199149668836
1.843062428982015
2.1881467013396456
0.04971318966117104
-0.4533450679895114
-0.49438373821991277
0.043309091142059525
-0.3577012861085731
0.0513010707704477
-1.2027668325217424
-0.8299150585759276
-1.1753718016619714
1.629417860140937
1.7998616287832718
2.313005137504463
-0.04313008505656593
-0.32511437168982327
-0.2504742814167293
-0.567341659147736
-1.2593855069672786
-1.7707621024107605
-1.6373944928136857
-1.0688965038952498
0.10085300056934167
1.2118163295301108
1.0425315840579803
1.1212009032343837
0.532894211111979
0.17100618656678956
-0.5283008091416173
-1.205429078425257
-1.23202334703178
-1.4403868815790526
-0.6297720721098439
-0.429367717257854
1.5461845695077598
1.2573175092702484
1.817672626212556
1.5865126303933905
1.2185991348571101
0.9370977014654821
1.3517062608508918
1.3697889803952232
3.4019079233193774
1.8028411922185947
1.5279180593590955
0.1626093518736794
-0.08189482517267524
-0.38886194632008286
-1.2643393760004584
-1.4992398330770667
-1.491559710654542
-1.4467465441953258
0.5007284488277238
1.2273935520656798
2.163500749324855
1.6912066387805862
0.5401121404439759
1.889650477815669
2.0174172791590976
1.118075461146409
-0.04663817122601532
-0.08856851736716594
-0.3687951335789879
-0.4740663513289482
-0.48419888038548764
-0.23282951805090457
0.11866770640041616
-0.40805876690929815
-1.307484209829623
-0.829601269515707
-1.0739224653955288
-0.7919938211302857
-0.9995986179059899
-1.3271866296488006
-0.03504789972238854
0.7913680504674516
2.2653737008553803
1.7221108812829193
1.0248973030530912
0.3874815516015224
1.2005624816723408
1.464166176537736
1.7453177572060077
0.9380566317338453
1.8163439570271618
1.2177487004627103
0.5015027866635396
-0.7928955497392336
-0.7777630780552931
-0.5943348670544232
-0.8611816740438251
-0.4044472414147032
-0.0215055797782542
-0.7106906270058051
0.12831325146503558
-0.22645687483487695
1.4855210784757678
2.0547722457250206
1.9717249509453412
0.3094498280743103
-1.0366462446780567
-1.3114671871920056
-0.42564702434652424
0.10028972957938256
0.5014475914670105
