546
-0.17016884015784145
-0.06741666282198713
-0.1331529735157271
-0.15170341942563167
-0.1588033400106941
-0.16451505058608107
-0.09689771154441637
-0.18071228664896255
-0.17262870615273995
-0.10046187110911077
-0.1163887397809881
-0.18085406991678446
-0.19395848473268748
-0.15997135276704444
-0.12156312011979963
-0.18533579956715354
-0.17607530996170292
-0.1652401034062069
-0.14665951572871827
-0.18177107185251712
-0.18845007000770106
-0.1110712650306739
-0.05263886603075948
0.007623802484464578
-0.1063150838435257
-0.08241419174072288
-0.08418267422133256
0.08817852130226421
-0.05450649280763087
-0.15629656307497594
-0.19063728800166493
-0.2121263869536215
-0.16367313945808631
-0.16371742948646356
-0.15390729002505665
-0.11907527938710359
12.707277965757097
13.692766569064117
12.85454645639488
0.7744661861190449
0.03009442723364526
0.06203940384629898
0.044779106645942694
-0.18201489482826033
-0.15814528686376453
-0.1873016945658324
-0.16545351019741567
-0.1812317727147465
-0.17923519965513
-0.1795692826476613
-0.14864930843403695
-0.17516345715559517
-0.15046999447780451
-0.19900885819061379
-0.08163213164634447
-0.05219651630265185
-0.17567149605282423
-0.13943175290090423
-0.15755449356839568
-0.17331035080627724
-0.20710249551689824
-0.19031704998738283
-0.20675806202352287
-0.17127426210550165
-0.18686814808964364
0.0055131523484044705
-0.052996908546150114
-0.09379780656091578
-0.14908031892734955
-0.18921964982455988
-0.1309883098869913
-0.10761811579322818
-0.15850449589587323
-0.14340427917778598
-0.1873700011344691
-0.18602312514420435
-0.18865063605471957
-0.19795126669383517
-0.19620943549749129
-0.17985972166334346
-0.17372171431209962
-0.20670279373766004
-0.21211658522894813
-0.187275627587999
-0.15782495401760957
-0.16418376489751224
-0.166964722943274
0.5062834559657832
0.46048191199265065
0.4036089105900471
-0.1853467407030311
-0.15774197628990155
-0.14736795571658137
-0.1935657685914847
-0.12611964604475162
0.012908615891595471
0.16004638381611339
0.025992309389693116
0.08663065952204592
0.06586655625019434
-0.04124626824887476
-0.052196541931167885
0.06179018387872306
0.034959388925675294
-0.015105736995084494
-0.15863690421343815
-0.047650329325931405
-0.15799464991232584
-0.16367628100790682
-0.13382564238818878
-0.11188844576202375
-0.066683659742091
-0.07207684892450913
-0.04936498649863167
0.00716597185000609
-0.1355059151718186
-0.12443066564238187
-0.1292687025106925
-0.15351994865436483
-0.19839515768783256
-0.17053992485381758
-0.08319127341228695
-0.08348492312129746
-0.1891546824103731
-0.1793548382524728
-0.18547451032778323
-0.09759184525469074
-0.007875993285453289
0.058775388301500066
-0.11658714811870595
-0.18830642535823536
-0.05766625072240386
-0.04077606647835512
0.06539262215197504
0.07500042784645818
-0.005500600831140114
-0.1905703936072519
-0.13351248787650477
-0.11694975379271955
-0.10819320635389464
-0.18804599911282863
-0.17172673562552268
-0.17038063372752044
-0.19870607054305803
-0.18967699614903294
-0.19165802159339612
-0.19446551965103323
-0.20493915303465152
-0.1869079967029848
-0.1965796551913659
-0.168520692589878
-0.19201022955767946
-0.1967609935184721
-0.1842429776576913
-0.20073585173519864
-0.18580158551481918
-0.1940893841287844
-0.18801879883236833
-0.10827907034232274
-0.13218605272384742
-0.14810592676040296
-0.198501217308556
-0.18010498368512115
-0.18029148479986296
-0.019805095128010066
0.0536409287127007
-0.08792570969809278
-0.1713507041666572
-0.1649926972728751
-0.15143226749359692
-0.19537471585124197
-0.17889735960626227
-0.18548223422332225
-0.19234303172516032
-0.12451391121496037
-0.09594193844967483
-0.18315123632351016
-0.1416135264313542
-0.17645568138334627
-0.1802282158339298
-0.16758004182253525
-0.18361802576955816
-0.13155488936114598
-0.12101554731797114
-0.036428029398368915
-0.15628344558555726
-0.18817700742113283
-0.14804492410937695
-0.14476597824067133
-0.1585677972190119
-0.15114430671765333
-0.17515659133544534
-0.1869489612335253
-0.13964907628507398
-0.11289098191676392
-0.1196409280997342
-0.2038196604861124
-0.2110531873028993
-0.20562797198444144
-0.20023635096502299
-0.17759016139284506
-0.15790119622490856
-0.1323360334514181
-0.1374260781017973
-0.16018770909886512
-0.1454224413008634
-0.19023910218939358
-0.19296566593576303
-0.16916610490209943
-0.17958793100584916
-0.1641014554219991
-0.17187790617777526
-0.20127346829827625
0.40985416699365684
0.30263333248929086
0.3196918949303024
-0.10996681575861057
0.18252091014309138
0.2037187185159433
-0.15909509391689391
-0.19384581790176722
-0.1884206245722553
-0.1862743858830949
-0.08098993895964983
-0.10992981623580358
-0.16465783378444368
-0.12573685049990524
-0.15591415193307137
-0.023467277573018776
0.01134497276783253
0.012044565009091972
-0.14459729108558342
-0.1887759762330349
-0.013652245866115006
0.3864498489185654
0.04614471905655366
0.06364567558176906
-0.1478681871178769
-0.19143783806143352
-0.14506855148553727
-0.1477315974216453
-0.147960798111159
-0.1789166656116207
-0.1825983421171739
-0.11741140973128222
-0.16304616949181244
-0.09791953519866894
-0.16717015029690221
-0.1315059530266698
-0.11518816953501289
-0.09747486317951955
0.42003276696810476
0.14155151788178863
0.1457008596586897
-0.18771932531346247
-0.18147644547339015
-0.1697299033275526
-0.15233693831314046
-0.186257447717492
-0.18505214225937486
-0.1931695764765743
-0.15728931229325085
-0.12723660599906347
0.0976785937864408
0.04226209668048429
0.008119318123341962
0.08557291620040608
-0.05608677683675668
-0.06092581973045314
-0.05210224697084258
-0.10808965671173687
-0.06231177761959405
-0.172440740485043
-0.042576749520098094
-0.15493381185660599
-0.0022667603473135395
-0.16268612168929997
-0.1837440066351638
-0.09554134037926025
-0.06657870560576738
-0.10822455078352874
-0.18377510235075403
-0.17827698721540566
-0.1450759659525498
-0.17267865994767462
-0.17054074279342485
-0.1812084197446571
-0.07798658275970985
-0.0701659329892354
0.662636970115628
0.6080174550685336
0.5900749915498649
-0.17219182759221113
-0.08844639916264257
-0.08111048591592249
-0.12336571269248041
-0.18279782426783484
-0.15845265053704594
-0.1660137597066378
-0.15992969868298915
-0.17235257437934062
-0.11104516128914703
-0.17365082968199566
-0.12690504780462364
-0.11315076629768651
-0.1817843601561287
-0.1843335263603313
-0.1833059924230058
-0.1716837188843334
-0.11520282742244882
-0.09636716136952667
-0.12798311092713066
-0.15701508274098874
0.0016233054826331416
-0.04428311522721308
-0.04307224202587507
0.19125715095605744
0.04277268405301372
0.16818034867441176
-0.16984902835418073
-0.19016762035559548
-0.17519405491554077
-0.13888612218027607
-0.1279655956055896
-0.18201619334017788
-0.16973035775489762
-0.17031539780297542
-0.18654388556937762
-0.18680428086590906
-0.12567384746432042
-0.17126891443524656
-0.18269086470033527
-0.17821435219156925
0.12718350673509918
0.032054682953018415
-0.13553265623407293
-0.15782962888347457
-0.06942171065647336
0.013559025177136929
-0.13154969569136346
-0.09851859918130436
-0.1736253587551428
-0.003640014569863243
-0.06003726823479337
-0.043315079674530445
-0.16495881183359748
-0.1636108583556951
-0.1476696677438389
-0.18566415582882298
-0.18744313856710887
-0.18153222360446558
-0.1142454125386085
-0.06150018129162937
-0.03632302278341676
-0.17406104893706836
-0.15342511010088977
0.34699414407714924
0.3664637920893017
0.5154505378997363
-0.1872720511184057
-0.19812496415881203
-0.01188035265728158
0.25526029254612387
0.23916439070879417
0.15159332868406294
0.09773396397464462
0.07776250436316115
-0.16432754548625453
-0.15325525555375508
-0.15020406256477176
-0.12102692105661073
-0.19256998897841066
-0.1612395848090111
-0.19301247524613072
-0.17817704152502348
-0.1944155128653145
-0.17791810053796744
-0.17517659330850519
-0.18644002235572096
-0.20225955091147083
-0.19824115023267114
-0.17135393310865152
-0.10155385708720278
0.2479718549709314
0.12407119708037512
0.013196269740536575
-0.17666551983831494
-0.19097856990573855
-0.18080302858082684
-0.189495467881067
-0.17044746350138812
-0.16551896008206335
-0.09442091740056752
-0.12550027869205876
-0.08588853114563846
-0.1251553610926571
-0.174871750948655
-0.03651431017630128
-0.01561444859125696
0.06328355496819676
-0.05023737839825364
-0.06804047843713647
-0.13764759104841137
-0.15918615978321898
-0.1950161298418343
-0.15797099803662107
-0.1787357808169365
-0.18019667193103475
-0.19214962882014475
-0.17369969075621075
-0.1842711489450584
-0.16936388220834692
-0.2027782489086995
-0.17661184031117277
-0.1525612142120615
-0.12759534248940377
-0.1659973452085381
-0.19066164467322036
-0.09314623400116755
0.8305136710589693
0.5380931866799908
0.39045344011826405
-0.10509406713769694
0.11294593817251254
0.11951060123772253
0.1345229286275397
-0.0933994668832946
-0.03888647283530453
-0.050801687488057586
-0.09939764567223638
-0.14355686832298697
-0.15082160578711576
-0.1843459604197178
-0.19094144373344252
-0.04105248635112038
-0.08328641852710557
-0.12858761414027853
-0.11735660097572023
-0.1308466862890314
0.6710054085546736
0.5479823477398758
0.3339050403019293
-0.12182824623940644
-0.11318920456281246
-0.1273039112701941
-0.15713847805968797
-0.002710886952885392
0.07214862722094237
-0.04778739959721902
-0.052338033220053745
-0.056365934075944625
-0.045680916587187995
-0.04314875912580919
0.02156833842631801
0.036351419007096535
0.0006978598284605069
0.13261287299227653
-0.06056075000757895
-0.14491467431759056
0.10836442012101866
0.041465073536636025
0.018826236656426666
0.022213591690298785
0.07133591297161203
-0.0034880929198880827
-0.1630498299858841
-0.18969174626393803
-0.05542013761715628
-0.026988927977709094
-0.05580436238552554
-0.07051982396692796
-0.15538034717813273
-0.17149359591976465
-0.16682608139758376
-0.1943899602135611
-0.16138516609362086
-0.17101988216053116
-0.18125448051303966
-0.17393424396864024
-0.16665171140189772
-0.16613595966831013
-0.1289906046579548
-0.18723252719311834
0.95133918348608
0.9460966038621408
1.1198137454631953
0.2966725343468552
0.23120015442813777
-0.19549358807271155
-0.18853760132948305
-0.1831382250549043
-0.17402996898598866
-0.15587780625299816
-0.16627051003509954
-0.10471697440643972
-0.027567468661076136
-0.13890034002580595
-0.06387268525732846
-0.1553189057493324
-0.13493711896682717
-0.18828690880752588
-0.1658784582223884
-0.18019569873537228
-0.11551626519130494
-0.18222380280986927
-0.13706995974624342
-0.07406571038951192
-0.09208175201254289
-0.20077781874790665
-0.11971581523581343
-0.15395963929716117
-0.13008773070457036
0.2158068969581198
-0.06024672819771787
0.030363361881686594
0.19325011299066933
0.0419677029934846
-0.00922118647798102
-0.16460408702131055
-0.182978147556645
-0.18390599274989472
-0.15942482439468839
-0.15678464402385653
-0.12003203350128114
-0.18098364584941298
-0.17325325230402003
-0.1694991530868559
-0.13590395390203633
-0.038369803086191534
-0.03813243528640993
-0.033625167555977414
-0.16000554804510186
-0.13734778830986655
-0.14426350065670696
-0.15750161277644767
-0.1603251477026304
-0.18233615968244604
-0.1563938028759263
-0.15858883535720159
-0.1865093366166435
-0.13577631354878048
-0.17772221918349515
-0.1593805709084802
2.0554540525612324
2.0386577871114815
1.892338791517571
