182
0.12678900054296133
0.03433511464576446
-1.0678800218555318
-0.6282829804704465
-0.43398847428379067
-0.5016274070264242
-0.37312001508403686
0.8546442803921662
-0.35606281580534743
-0.6455716446044352
0.4152642581595792
-0.8754412697547156
0.42855548665336074
1.7618270241137923
0.668898909437984
1.9510102812497325
-1.2662641264678498
-1.2834707110350951
-0.3298454440554646
-1.202076990024013
0.3693914895982695
3.1150589289021355
-1.3906497308447854
-1.1194528546049958
0.8083092242273245
-0.40763739851897707
-0.5772543540757106
0.09516082780588446
1.0896751633799326
0.49006227316902246
0.1680583218706067
0.32605157901912674
0.012900229370638902
-1.159498259333859
0.6937792208273891
-0.2354366100274114
-0.2538534053450166
-0.29480366301626276
0.006048157187408584
-1.1238844815957574
0.9871335567395814
-0.6198443096112948
0.4039276449121827
0.09060624312137279
-0.25937299947606485
-0.18227722662184512
-0.3259814511579364
0.7204817327173919
1.3316243338014242
-0.055433146505386666
0.04660410076492469
0.6223620759029448
1.9073404534902443
-0.4101541346131672
-0.17685137249347213
-0.255917772641632
0.4663290333461332
0.9026732959662774
1.2261609455839373
-0.7717003217195988
-0.6976639921697998
0.47350752072362545
-1.2692233889364781
0.5959706650606363
-0.42115983759984704
-0.15149713363239253
-1.0964401934997903
-0.5230043175263926
-0.0735651457086651
-0.26582431192674083
0.11648521029221838
0.9091374035278229
-0.43992106439022066
0.9479686621753631
1.181477490646684
-0.411664197598057
2.0142955700689438
-0.6462993553888877
-1.4186130511338988
-1.3078041042351658
0.8005379835777465
-0.02341018242563146
-0.010273714000704459
0.4812876583753
0.9939691432054052
-0.39201435398720336
0.3642789490230107
1.2553324337182048
1.1607344691401367
-0.42046406645219714
-0.6934750421590068
-0.9292344718516967
-0.538358361552364
-0.38868595910404385
-0.5452117316269364
1.966603786328405
0.5117906413684127
0.2512169786309776
0.5076216978951165
0.8699323258907663
-1.0076232303671764
-0.15001604304146263
0.4383046342406487
-0.19255129347551464
-0.32907611417824295
2.957285935162819
1.1690548216773826
-1.1622466434904632
-1.749914946453384
-0.8337140778785813
-0.9391277212597074
-0.15670687037429726
-0.06604084427310293
-0.46002644077885557
1.3222480590530379
0.9815086061510659
-0.946561984045806
-0.40813511261995417
0.3429209099125829
1.416831821764393
-1.474396478518488
-0.5990545689291961
0.12138916692074057
2.6330916625208354
-0.2830830672122714
0.0343709528982497
0.0329629920487989
-0.7805361941966099
-0.5981568592360732
1.0661956546033298
-0.9460747544747301
-1.5233950393226696
-1.8037891027995308
-0.32720923081120584
0.07931717253632121
0.020570010683790576
1.2392009963568098
-0.2585050992022044
-0.24187310352118876
1.390999827794028
1.9837441130102975
-1.0754263058326936
-1.6592820544141413
-0.068720266870272
-0.31209299828833204
-0.2760693234614173
-0.2799224469168086
3.0529990057162
-0.35412546765331476
-1.9796398633684698
-1.0939295215055498
3.152362022174452
-0.8944854513449415
-0.586281766083119
-1.4241939972808544
-1.420041613437495
-1.410649653210958
0.5292289078636807
0.5548546113145806
0.6810201721185395
-0.950906221530342
0.7213718312550912
-0.7428192222360337
-0.510522369662746
-0.47411004269968576
1.650649877978619
-0.0028018587981469413
-0.12236005059953733
-0.35966955096247144
0.622729789079292
-1.0047519580866462
2.188798287858482
-0.7219384163897061
-1.6774991928647098
-1.2223100253206336
0.9795317280316598
0.18811306535499064
0.7900684126396476
0.5008616836845208
-1.1894647854482872
0.29486764922529934
-0.36139354387397177
