546
0.634165791948391
-0.6075193732008894
-0.47366189591432767
-0.6385886000661543
-0.7292138648946052
-0.8047313905225777
-0.8246753015430544
-0.5262097479602654
-0.7247517305300628
-0.6082636343920428
-0.6644038820713363
-1.174080615664037
-1.1300352998726926
-1.0871624501453472
-0.9509744965058368
-0.2409923273616659
0.037015366446335934
1.6135493703054193
1.8275966473356922
2.069670266750551
0.13365673227627964
-0.3912340044703072
-0.5839322515745687
-0.7372110035774687
-0.6786858752768731
-0.25562504062085134
-0.33695948084024785
-0.15992201597786257
-0.9042350480006707
-1.0157591467415854
-1.101972045250055
-0.7798474798167483
0.025728849638269845
0.28412785008545416
0.1651728163379147
-0.8455081435026388
-0.10450091613250656
0.015018696627675727
0.23844347110119332
0.6965432911325908
1.2131121511530405
1.082236641702026
-0.2678145029647018
-0.4793509919245671
-0.5203349922914791
-0.5263450427126103
-1.0973127645421192
-0.5074833105391117
-0.010370312282844258
-0.05363407305823054
-0.7835127191147122
-0.5587324711743196
-0.7421952246760408
-0.5817137324255782
-0.7231641732262035
-0.37950318989679566
-0.6996920919446277
-0.5818100414193423
-0.43980983276406516
-0.5277771411422253
-0.5015265600019534
-0.767349890409284
-0.9086235633516231
-0.5835648138988276
-0.6456072340588282
-0.06500916636268052
0.8110078766149318
1.1583046782108342
1.5123449268405813
0.6935799283664524
3.6812095859428586
3.984733781216271
4.456071652408923
1.4799590688942323
1.4831415803190016
1.3094941590457385
0.6980462192505373
1.1652480397761333
0.2678854850344738
0.48093486258159707
0.35209996070390864
1.1587478591564446
1.5462716135994794
1.2718483173243786
0.30285794320796544
0.5539244511008544
0.7910595570726832
0.5070043832466679
0.38837240853773547
1.5318722028876788
1.3842889199788986
0.9142260104076023
1.0881733344347893
0.760257839642446
0.33977123363212824
0.24786132136734984
0.1667699295651619
-0.12134119613191156
-0.12074937549923591
0.6753605441685941
0.2878304810887859
1.063866525027069
2.2056545806440155
1.98120822346249
1.4821276875897045
0.4457824473378776
0.3801129929197179
-0.04167583221408333
0.4448241972560033
-0.44380174002799827
-0.8027299251917863
-0.860187975927442
-0.27428307324074025
0.5992436146248085
0.6099213239071168
-0.06858289294641418
-0.6617468967098914
-0.4720895955928199
-0.14276112467814983
-0.3670191393152436
-0.5168282626036586
-0.9755148540374182
-0.8456192578519699
-1.1570316720971483
-0.8357585064089242
-0.5159813096099479
-0.6578943313064631
-0.7556659279211165
-0.37967020775098864
0.31852269629826674
0.8318049987306052
0.34198761989041354
1.9721519087328025
1.6756826808488827
1.8542191210292926
-0.5598446797645661
-1.0186613391080264
-0.6649201788425128
-0.617700876646823
-0.5620055536967399
-0.9823749779378553
-1.154138845581969
-1.1964302682821748
-1.0447553581854705
-0.8327061597751249
1.085032583491709
1.2710299213348788
1.4299033422808796
-0.6182681374203451
-0.006982941159182946
-0.37521072792408294
-0.03860613746533527
-0.11083840143444464
-0.26817986158232876
0.08727966760206703
0.16966085227546684
0.39398056092734
-0.40116524995960634
-0.28702821012521446
-0.4003559098014537
-0.3843492651404768
-1.0101951142821333
-0.8946036211478934
-0.8498195465154151
0.7401261653945969
0.532783528472053
0.6587563580074485
-0.8540758349796759
-0.4332213834483566
-0.2378066302458246
-0.13494027286785695
-0.3474238728807674
-0.6150913278965785
-0.5234995976774984
-0.4857707070034436
0.07151073072277213
0.040197228433771964
0.18660545546121515
-0.21677824779043442
-0.39156228708844
0.6282145499606404
-0.14808363933893598
0.044102207053553305
-0.7991143932007798
-1.0151063063484764
-0.9232713240077884
-1.1205044276531564
-0.7701408364085757
-0.5561824597252576
-0.49674841933271163
-0.6445582812547417
-0.40871481176176266
-0.19932281647496378
-0.19056912607810617
0.1548742651811697
0.29588829320832555
2.9020268345150884
2.872399460509517
2.655819995451728
-0.0038402016141678413
-0.7682403150610148
-0.977889479048828
-0.9744830353731644
-1.023018604766427
-1.1103052011121226
-0.9295117338761546
-0.9300852552122736
-0.9896965540337618
-1.1079895837434421
-0.990470661848855
-0.7113838093350972
-0.5029943514447451
-0.6497570798850908
0.17185049375734374
0.12801986487759814
0.24981080431683145
-0.46765036788388537
-0.07798948297021815
0.1489967782365454
0.3034093733334008
0.1925562444803644
-0.09926778240179411
-0.5060761969220108
-0.8286055137842332
-0.8245390143899927
-0.929590490528627
-0.8082786608586942
-0.5680040916639129
0.18233522658734524
0.6511451540675692
0.445405866306456
-0.1695384513104462
-0.38486824587546536
-0.05083710148590513
-0.7851502814813586
-0.49308218385059466
-0.41092317207615225
-0.24699299467847163
-0.6552082045136034
-0.47976302626924955
-0.49538613822399413
0.21586208372584986
0.1744700661171452
-0.13435907754859566
-0.7164669134152074
-0.7831602299939284
-0.3181448290040549
-0.008825108448925622
-0.5400866024164365
-0.8060672730244618
-1.087053207457064
-0.8416712293461236
-0.736359134424898
-0.7295397268211058
-0.17777015224619322
-0.08105324084578358
-0.5328919159822167
-0.4733976401455074
-0.5163367904876894
-0.487339391511711
-0.5257913097709015
-0.6886418918705096
-0.4340119088568334
-0.5774440647066881
-0.7963040570788427
-1.0174901072348315
-0.5885291482771208
1.8435661134478367
2.0821468973141437
2.116235466808414
-0.13203712690863714
-0.3631899796625715
-0.5593360342544692
-0.5432677618486588
-0.8827541588165652
-0.9130026455954245
-1.0534517756175428
-0.8982347006339939
-0.735258574312431
-0.34428627236422843
-0.2835965850670076
-0.12077044583427983
-0.7541228846299606
-0.26369911235309335
-0.21009887625396545
0.28559277412376927
0.21268291172195528
-0.39198430203491813
-0.9300375748354677
0.13775904774867215
0.6698811401830761
0.7868986768078761
0.010161757536925841
-0.6265519432677383
-0.8536159102611641
-0.8270409672021478
-0.584469496135172
-0.44914371820667065
-0.8304394106989539
-0.8654982348906046
-0.38039241739785634
0.33341370767832573
-0.24708971892544324
-0.6795314560536937
-0.8594668656369231
-0.5196774749383185
-0.4614908253786071
-0.5209438104330596
-0.8321144780819069
-1.0617902810312352
-0.9269590899680602
-0.7864390289012271
-0.5698674791685784
-0.28944412983702505
-0.26825561056490116
-0.24071411946496227
-0.17327802301395584
-0.1040306958911838
-0.483410317149556
-0.6398912039752881
2.22865459154093
2.681671571806258
1.9999188278674096
-0.46433210707239864
-0.7140692966661354
-0.6504827029596039
-0.7234773102060398
-0.9728519871665813
-0.8577895296740472
-0.589636260821157
-0.7616312047566831
-0.978196296143241
-1.0553825887143586
-1.1672019581461568
-0.9689302294523379
-0.7307488382930736
-0.19991416330494338
-0.20909026664284588
-0.37224763786771525
-0.15452938749655665
0.07476297259893298
-0.30738933022334664
0.152969454931591
0.05650208375702573
-0.13509810056832244
-0.7132039514452317
-0.3198484451767357
-0.8058765762949045
-1.156667862290018
-1.1737277052348614
-1.0942431926382843
-0.8087959366252353
-1.2112908339148123
-1.1376451367204907
-1.0057519005885833
-0.7855824359307806
0.7356438989217056
1.003790084100314
0.30302084530172085
-0.25018159661487543
-0.032630362455981714
0.2048032729932209
0.11680130419503375
0.40949891797278903
-0.22232840576213383
-0.0909329812839283
-0.19160303014387223
-0.5222750958599671
-0.29580639976609135
-0.31028762690009104
-0.43231143541182154
-0.9242652053888404
-0.2967065654272047
0.24446767010928702
0.08612569586403451
-0.28125964657081026
-0.6128246026362628
-0.4424179002140972
0.1062183168717804
0.09904293178409253
0.05939487652334258
-0.4286458381480961
1.088636933896758
1.1250366956433193
0.559495456367151
-0.515258039370717
-0.7371112703201398
-1.090882932507943
-0.8221892591920923
-0.9131144182428311
-0.9193797064731221
-1.1391969148399224
-1.0284405856746885
-0.2851786413150392
-0.19568046949645512
-0.13906739645372176
-0.40028319359573145
-0.5141168087532556
-0.7969166779852911
-0.6376662469854808
-0.24572965068480068
-0.21709289263017043
-0.64157705457561
-0.40171582541999823
-0.5899715725251874
0.42296914889986736
0.2773085222575441
0.6271293606864936
-0.010289711833915648
-0.34289311713295206
-0.30426626799718054
-0.3318043075286522
-0.6927529168987417
-0.41423422609988847
-0.241048541679088
-0.38233586611557796
-0.3953995422582499
-0.6325617973241966
-0.6891099386756516
0.8575997403249107
1.1194793581284412
0.29922360138435156
-0.3282563920303626
-0.5665997330875202
-0.7610318160508339
-0.4284575489499303
-0.08122510380004841
-0.12690985519609968
-0.39620924890551135
-0.6251459736106985
-0.44175661271413563
-0.4581363512321745
-0.14705336901218113
0.06714160429756716
0.6473746942876693
0.6722857098338794
0.5177726865340218
0.10391601169777101
-0.05573645543465215
-0.2770563875876494
0.15916655812170483
0.6280190316982319
0.4604863492458785
-0.06619289977987497
-0.38362580504575355
-0.568244671282656
3.3079492669285875
3.615360566104912
3.442709048340309
0.9697969503148407
1.0862710069227979
1.1227732786620168
1.8552463239460126
1.8264939643471783
2.10281889477081
2.2540630086481452
2.2485250820024034
3.0910508577989924
5.323403496397145
5.906585715697234
5.003118868953748
1.9872234591396953
0.5025454189471404
0.3258456030026257
0.26687888673192933
0.23323099919814202
-0.2534613241133986
-0.3060496195882513
0.0383987644497266
0.664466821127989
0.7893541786435293
0.0317186303367341
-0.6360629427648576
-0.3876436088072903
-0.1876719606739681
-0.24336629208381133
0.9223121963686981
0.8367761140117366
0.7774876094035912
-0.5157810827420702
-0.7433396555631383
-0.4221199935296859
0.5474536972734245
1.0571433143541293
1.0687652315583085
0.46243293792546636
-0.3338408035023247
-0.7872677281453858
-1.0370916646703343
-0.9829080218111416
-0.8416335710891193
-0.07023415331430233
-0.2315597668863819
-0.4460034300696153
-0.5436193069397747
0.39602592908339507
0.43988011133393473
0.17066667264676122
-0.3289942988789086
-0.4586555056247732
-0.3495786207800225
0.4095122798207272
0.2373115539005513
1.8892733995975668
2.0772724183867304
1.9138758657490689
1.7736431372212957
0.5892424082766455
0.17920344681849196
-0.7794161102175101
-1.034771073449555
-0.9571035978344555
-1.0927569419744558
-1.1672574963967357
-1.0302039485390162
-0.7145134980897028
2.1340055946573413
1.5579208626736072
2.8290408539541096
1.109456613929895
1.0491013199034547
-0.6009751053330014
-0.49045191454206705
-0.10022285440329261
0.5363885709503758
0.9956663248389778
0.5231058997016337
0.6996262651039803
0.16593608635040602
0.1539300646815444
1.0720990200771008
0.01889907084921903
0.41669951367534547
1.382065900024222
1.6047027679117818
1.5846110613220952
0.26306353325592
-0.1264440178392916
-0.3516071656702378
0.6103451674718774
0.3528283094016276
-0.11724764779210614
-0.261642649785218
0.8244229474395833
1.161767480024324
0.48057476021039647
