182
0.5851326749662593
-0.5203140670426145
-0.4813778371899153
1.1718440643593873
2.7725461739046144
8.142157587941975
1.2414602802524364
-0.46185005628745635
-0.4185910066339591
-0.4406167216238951
-0.49758689285147034
-0.5220549480730783
-0.6481436954213321
1.114537292598321
-0.49490282749233144
-0.38632399145659235
-0.16582961329959867
0.31045677407998234
0.3736111323697824
-0.753879995782267
-0.2405177161712599
-0.6244501126161858
0.4619571191239366
0.21918283371945058
-0.2024394529468794
0.028275643744049266
2.379325404495898
-0.18064141477214699
-0.34296992374007823
-0.5754529820339964
-0.6569583756809195
0.03125907289586726
0.7034765528647509
-0.6365518192035609
-0.4689843245922316
-0.6743912531158579
-0.6387974537952774
-0.6432540746044122
0.2947684716323547
-0.18768962087017407
-0.3201270778784302
0.11121648584762385
1.7271644751488318
1.269719279215153
0.2534525537690452
-0.7053199523253276
-0.8208712837286182
-0.7544856769852467
0.10961738918628186
-0.3703951604343269
-0.7437528365163947
0.6146216302155673
0.09472705653383123
-0.7035219027907667
-0.7058989213944066
0.191214532765814
-0.0828484362906211
-0.6605332966944539
-0.4971429385565325
-0.7624701696079665
-0.251743227409415
-0.7317513926596279
-0.6946589492596768
-0.8023754723065274
2.318429488435012
1.0704741193235936
-0.689152411160483
-0.28985057200804537
-0.7783367546966867
-0.20486428503564177
-0.2591044758588482
0.2675019974360522
-0.7676421130408048
-0.47691106960580626
0.83384438102889
-0.21937884755088105
-0.16758484811519955
0.07677968169467436
-0.0522349870601108
-0.5305323490471389
-0.726359983638995
-0.7823421628944255
-0.46651066174149686
-0.7105530491717031
0.19693298909109253
-0.7655560523234894
1.3842793505596342
1.020275725458014
-0.46439640988258657
-0.6708500930890932
-0.0630476413797534
-0.7344418237859996
1.5493233056600237
-0.3163351500528162
0.8874619257394205
-0.46127299017495865
0.5369336568502765
1.7027049582935374
-0.57229775389857
-0.739477997233432
-0.6045422417780886
-0.36998322328428895
-0.39338545183584783
-0.7598202568493431
-0.6952189335555028
-0.09991466152721064
1.0878581022771527
-0.24739774992026925
-0.2820757473138264
0.10103980573606244
-0.5535248355903482
-0.731845692549469
-0.4498947044618553
-0.6791790484966164
0.5751326015321333
-0.592947772598349
-0.7717415218505115
-0.4429154181594616
-0.6983729490600817
3.3148307216079704
-0.6019558276961164
0.5396872379467047
1.0576424128842283
0.20464946334076414
-0.43731529359154914
-0.4344666717524676
0.0555460277208282
0.7658394198280473
-0.5366099875263337
0.36270165245093267
-0.7480691673991954
2.476024780941555
-0.1696487990530414
-0.6413298561124381
1.406573497009604
-0.4737224008133813
1.2401197277383011
-0.38773003155912006
-0.48717064369149277
-0.7724721696629355
0.18789220397508133
-0.7062008885216996
-0.6522741337198837
-0.37339857424447936
-0.41576236082233503
0.21292899989349812
-0.6658011656742314
-0.5372837781639075
-0.609921448620011
0.9339239319529146
0.6898415408916545
-0.09567630521995668
-0.6995367265943859
-0.13297965736067427
-0.5375027775951275
1.2759731088323538
-0.26985668621328646
-0.3897993929277957
-0.7612710259639213
1.387338172674914
-0.0630610884488344
0.7646280680825756
1.5060158110318214
-0.15616369571041433
-0.2863044565520299
-0.7584453593413039
-0.7142527656861971
0.016268616712405797
-0.7494655067949876
1.2576202380941723
-0.5469392717427196
1.4379325880827067
1.8020522834600883
-0.6923564553760078
0.011499447119177275
-0.44505118274354316
-0.352207275592473
-0.17317508163312864
-0.06039240247402111
-0.4404843461479387
-0.5007065701122022
-0.48720373074958895
