182
-0.146197
1.20197
-0.690877
0.431237
1.5636
-0.099802
-0.442423
0.450194
1.62075
0.725402
1.92446
1.91648
2.06197
-0.180796
-0.576479
0.0666015
0.80707
0.0609904
1.40829
1.79578
-0.561416
0.289273
0.537546
2.03518
-0.08563
0.166156
-0.150449
0.259167
-0.181281
0.462436
0.158112
-1.29698
1.37843
-0.40162
0.814819
1.8136
0.082175
-0.867471
0.751178
1.61855
-0.161201
0.291149
2.07554
0.534602
0.452876
1.98159
-0.714249
-0.72378
0.420638
0.733703
1.63539
0.67835
-0.0561013
0.987457
-0.0157276
1.52236
0.528552
0.49309
0.287126
0.972277
1.13814
-0.474596
0.722687
1.7495
1.18988
1.66656
-1.38278
-1.93733
0.155621
0.836614
0.609562
1.33421
-0.285184
1.22898
2.08852
1.19848
0.777061
-0.400637
-1.05624
-0.0654899
1.47355
1.38559
-0.678714
-0.625095
0.411345
-0.152124
0.169837
1.15237
-1.83702
0.168153
0.901917
1.32376
0.152027
0.432645
1.07901
1.91392
1.73705
1.93283
-0.718734
-0.712416
0.515513
1.1796
-0.45454
-0.166273
0.292917
0.68427
1.23654
1.91937
-1.1378
-1.38909
0.298191
1.16152
0.171784
0.387045
1.4003
0.658911
-0.539742
-0.405649
1.34895
1.41216
0.340862
0.617806
-1.56001
0.515069
0.684864
0.32923
1.12166
0.542933
1.80804
0.856896
-0.395758
0.0415949
-0.730331
0.398156
0.695877
1.64943
1.54741
1.74898
-0.238007
-1.04801
0.875405
-0.111751
0.00498516
0.77607
0.641523
-0.416003
0.172551
1.11467
1.5334
0.0529654
2.12844
-0.0877322
-1.56365
0.252708
-0.048955
0.486718
0.118249
-0.788663
-0.269741
-0.703246
-0.59237
1.74625
0.730376
-0.359115
1.37502
1.37997
0.864495
0.756992
-0.899589
1.44768
0.200591
1.2802
0.352803
-0.448605
-0.123139
0.96455
0.915854
0.881257
-0.0790941
0.442765
0.803911
1.53317
