182
1.60926
2.21262
1.85696
3.07722
3.32789
1.06064
0.252004
0.326228
0.44564
-0.31886
0.354353
0.0183659
1.39063
2.0302
0.786563
0.426352
0.12766
0.124562
-0.322938
1.0044
-0.15583
1.65612
1.29947
3.23671
1.17994
0.286409
1.64436
1.46154
1.23479
1.19133
2.5813
0.381295
2.17302
0.230356
1.59564
1.70777
0.938891
0.0780038
-0.635589
0.689647
0.245039
0.333673
2.7301
0.435165
-0.220857
2.92465
1.02122
0.10018
-0.387008
-0.00792614
-0.345016
-0.477838
0.244924
-0.415946
0.533471
2.16397
1.14145
1.14038
1.09764
-0.0291669
-0.416851
-0.0699727
-0.389843
0.660893
1.31978
2.86584
0.220582
-0.14998
0.0525062
1.17458
-0.0207991
1.32815
-0.115719
0.881813
-0.116411
-0.21597
2.40997
0.703435
-0.200038
-0.439339
0.17055
-0.170281
-0.168268
-0.232573
0.00386381
-0.115196
-0.0274601
2.50168
-0.349092
0.425631
0.0303048
-0.0378197
0.759962
0.930124
-0.402685
-0.445146
-0.216617
1.23781
-0.500453
-0.659765
-0.484098
-0.00897384
-0.497778
-0.254482
-0.614421
0.182199
0.306249
2.30447
0.131717
-0.254109
-0.472604
1.20078
0.649972
-0.718661
1.06371
-0.772703
-0.673732
-0.530882
-0.398341
1.4515
1.49407
1.17631
-0.600621
-0.0922828
-0.454558
0.0116016
-0.284391
-0.256014
1.21758
3.24705
0.133503
-0.361995
0.532125
-0.367839
-0.355058
-0.0221092
-0.243433
-0.494656
-0.136025
-0.376271
2.35953
-0.277972
-0.230713
0.158029
-0.359375
0.0423335
-0.296734
-0.349627
-0.37188
-0.671179
2.28269
1.69674
-0.242612
1.68178
-0.380482
0.738772
-0.184969
0.371798
-0.188949
-0.518045
-0.53921
1.80484
1.15294
-0.199316
-0.607407
-0.566669
-0.403244
0.302664
-0.20498
0.497289
-0.472041
0.916809
1.40508
-0.622799
-0.295082
0.465301
-0.057734
1.03389
0.878868
-0.0579572
-0.161613
0.582966
