182
-0.6643155111073704
0.21085879197158233
0.7631816557788608
-0.841851491515254
-1.0315885932924846
-0.1914366307214376
0.34482265309800714
1.618825170115302
-0.9172274567010945
-0.8412294850936324
0.02045474528079435
-0.027787532543489382
0.41608677759947554
-0.9255546750899436
-0.30155024739755437
-1.0884829023217182
-0.43670391559770844
1.9824219699420749
-0.7302834763680305
-0.13375289967589765
-0.7020827813721482
1.799431293813479
-0.7348610170352272
-0.5496742228711391
-0.9152348059982451
0.2717200658061462
1.1243847424221922
0.5436299610229904
0.27349130125038884
-0.6842804073157935
-0.004568670735552129
-0.7635815229124149
0.18910104199744543
0.021194058504098737
0.7568495701646722
2.5971224372889234
0.6689948704354457
-0.7275740657335955
-0.4942373789937619
-0.8409080031493475
-0.06111043511920867
-0.06276847948627688
1.735903925416326
-0.9329461041029323
-0.8973469141533181
-0.7333637604993181
-0.5338451901539415
-0.879496587591201
0.19773033064813753
1.8283533121404891
0.13960626218731145
-0.22327033628392587
0.927270799033966
-1.0523654463462089
0.889464408752007
-0.8708513353453413
-0.7913095711996474
-0.630533654857393
0.2682062240275553
2.741320204671903
-0.9928804403678556
-0.845454484555252
-0.8393208954989319
2.773037994494003
-0.6939240571536128
-0.6890242687531561
0.6238419315213797
-0.9349387982368983
0.829376877807155
-0.28344669621579277
-0.7929335344581346
-0.32380061141396466
0.010078809100087705
-0.542855629852713
0.02224112494996591
-0.5935635957171345
1.3532702389431823
0.09532782262153666
-1.0094070897963352
0.7392197721569158
0.08306356220208556
-1.0091915226378396
0.10813582731024222
-0.4354437482840095
-0.33500418043566704
2.909142701925581
-1.0022815859971343
-0.9959369628623
-0.6348966699388723
0.10504155661261948
0.01851578507648869
-0.6582376592735466
-0.20354224513155228
-1.0876124646747887
1.4833321141924962
-0.9139771781765854
-0.5900533866781243
0.7956257093196614
-0.8920418019941125
-0.36739656143533334
2.395482092397615
1.3391498780316755
-0.6031312117665927
0.3362834799698754
-0.5174028714080969
-0.024113168389768038
1.5800452707925627
0.9337543771277592
-1.1261243693188592
-0.8552326840639166
0.8777890928866992
0.9342385478548363
0.4367384170925436
-0.6921002300790773
-0.8504921559335501
-0.8987388967785365
1.3650522100190334
3.5272456722385632
0.6174857565396221
-0.9476427068432998
-0.34994376965024515
1.8831827606783054
-0.40184029727099485
1.7382846347620076
-0.9931285512503999
-0.8004166801421821
1.0191373432724875
-0.07367645644034575
-0.02650775865916059
-0.26821072795740886
-0.962811901715159
0.653699831777258
-0.21896960575015287
0.41285225932858194
-0.0548260071447864
-0.7491033538178833
1.0652368738998015
2.8528416511961705
-1.0751927667793324
-1.0504685560286489
0.35457974842118184
-0.6030030292638903
-0.4153902647707656
0.03173201458672191
-0.7451183613915044
1.2133327511165761
-0.9339976912269513
-1.0062106581574202
1.888258952015925
-1.0169780324585362
-0.9315927684029703
-0.11720829608398417
0.4030368948534229
-0.9223296027405211
-1.0426118574624355
-0.282593814218563
-0.7843588842770093
0.9364783858371829
0.09692945190803341
-0.27392040471348256
-0.6104670445772756
2.925256575918316
0.7315010633652367
-0.9403731375570725
0.29315969851236584
-1.138812591328743
0.991058536706495
-0.17381489304134715
-0.7880875676082661
-0.8921531231581169
2.239348634564736
-0.438542173622032
-0.06448132404612521
-0.2853864307907519
-0.6244349278635462
0.49063689679383893
-0.22957767519605315
-0.4258371125959269
0.17324976525686547
-0.47742316570799953
-0.9334036935333947
-0.49341309012092216
