182
0.958662
1.85359
-1.28094
0.240772
0.146314
0.582441
1.43329
1.1409
-0.164697
-0.243836
1.23621
0.778636
1.43836
0.741871
1.39642
0.607382
0.366009
-1.53458
0.392547
0.475656
0.71326
2.46603
-0.228423
0.700738
0.176303
-0.296461
-0.0535596
0.777992
0.259008
0.700438
0.0947062
1.27208
0.403788
-0.817811
1.13594
0.648818
-0.303674
0.207355
0.369502
0.608541
0.647689
2.2266
1.10129
0.57259
0.429999
0.463102
-0.483153
1.04465
0.316617
0.333404
0.747207
-0.439281
2.06942
-0.00500772
0.901917
0.656346
0.706588
0.344931
0.970536
0.159221
1.01632
1.12851
-0.153458
2.24135
-0.449584
-0.209765
0.303568
0.621897
2.02013
1.59524
0.800806
-0.218342
0.576892
2.27792
0.384662
0.381373
1.01617
-0.0161781
0.145854
0.0104246
0.247491
1.26166
1.73412
-0.403876
0.142781
-0.0283076
1.21825
1.20247
1.49401
-0.182868
-0.0727476
0.393635
0.0150303
1.68846
1.33898
0.650306
0.598533
0.910274
0.919396
0.148769
0.0960942
-0.0851096
1.35765
0.454967
0.232938
1.51802
0.701845
0.692264
-1.41989
0.216318
-0.861269
0.900111
2.29606
1.11482
2.17932
-0.120691
-0.344232
0.777905
0.597541
1.67326
-1.23166
0.704317
1.26879
1.32231
-0.777755
0.12704
1.00808
-1.30186
0.47825
2.0582
0.0362125
-0.406273
-0.90984
0.351625
-0.098572
1.30244
0.660784
-0.0242243
0.929693
1.13076
0.537766
-0.161876
-0.26023
0.442924
0.917523
1.89174
-0.0608987
2.93661
-0.943078
-1.6018
0.253713
1.73677
-0.933938
0.744761
-1.48648
-0.850547
-1.41272
1.65395
2.01028
0.820898
-0.900052
0.279305
-0.699512
0.0469419
1.72801
1.65547
0.292973
0.900372
-0.218838
0.372486
0.23844
1.56228
-0.940187
-1.56027
0.52296
0.385544
1.46913
1.71152
0.374181
-0.529091
1.29931
1.30559
