546
0.1984867333333333
0.11763316666666666
0.2155335
0.15767021666666667
0.21201005999999997
0.20207760666666666
0.1547246333333333
0.21606175333333333
0.11697476333333334
0.2047480733333333
0.17291933699999998
0.13892146333333336
0.1784448045333333
0.1348354833333333
0.2013207333333333
0.14856291466666666
0.2419908
0.1487579966666667
0.1861292333333333
0.11927313333333335
0.23739172
0.19059583666666668
0.20644330666666663
0.17085598333333332
0.14656028333333337
0.18816899333333334
0.14054052333333328
0.1971514666666666
0.16841149000000002
0.13535767599999995
0.22440400000000002
0.25229383333333333
0.1482874833333333
0.1699483
0.16921407666666663
0.13604486333333335
0.18175906333333333
0.20804523333333336
0.22237116000000007
0.2566162633333333
0.17185756
0.10989563
0.15734607
0.13794621666666665
0.14596970833333334
0.17906480333333333
0.14514860000000002
0.19051373333333335
0.2521045666666667
0.16900386666666664
0.2023641833333333
0.11988274733333333
0.19154975333333332
0.18997865666666663
0.13410188000000003
0.29053922000000004
0.15361924666666668
0.17072690000000001
0.15876328633333336
0.19380608666666663
0.19325224000000002
0.19882990666666664
0.16916649666666667
0.13203196666666664
0.18442116333333333
0.16876522666666668
0.238789837
0.25699590666666666
0.15769794566666664
0.14164992
0.11704739000000002
0.23144495333333337
0.236626874
0.25161143333333336
0.16737911000000005
0.14056512666666665
0.17915784133333332
0.14105484333333337
0.21240480999999997
0.14684693333333332
0.20599522233333334
0.1408915666666667
0.18821879666666672
0.16600586506666665
0.15859903466666667
0.21928796733333333
0.21082204
0.18058548666666666
0.23807391666666666
0.12707733566666668
0.19616833
0.18303818666666666
0.18621206999999998
0.12916753666666667
0.26291469666666667
0.14004422000000002
0.22229135999999997
0.19875613999999997
0.133057731
0.13861730000000003
0.2531437066666667
0.14783554000000002
0.2527443266666667
0.24743937733333335
0.18955069333333335
0.09987437000000003
0.1589327866666667
0.10655762333333334
0.21714277666666665
0.18801870333333334
0.13266203333333335
0.15922074233333333
0.2374285666666667
0.2323926131
0.16240350333333334
0.16318933
0.19732622666666666
0.14013701066666667
0.13462172000000003
0.17670212
0.14712535000000004
0.17051331333333333
0.18150745333333335
0.18977996000000003
0.16025421000000004
0.25683854333333334
0.16666633666666666
0.17293590099999998
0.23011513333333333
0.16043538333333332
0.21118579740000004
0.17666506
0.26921456666666665
0.2921324
0.22010779333333333
0.13787159000000002
0.19907703333333335
0.21951086666666664
0.14698234333333332
0.21219352333333333
0.19871006
0.17277904333333335
0.2670168233333333
0.13677928
0.23105426999999998
0.17821174666666667
0.2581197866666667
0.18750751333333335
0.28240121333333335
0.23535516166666665
0.09994520999999999
0.16553434666666667
0.15867155666666666
0.20390430666666667
0.21499328666666664
0.18998468666666668
0.10843261666666668
0.19085958000000003
0.21608654
0.22099461333333328
0.17074582866666665
0.1787767266666667
0.19343894333333334
0.2637874833333333
0.19891993333333333
0.17308556000000003
0.17849947433333335
0.23445019256666672
0.1650985133333333
0.14868704666666668
0.15250436
0.1056679
0.23128592666666667
0.15916836499999995
0.1681815366666667
0.13305269333333333
0.15568553333333332
0.1752529733333333
0.24130717933333334
0.1412824166666666
0.11188716666666668
0.16845976333333332
0.22257822333333335
0.17487200000000003
0.17085527666666664
0.1834972966666667
0.17880983533333336
0.18327927800000002
0.26088280333333336
0.16789874
0.2233103433333333
0.23508713
0.19153269733333333
0.22655696333333336
0.21095698333333335
0.1963442933333334
0.20844773033333336
0.21206419666666662
0.24433532666666663
0.15779956333333336
0.19180945200000002
0.17577220000000002
0.16160566666666662
0.19226539333333334
0.15616506666666666
0.1742684
0.17340786666666663
0.21801403333333333
0.15427027333333332
0.1505023066666667
0.15726401200000004
0.22595269999999998
0.1027071
0.18073230333333334
0.16436063333333328
0.17789964333333333
0.1687068333333333
0.27705393333333334
0.14597782666666664
0.21641443333333335
0.1378062
0.14895659
0.1519722666666667
0.15618877333333334
0.16861785666666662
0.18029298
0.16542970666666665
0.12133871433333333
0.17118518333333335
0.1349592133333333
0.20925023333333334
0.15093268
0.16018855366666668
0.22818340666666664
0.1776117489
0.1479294966666667
0.09660624000000004
0.19167505333333337
0.14688056666666668
0.12465924
0.1685873666666667
0.1150425
0.1519266
0.1496182766666667
0.20511517
0.19617689
0.23061564666666665
0.14663210000000002
0.23911390000000002
0.1833305
0.19100073333333334
0.20182886666666666
0.2131557166666667
0.11161817999999998
0.16213158333333333
0.09472002366666668
0.2289933136666667
0.17613257666666668
0.17544669666666662
0.17219732800000004
0.14036142333333332
0.17588113333333333
0.11277068666666668
0.17907931333333335
0.17935439666666664
0.16714642666666663
0.2031291633333333
0.20708399
0.25293940000000004
0.25767659333333337
0.17389820333333333
0.22314186666666663
0.21144073666666668
0.3114611233333333
0.11149957333333335
0.18323488000000004
0.18643245333333336
0.11123272666666667
0.16255883033333335
0.13552151333333334
0.15001724666666666
0.16295195266666668
0.15940894666666666
0.14182278666666667
0.19786019666666668
0.15534619666666666
0.104078575
0.14136466333333336
0.16139349033333333
0.15173403233333332
0.27440364300000003
0.22608515
0.16111234666666668
0.1944678
0.243921608
0.16745440666666664
0.10696247
0.08651482333333332
0.1416555333333333
0.23873046666666667
0.13154913
0.1593818833333333
0.17369022566666667
0.15352449333333332
0.17732505999999995
0.1703569566666667
0.1789626433333333
0.20035496666666666
0.15286846066666668
0.1646526193333333
0.17211411333333335
0.15562193333333335
0.17807896
0.14924193333333335
0.24672744333333338
0.16670519666666667
0.14385468999999998
0.18606110333333334
0.16318511666666666
0.17240928499999997
0.24293227
0.23925327
0.17812455333333335
0.179478676
0.21312948000000004
0.18563994333333336
0.16206602333333336
0.2143566166666667
0.27833114333333336
0.20048077
0.18540184999999992
0.19045437799999998
0.19262711500000002
0.20315925133333332
0.24626691666666672
0.18718989000000003
0.11462174
0.19237613333333334
0.2518218
0.22728383333333335
0.14035056599999995
0.14937109666666665
0.11993482333333333
0.18074400866666668
0.19545026666666665
0.07697663333333336
0.20168708666666663
0.16497744666666664
0.18420102000000002
0.11443764333333332
0.13741996666666667
0.1907534
0.17311643333333332
0.23085023666666665
0.22491858
0.12500788333333332
0.138599032
0.16518196
0.15771857433333333
0.12307585323333334
0.20550103666666666
0.18587707133333337
0.1548107
0.18039648000000003
0.16197796666666664
0.2027183366666667
0.12929863666666666
0.16067748333333337
0.21033929999999998
0.2056495
0.174255904
0.23457709999999998
0.15627656666666664
0.21782832000000002
0.24282383333333335
0.199474
0.13037221999999998
0.17893532
0.17384965000000002
0.1241429
0.13061793333333332
0.18530743666666666
0.16025070000000002
0.21755746666666667
0.19398626666666668
0.155576691
0.18012740000000002
0.23957419999999996
0.13229435766666667
0.1974165666666667
0.1697968743333333
0.13306149666666667
0.23522263333333335
0.15526347333333337
0.18195834000000002
0.15624123
0.1474266366666667
0.09638526666666665
0.14293171999999998
0.15693240666666666
0.19317403333333336
0.13615304333333336
0.1865802
0.17379126666666667
0.26159936666666667
0.17348191666666668
0.21460479000000002
0.19544145166666663
0.17928011666666668
0.1411299666666667
0.19218066633333333
0.15803340666666668
0.19455632333333334
0.17742222000000002
0.16881735566666664
0.12932463000000002
0.13468
0.1915127
0.12660122333333332
0.11805849766666668
0.18738895
0.16862807366666666
0.15909770366666665
0.23232632436666664
0.2283812906666667
0.13023385
0.1784697
0.2007784933333333
0.2903790133333333
0.09960492633333334
0.11388492866666669
0.12161171466666668
0.150446473
0.16856778
0.23415012000000004
0.14553673333333333
0.16746089333333333
0.1532334
0.18916633
0.15230809999999997
0.1659442666666667
0.19515351000000006
0.15705957999999998
0.21358178333333333
0.17161406666666665
0.16900196666666661
0.10074996666666668
0.24482102333333333
0.2293403966666666
0.20331617666666665
0.17537376
0.12264166666666663
0.17877251333333335
0.16370286666666667
0.21090835999999996
0.2749433366666667
0.14792820000000004
0.14030363
0.20543439900000002
0.18543999333333336
0.17612900000000004
0.18271271000000003
0.2071193666666667
0.19655920333333335
0.14987210000000004
0.19629509999999997
0.18549312999999998
0.23015329666666667
0.1776729993333333
0.1264177366666667
0.16187414666666664
0.1463124666666667
0.21014933333333333
0.19124742333333336
0.24889235
0.14262075400000002
0.12390317999999997
0.17596420333333335
0.11190294723333336
0.25814104666666665
0.11754641666666668
0.11873819333333337
0.11813421666666667
0.24428453333333333
0.1477430166666667
0.16393933
0.15040846
0.16454349333333335
0.13775486333333334
0.16993746666666665
0.19631031999999995
0.14663821
0.19598740666666664
0.1598059066666667
0.1793053433333333
0.16032655
0.11389339333333331
0.18465130000000002
0.15281324666666668
0.18726333800000003
0.18204076666666666
0.17318182999999995
0.14723829000000002
0.23244863999999996
0.25322239999999996
0.20560686666666667
0.15624278
0.17476102666666668
0.20680632000000002
0.14367929
0.13791591
0.195545067
0.19877223999999996
0.10481093333333336
0.2575134333333333
0.18113546666666672
0.2388787633333333
0.28767853000000004
0.22830462666666668
0.19813821
0.1628145133333333
0.1393089
0.13485033000000002
0.2482235366666666
0.21318975333333332
0.14406566666666665
0.19792744999999995
0.174165853
0.20096208666666668
0.1854872166666667
0.11663126666666668
0.16967873333333333
0.16645018
0.2203288333333333
0.17976897999999997
0.18781417333333333
0.13320933333333332
0.20350097333333333
0.14857780000000004
0.20846276
0.20093513999999998
0.1657944066666667
0.1377984
0.16594691000000003
0.20479605033333334
0.25401466
