182
-0.296791
-0.756688
-0.578773
1.77849
0.381478
0.354916
1.08735
-0.563251
0.0189827
1.54477
0.878995
0.0255426
-0.399081
0.26764
-0.645297
-0.442766
-0.323037
-0.488087
-0.0933264
2.95138
1.72868
1.72038
1.98507
-0.332774
2.30968
-0.517031
-0.0741428
-0.296834
-0.604993
0.137476
-0.17885
-0.728086
-0.365633
1.49585
1.83955
0.173247
0.394933
0.00726167
-0.698719
-0.42182
-0.296519
-0.617452
0.959441
0.42359
-0.390395
0.34743
0.823287
-0.255659
-0.252172
0.366065
0.478164
-0.0221371
-0.357086
-0.228747
-0.297072
0.433038
-0.656523
-0.367676
-0.188396
-0.187427
-0.336216
0.531095
-0.103318
0.968101
0.647158
2.1933
2.93829
1.74596
-0.199617
0.268039
1.31556
1.62322
-0.183979
0.888273
0.0862249
1.47388
2.51647
-0.0942023
-0.0164381
-0.235244
1.20479
0.174268
-0.584545
-0.14129
2.10822
0.000428508
0.938276
2.1662
-0.3199
0.327243
0.143908
0.490884
0.164569
0.49087
-0.170782
1.15224
0.788001
1.39711
0.18788
0.753478
-0.240916
-0.158805
-0.0564341
0.0541109
1.2881
-0.0639114
-0.401321
2.25971
1.89113
-0.36421
1.05048
1.00891
-0.519556
-0.145252
0.702929
0.0533033
-0.421326
-0.34712
-0.280183
0.875261
0.656467
3.20834
-0.32428
-0.0148584
0.4296
-0.498648
-0.422708
0.322846
0.262612
1.09075
2.29239
0.0862445
-0.412358
0.0181837
-0.422069
0.334817
-0.618229
-0.290662
0.391108
-0.366971
1.19231
-0.5916
-0.733809
-0.0345714
-0.281563
0.0952072
-0.166373
-0.30822
-0.608266
2.00546
-0.212111
0.263188
-0.622546
1.85835
1.67591
0.73807
0.013041
-0.335125
-0.393271
-0.526747
-0.630996
1.67677
0.802203
0.369127
-0.645017
0.140502
0.731041
-0.42876
0.422178
1.12455
0.43277
2.62064
2.41493
1.71399
1.88915
1.88876
1.97988
1.84291
2.2571
2.85558
1.90326
1.78086
