546
-0.39562208319044395
-0.556535675450662
-0.532092096032227
-0.6777969451714265
-1.2042892563845349
-1.4225127495070229
-1.4751587046237074
-1.2674736894362435
-1.0436496500698351
-0.023878985497136344
-0.1867227690784465
0.10130438916556066
0.001765048791139887
-0.018750611540375193
0.7437475299204394
-0.04361429169190846
-0.5593299733572589
-0.9956731230668445
-1.3725693998474653
-0.602199059100881
-0.6400838599247177
0.5469018534254486
0.4988399908129427
0.6650805412820819
0.8320248944836076
-0.2780631909573251
-0.4873313529757201
-0.8881440119943197
-0.10422162641525137
0.04045514121225151
0.4179960110825928
0.5458665179080825
0.696397778914304
3.0764599146277343
2.8183045225318537
3.639175191656033
2.2534613712093594
1.3800046502416567
1.3566589130527267
1.1612495772354121
1.0724634720586554
0.7767647880617403
0.459566858901474
-0.1353012961842692
0.15005937520279375
0.29309535439738627
0.6084799034928738
-0.4609484229310898
-0.7745458251933689
-1.0337498072538442
-1.1524601348925936
-0.7872935679510804
-0.915487889308146
-0.6990952471775741
-0.9885825268682074
-0.6855551442301064
-0.2722488894541237
0.025190437670143152
2.827544304084567
2.9679634480886943
2.4846996858700607
-0.5600479316633686
-1.1130261128316883
-1.4305372278034532
-1.5801928371097669
-1.2552444160474443
-0.5371266990156092
-0.6040428873101583
-0.25919885104647283
0.8435610394056442
0.5668945926309058
1.2085110051895758
0.6013868280295764
0.12340676639920183
0.340573189130223
-0.42103686204851565
-0.6472843592812021
-0.7940292520120573
-0.42952653611617314
-0.11225857030580132
-0.2802671340187537
0.8956907378065205
0.23370230573704331
0.46820214976283
-0.25259311964039544
-0.5981357240571636
-0.27115919286682966
-1.2084808794699609
-1.0426224131439359
-1.0822007372561493
-0.5582828672704403
-0.13151099598214702
0.836371917119964
0.17809668685153807
-0.661953986926132
-0.9600799177653763
-1.0991616253564216
-1.1395053278205174
-0.9328865293033913
-1.220064711523545
-0.6967343778385802
-0.44100928702277703
0.5892033860198466
0.384923218997006
-0.07062040485349175
0.6599704088517773
1.1763575184419308
1.0093334683196586
0.34697575905718236
-0.002907737257840295
1.2570589948652255
1.0403214496344626
0.9325961489852431
-0.7407193720725778
-0.7327715340062572
-1.3963557360847711
-1.741513316743448
-1.3400519838561027
-1.2872309350880469
-1.1187421936449882
0.5454597304268012
1.1507770414226297
1.5938549944371867
-0.3600278555752207
-0.9365101034856451
-0.6047901670677464
-0.01776612823270296
-0.07726246611326215
-0.7530643769609554
-0.8537641701785229
-1.2812067574342687
-1.3242129335319386
-1.2597740122942895
-0.15040197489820373
0.15954282894587335
-0.22929398958191205
0.08143080919362759
0.4734582915075503
1.1039843175914192
0.8318557169135243
0.10034557054216443
-0.20151024214819838
1.9523604970736637
1.7005371863262322
1.8859143712744846
0.3074750839498248
-0.2630779813379925
0.4411792886079827
0.13990268372136272
0.5143374754243405
-0.3123986645165292
-0.18976302183159524
-0.22947349364727002
-0.32069569228248873
0.13096676789385894
-0.23308796682802882
0.6480988312902705
0.5344490851048818
0.3974904575718261
0.7126106161874828
0.13084870058219644
0.3531349004730017
-0.5473511741067569
0.13529102012835603
0.6481704709533633
1.0215081497310967
0.14239671502636214
-1.138543123970411
-0.9579380286182728
-0.29805152332852297
-0.06252091224999289
0.1822309101352058
-0.1485612161548321
0.07640041387546553
1.4017282557453246
1.3952651696668086
1.3926322388521732
0.17564196907115737
-0.31391702510992137
-0.2537008586370021
-0.15594749274900344
-0.13633789517823114
-0.9670896095057349
-1.046092569691089
1.1393120766875442
0.7907193107458363
1.0667407295440148
-0.6915753549847802
-0.662860583604793
0.20543683928978676
0.47389122395154915
0.8957945402602431
0.20197440411509401
-0.32107565631047524
1.695544342863977
1.379402857627995
1.7553734801668082
-0.3416917642114806
-0.8482860648992512
-1.169080735012067
-1.1614960856151406
-1.337295104311615
-1.2322264090172566
-1.2838154231142376
-1.065439412212024
-0.8165947043788174
-0.047338527578898976
0.15460964359868615
0.20450362203463363
-0.38211819063221975
-0.5799840562923759
-0.814736169745881
-0.7929119889607186
-0.22843386970679247
0.22563519435648793
-0.09374153607289
-0.5163299814478148
-0.3772713505631625
0.07483993804849343
0.5652331633661047
0.03168205629459497
0.38398806236835803
0.05850295031433684
0.0894248014629767
-1.025924200245777
-0.5893927531287448
-0.11850123518959987
0.6518209617192533
1.7256526923877622
1.189914965707678
0.5897507993388865
-0.06612370098481983
-0.3407820138085946
-0.22426065141076154
-0.8683334124304217
-0.8024976397974475
-1.1624568548125476
-1.05290790831713
0.1252213928037332
0.00834814892074772
0.49686560612398467
-0.6319000775114849
-0.016969976754202625
-0.49098062935956077
-0.1774820329934488
-0.3557135131248742
0.8225773695608704
1.5026339981077894
1.9129741230275337
0.7158236388437964
1.0999469310044925
0.30701954660097514
0.21483089492533758
-0.5129069397713468
0.04273260823391965
-0.7574958344275204
-0.7612810697395677
0.336632621265952
0.7013506558673344
0.8106754898657447
-0.4063955492846698
-1.247967208982856
-1.6880064749920365
-1.6463126600509315
-1.3136208966912246
-1.3039713918445894
-1.164874134324936
-0.4064905142815165
0.19547766304129827
2.015623988024301
0.9721408299753256
1.331981239357776
0.05036694226972692
0.057296306130132243
-0.27786414534973236
-0.19259178048028425
-0.6039617593891732
-0.9204335345680715
-0.5168693178315005
-0.1687706335811764
0.06117568003290158
0.40322109745295454
-0.46375767124717
0.042913749574678126
-0.3167752727703729
-0.33354258470019177
-1.2405961133437733
-0.8941329134160131
0.3124933963178537
1.3471303036823585
1.1408889446491346
0.42364771390302225
-0.17655405465382787
-0.30961894932236966
0.08527180767721133
-0.10128252288137944
-0.5180385542128103
-0.8838283429068214
-0.7604698447274346
-0.9200777973539109
-1.4601092644619347
-1.1671645843699203
-0.5747797048218554
-0.4160396279204989
-0.45327263552660946
-0.12125784386993739
0.18159530854331665
0.7893266764763679
2.9639002012294253
3.1545620672910144
2.9727579453204642
0.3420126562972667
-0.35822831071660577
-0.35932992231151445
-0.5467145423637536
-0.39322930003291
-1.2931719718892394
-1.438714261327226
-0.9323291645545165
-0.9524696964791949
-0.54327276178425
-0.7358411344471811
-0.6811744838169873
0.023313540323737395
-0.3287499847272846
0.3453579772090136
1.0178991072172912
0.7810053216667493
0.9827982274004916
-0.26006863543497694
-0.3397938506231115
-0.9747926698586515
-0.9455931878788815
-1.3830624980564044
1.3410678439285484
1.4445437552764115
1.7320514219985716
-0.2942825093081883
-0.7512028760818872
-0.761714207173826
-0.6694050502127995
-1.0587177577229852
-0.24842765549739348
-0.7631194727845377
0.23005634411053322
-0.11637121267623428
-0.11280449752281137
-0.34722244930755325
-0.5283031905959632
0.5763558162959025
1.1099897562237655
1.2896631446786566
0.45253495459670035
-0.11870746625944002
-0.9188258860709029
-1.067432915790543
-0.0804485307444054
-0.013633206674759486
0.22412143655927622
-0.7092838939274257
-1.1258279849488977
-0.3531054331602823
0.1469656101206923
0.5693946006562003
0.5316335592541352
0.4744874409489412
-0.7339182692257412
-0.9742343855193107
-1.3948440389544983
-1.0045938591933548
0.07281963857810969
0.5000858924979995
1.2820980677901828
0.4576010770479399
0.8437515086158267
0.6185626549310713
0.18759905885026193
-0.6252182710935636
-0.49133992895759127
-0.27682076235334135
-0.8277054033715451
-0.8718084767657847
-0.07819202443408843
-0.6854398937103136
1.071740214623876
2.6599284517443285
2.6880116927886792
2.3442883495998954
1.0636752157509877
0.022697430469384522
-0.9558951194208475
-0.6863855524301339
-0.9389386409529695
-1.2434239906892297
-1.1256297680847067
-0.9028033756877135
-1.072629459698754
-0.49008886672753654
-0.37588009008962336
-0.13516571961548215
0.001932793663296819
-0.5420046613071479
0.2630963790467049
0.14438446974116562
-0.22128060822366777
0.6197608245551511
0.3518086196033943
1.0025840645242579
0.4750452004366139
0.9336589589566506
1.356660859865115
3.4334028243037977
2.5319443370482584
2.401826867847939
0.2915629242810305
-0.4641794919898993
-0.8770837352863997
-0.6082034577062158
-1.2668128217808936
-1.0769582558322854
-0.7838003720325551
-0.82963520076591
-1.088668082589127
-1.534677567381787
-1.5642393250460853
-0.28872307053107715
0.6361902124095512
0.8869254790011104
0.9802603008340353
1.8170315459018356
1.4356265898960505
0.12318016717958098
-0.9414327763917041
-1.0433050599233518
1.2068703710845523
0.7548729358242543
1.1605976407187761
-1.059878533277657
-1.305956650509954
-1.5586328229473632
-1.423561309850586
-1.2657996902083326
-1.3246949495059237
-1.0803155403808087
-0.425747673219769
-0.2401459883600812
0.8396040693951002
0.15787108942106703
0.3390746150387595
-0.42333705773016594
0.42030407331794184
1.1449663950071447
3.9947835031423797
3.1895475812115923
2.190428926994382
-0.7884435932511835
-1.7139707532563646
-1.6375336170066148
-1.8130004155171837
-1.688747363726326
-1.6653100164039885
-1.4544002278430699
-1.0860247598153547
-0.9759250218886264
-0.4279765021019425
-0.20325783334536573
0.6158797742536534
0.11621703913012525
-0.6213131974769508
-0.053250379208423335
-0.2895101856721926
0.024801540473167245
-0.592919514146242
-0.8081207359537892
-0.08110795169728002
0.5286462772076105
0.04683104840481425
0.2769144333423147
0.29088325112559926
0.17999769450289657
0.46003988157048226
1.4130258611059194
1.2994565002329956
2.7959716085102087
1.4660518760788512
1.1436277095471266
-0.2246248711125948
-0.2600697429488593
-1.021126116200347
-1.307751079406513
-1.2282644293135188
-1.3764323948821466
-0.6787550889929403
-0.3944655888008166
-0.22974665813158948
-0.23715293588257197
-0.2820573725512663
0.27717406190615423
1.472866216786967
0.9889319385959814
1.506666648581211
0.6674555054428327
0.8377675727435812
0.2723824333332132
0.559406889467067
-0.472665502017969
-0.5620059323598907
-0.9078449452727325
-0.9835500855011406
-1.2274830369845242
-0.39479800707471857
-0.47011301007822603
0.2682701031435007
1.3542979864858549
0.8767920449668621
1.7671166286172602
0.3881713392131165
-0.14591696630176657
-0.8310061835909134
-1.1459467170992927
-0.7382504668497012
-0.9113924206582108
1.7198215067230196
1.9391684418388178
2.405971793492261
0.8133108572805429
0.6493853658416077
0.17876219164134793
-0.14680069788805333
-0.35202587055556117
0.481747387490166
-0.045563065684161234
0.8046282471390226
1.1308369237763871
1.4655469223666282
1.8798411901504124
0.5932324377942577
0.017329528255392215
0.3178267911058793
0.2943522855971671
0.6506742562622364
-0.5286414661847857
-0.8763024610471354
-0.11014277740624631
0.22697754070384235
0.6489156365657079
