546
1.24456
0.652798
1.00098
1.01432
1.61806
1.12705
1.20281
0.846353
0.698961
0.882382
0.869377
0.991761
0.58397
1.0898
1.22349
1.05104
1.00974
0.577633
1.1981
1.59372
1.56388
1.17347
-0.126768
-0.28326
-0.155712
0.121556
0.578625
1.17944
0.849203
0.99919
1.12524
0.980655
1.33799
1.78726
1.66485
1.31814
0.319164
1.06975
1.31154
1.4448
1.7484
1.91292
0.51995
0.219979
0.698693
0.283304
0.00326242
-0.635952
-0.857259
-0.0679801
0.156007
0.0715769
-0.160181
0.361796
0.750638
1.64169
1.62287
1.62539
0.661949
-0.519769
-0.987802
-1.03323
-1.01077
0.116331
0.51672
1.15099
1.04933
2.00734
2.36064
1.9075
0.270138
-0.279858
0.948203
0.625925
0.0939106
-0.991396
-0.651915
0.0100118
0.440015
0.361895
1.49325
1.85219
1.77967
1.00186
0.91006
2.19528
1.31993
0.03827
-0.310242
0.613082
1.34278
1.25469
1.27616
0.023914
0.718416
0.977539
1.59106
1.00598
0.341687
0.429256
1.18988
1.28855
1.5056
1.61417
1.49627
0.43559
0.512864
0.572796
0.87301
-0.282781
0.119783
0.488019
0.151634
-0.0628445
-0.0557681
0.549322
0.0159923
0.26608
-0.797334
-0.94207
-0.687012
-0.199006
0.323998
0.799435
1.63997
1.32647
2.13893
1.56982
2.20327
2.23274
2.20154
1.38972
0.312978
0.421001
0.456073
0.0973451
0.0523203
0.451211
0.670632
0.41519
0.406377
0.429469
0.763932
1.51094
2.40598
1.79856
1.203
1.37593
1.07824
0.78768
0.553273
0.375518
-0.255578
-0.462876
-0.112788
-0.109303
0.335706
0.456034
0.859964
0.564744
0.279361
-0.228978
-0.598223
1.51116
2.37952
2.33363
2.2601
1.61506
1.00936
0.316807
-0.341126
0.138094
-0.09546
-0.466925
0.979505
1.22815
1.28563
0.562727
-0.000468848
1.05296
1.80928
1.90126
1.03009
-0.320633
-0.343343
-0.0869302
0.201955
1.29293
1.48279
0.795851
0.226366
-0.337666
0.759083
1.99532
1.3502
0.20231
-0.296218
-0.222597
-0.34246
-0.668931
-1.26769
-1.81437
-1.71048
-0.655154
0.532181
0.89668
1.0181
0.587916
0.872236
0.324425
0.189654
0.0448147
-0.398277
-0.42914
0.386144
0.477289
1.06231
0.213758
0.312753
1.17854
1.33398
1.57303
1.19714
0.926009
-0.165737
0.0558427
0.0815352
0.533561
1.86521
1.82312
0.808758
-0.0496102
0.0157476
0.352933
-0.752388
-0.692925
-0.527465
-0.567648
1.46798
1.47928
0.745298
0.848006
1.27412
1.39882
1.60088
0.771077
0.0848943
-0.224811
-0.726854
-0.101673
0.512024
0.0143932
-0.261978
-0.211856
0.432073
1.7577
1.85128
1.18668
0.999012
1.39722
0.978202
-0.268856
-0.505231
-0.733381
-0.94731
-0.379576
-0.244328
0.246483
0.540083
0.786748
0.14184
2.37557
2.36031
1.95185
1.00748
-0.30371
-1.82693
-1.51552
-0.76438
-0.663936
0.65832
0.85014
0.860716
0.699922
0.534899
0.170894
-0.115892
0.149028
0.55137
0.702198
0.6202
0.290096
-0.861326
-0.436098
0.784215
1.61664
1.63813
1.11433
0.660964
0.75287
1.55848
1.67287
2.02798
1.09585
0.914715
1.46116
1.16771
0.338575
-0.124898
0.305339
0.300518
-0.0475561
0.119517
0.594171
0.530994
0.789446
1.80562
2.17463
1.95592
1.31034
1.22167
0.901966
0.4472
-0.119576
-0.0595944
0.0110066
-0.227732
-0.184317
-0.682497
-1.41934
-0.319241
0.212563
0.589085
-0.154359
-0.367093
0.306879
1.04803
1.66975
0.898206
0.727703
0.181559
-0.166018
0.943671
1.40409
1.37075
0.197684
-0.0669616
-0.0613469
-0.614629
-1.08145
0.827991
1.44855
1.26904
0.693958
1.03383
1.10534
0.501442
0.571794
0.282757
-0.260686
1.2814
1.35329
0.901773
0.651601
0.625043
0.872286
0.593439
-0.0764127
1.35971
1.09533
0.437935
0.0980284
0.400408
1.06617
0.915054
0.672384
0.238276
0.19392
1.29329
0.889281
0.0300027
0.00462024
0.412861
1.42327
0.798818
0.646755
0.882579
1.34166
1.52919
0.446113
-0.215946
-0.178971
-0.380016
-0.574313
-0.22054
-0.735552
-0.530971
0.104531
0.744745
0.795182
1.51317
1.39251
1.52306
0.327402
0.899666
0.971503
0.533721
0.383096
0.239344
0.365783
1.20347
0.075134
0.419723
0.400191
0.128406
-0.26706
-0.120481
-0.193456
1.28324
1.7833
1.81945
1.89775
1.30524
0.490999
-0.109046
-0.0119773
0.15889
0.502285
0.0772619
-0.177976
0.328682
0.987252
0.575392
-0.526698
-0.361453
-0.0179002
0.661315
1.10072
0.837945
-0.0875039
-0.546639
-0.286899
0.286818
0.959614
1.78613
1.55942
0.973559
1.68819
3.06465
2.95941
2.30962
0.796973
1.20369
0.62167
-0.167156
-1.05887
-1.40645
-0.946693
-0.324517
0.619437
1.15253
1.22653
1.08767
1.02634
0.970776
1.91621
1.27793
0.353097
-0.757046
-1.06043
-0.333075
0.854953
0.873123
0.97607
1.63296
1.63343
1.66671
0.872018
-0.256327
0.713492
1.6154
2.64961
2.35194
2.26338
1.51098
1.86192
0.646129
-0.477843
0.849834
1.04187
0.754874
1.12241
1.03516
0.717993
-0.0387535
0.936162
0.577403
-0.41869
0.684905
0.662908
0.165562
-0.909016
-0.694934
-0.489305
-0.727446
0.780046
0.463763
0.242262
1.22167
0.84626
1.07902
0.541684
-0.350356
-0.743636
-1.39451
-0.94935
-0.592416
-0.105801
-0.0639469
0.840131
1.13485
1.42586
2.02582
2.14716
1.22248
1.53662
1.98109
2.36422
1.50139
0.746952
1.70381
1.71304
0.769871
0.111531
-0.0611919
0.579031
0.545587
0.371616
0.381045
0.32235
0.491136
0.242993
0.0596776
1.35748
1.10919
0.413302
