546
-0.8088415949929113
-0.8639137330222062
-0.8163867238484582
-0.8232019248169501
-1.2524749446757215
-0.8029723301316666
-0.5065637299177307
-0.3736890987760242
-0.9092191712165147
0.13182872517110877
0.5016547533647132
0.840866311958672
1.2570800663401562
0.6798454491852013
-0.004810630200227022
-0.7389328428837958
-0.2682444096497443
-0.5390614484909975
-0.5706732474442866
-1.2042177492109218
-1.289732963102527
-0.6868202644774073
-0.6936550939227353
0.1539216472062595
-0.2932133418999452
-0.013404570622121111
-1.1459070955443795
-0.4990037750430322
-0.8078879528281423
-0.034771520523459075
-0.04334052237549452
0.11931255047163261
-0.35288419193693943
0.8843823044382604
1.5417466338189332
2.2171284153710933
0.9816814756621842
0.9313730061984627
-0.009243167542399754
-0.49259354160209995
-0.13280205845157936
-0.5110626918773273
-0.5929004797206773
-0.8070594225550837
-0.5199644776867657
-0.20386211444337143
-0.61657509788949
-0.5906236500172627
-1.0840171090115145
0.1607082697616389
0.19446324193803913
0.34558807380506323
-0.5650435954729095
-0.8038854777377721
-0.27943060993113805
-0.11126020597557267
-0.31814891741406165
-1.1874561122783163
-1.1884370072171293
-0.32213783098439963
-0.26819245755545795
0.4090696574889543
0.11099218628408103
-0.6128291472255295
-1.1061957412443395
-0.6890454885048455
0.009391724425691965
0.282804014698465
0.4113492922080334
0.5684401456443702
-0.37847637267693457
-0.828563027583183
-0.6101317603985528
0.5281060778219938
1.1913994906413758
0.7193919429795987
0.0022608111756543176
-0.6716426134663913
-0.959234266995717
-0.8801309373690164
-0.33333410054119594
0.632332297854271
1.1565547915372485
1.3142609082607826
1.2024805176473599
0.8636584287470073
0.5368947583999586
1.8434319094676475
0.8445787091292952
0.8258832562225251
-1.042204870498207
-1.0468900400031458
-1.3334034419681469
-1.213436881179199
-1.4424526407122136
-1.0752696260271075
-0.9684033314947454
0.2797709230237373
2.8320869398650186
2.7056589696421915
3.390138842051487
1.4620130816403722
0.2898023764759698
0.35908854848509625
-0.1368053202386908
-0.530182675101966
-0.6489346210762081
-0.33801674508988105
-0.829385784304462
-0.8413971040541602
-0.6821779987981363
-0.3778852099305693
0.3655280758075162
0.34762583348847537
0.43020793115874284
-0.33746821174458386
-0.31642587919424986
-0.9884033245950177
-0.48264087620560436
-0.4847889615921768
0.16088957353500352
-0.38922773999394694
-0.03625822366097058
0.30768524223430677
1.7086020252397904
0.6947494904330509
-0.3515406326782897
-0.9471198388384005
-0.5027354489411416
-0.651361431898377
-0.8025868181706954
-0.9852938216900013
-1.1993607810518387
-0.32988442304748916
0.07710445676352905
-0.40227242330980095
0.20955235758529187
0.26129236396038524
1.0592261930421456
0.5654447572415536
0.7717764473784501
0.21529203701965446
0.9425678431421005
0.7087223601145753
-0.35306369117129516
-0.2919606316989543
-1.1344739632078227
-0.5305365714829289
0.637636397282302
1.743444068568774
1.660634073216496
0.5287404006286986
0.5598283810578031
-0.12805675501429947
-0.26018854577527545
-1.150128866938069
-0.9887683652524828
-0.9517393912595125
-0.8056764461965762
-1.2462389250962165
-0.26519711938007673
2.7505252122755572
3.0062329868231257
2.1030131993226076
0.009614419594665491
-0.8996428081881022
-1.076120918217489
-1.1581644719735396
-1.0898852124903033
-1.0931994639630642
-0.6302450174696781
0.8009099322103448
0.9031144488902278
0.6510956002779861
-0.46938583962604935
-0.5357159914882736
-0.7375542228820126
-0.11338906406127655
-0.26655263968658793
-0.003212972496615771
-0.0069476508972921396
0.013609770643989064
-0.06997581448041332
-0.6569278083237237
-1.0474316967784185
-1.1559353064979867
-1.2801323300709286
-1.0382222832692622
-0.4982399631166839
2.4442636710392978
3.0748234756473116
2.117993930726065
0.20817709744279528
-0.9909525589141639
-1.048215207079357
-1.1331382225408833
-1.0807521560726427
-1.185056179205708
-0.4228695548774003
-0.3449569866049699
-0.2448439190606216
0.0044203997639002904
0.8144375264477475
0.7580806070140733
0.2774530674876875
-0.9019265375845994
-0.9930627866658321
-0.46302142050737194
-0.469199420339587
-0.3948584693830162
-1.04664681740682
-0.9218413832615723
-1.0520513118906045
0.03821304059825508
-0.220287111751219
0.7946036824234343
-0.76469464562319
-0.40435526333858707
-0.22103479105412652
0.5208070413971931
1.6217681209019361
2.102071184351234
2.0890816961647216
1.16634158883249
0.7115382647514554
3.212962831638794
3.384330650766241
2.5762721623255107
1.170499404432216
-0.39906404233950515
-0.20638881636461967
-0.9130972270382912
-1.1881534899947368
-1.3861235670387009
-1.275276119400022
-1.0938314794037483
-1.2401687713700995
-1.0674989417681733
0.6182650759116557
1.3554022695485965
1.592522826239666
0.20880479316763717
0.43343325093542434
-0.18530735373116555
-0.03399761245167417
-1.0160382078183272
-0.17622333767870463
-0.18717444932124955
-0.0016188285600289636
0.3641211742450263
0.0191928958072877
0.5128321336444243
0.33890648504135323
0.34809383739428845
0.15260981072442364
0.39313131588791445
0.029371605608929808
-0.09267210493375613
-0.1811433177331385
0.1239714181321799
-0.2188158898046669
-0.6278777573800124
-0.5651461145305505
-0.5604659859893788
-0.062436305015305844
-0.5713370762263553
-1.1792206872258428
-0.26980661462704486
-0.8123652197327563
0.38426986192866003
0.22887463684611056
1.725971422781271
1.1739022108326382
1.4361595848219115
0.044336995402678915
-0.5541709744508854
-1.1384774813124987
-1.0641962560596798
-0.7072527431631817
-0.05490679381813693
-0.0950153332914331
0.11476585878040546
-0.23670179629939628
0.2274787036613208
-0.17429957262540266
0.6695768932008889
2.949279409840336
3.370512707727193
1.8398446947149427
-0.5467669401071925
-1.0450905674433313
-1.2534887799694783
-1.1301322550246151
-1.180624187477765
-0.9046162681960194
-0.6422598597439968
-0.8474638642856906
-0.6861173426404671
-0.3093137399524461
-0.5391801271048048
-0.28327215568041736
0.48592824714702665
0.37179927542145286
0.37300603137764043
-0.7001819761061315
-0.533214238967971
0.06801716596501799
0.2954274214661189
0.3561519063803588
0.4649359459377222
-0.37655622738730354
0.0338525563681874
0.7610134138061782
0.6753021058602731
0.5350578818195598
0.06325106597316418
-0.559114454306549
-0.5085981480237792
-0.08005398999497554
-0.05424915964390739
-0.0704467585300505
-0.4581681755569231
-0.8787106575540425
-0.5564265030460677
-0.38696478837255055
-0.5312024528691094
-0.18905551651478972
-0.5673992614083416
-0.24165099497021614
-0.9416062332598502
1.2930112915281058
1.2870297908834947
1.6063621543063542
-0.3529984214318885
-0.7623805488261829
-1.1679233116030285
-1.2829403075044545
-1.223984831503943
-0.9847956267252791
-0.8392387267793575
-0.8835260992709146
1.9493309855005705
2.1356485183232863
2.115434473061675
-0.01281297772103997
-0.7844495279061999
-1.3412659091694115
-1.0317255862934829
-1.0011021775265572
-0.39138125491048986
1.687382814088317
2.334023502648114
1.4869375617855602
-0.4512772556013227
-1.2589769335537075
-1.136930540005438
-1.1145685771419855
-1.0588200016443297
-1.275626907246134
-1.4229843925154566
-1.359122609937213
-0.17444846157337943
-0.20754603787464898
0.27887468189841774
-0.041879130285867525
-0.054776014844802205
-0.4542992002001986
0.710930497302391
0.25744623423754237
0.3203595515880517
-1.2876070662661168
-0.5703138381220881
-0.5613774122404034
-0.0863712224400831
-0.15733179748648823
-0.5053017669494109
-0.8399406271248067
-0.3110200855580436
-0.2717220557379012
-0.3851740591834235
-0.4018746502986534
-0.8674231493574105
0.46628960844516604
0.36577695683589323
0.555814935906378
1.133387637816298
1.5764303009656941
1.2238029224411957
0.6175678516385359
-0.09666434087020839
-0.19684776947583904
-0.29463918268710165
-0.42081216619409656
-0.4396341298387631
-0.31688732227280997
-0.579360521939826
-0.6043745222193764
-0.7856657816770892
-0.4687488581997052
0.5036974356509364
0.2657434860294516
0.7183441571482038
-0.2694191280750852
-0.2161888118137317
-0.06333592613634527
0.6974241346438536
0.9517296015174704
0.4720118340210767
0.34625757608609026
0.574631639559925
1.2252337109976026
3.375207867420407
3.7261002275226174
2.090446178956398
0.6674065730670427
0.28692333013702004
0.4258879166901706
0.080768151125413
-0.4556187604343787
-0.993814493968212
-1.0262316988866078
-1.374786544186501
-1.6261973699858718
-1.4923302953907733
-1.5055356604225554
-0.6033873324459841
0.20412277408327711
0.1927383524326852
-0.11913565323759778
0.022697652778647603
-0.2999996919673173
0.8514345888650144
1.0948447353269224
1.0718290305672975
0.042382657152623605
-0.4752497451116091
-0.7729938796602643
-0.8152893236127375
-0.9966073140763344
-1.2041813625625246
-0.7292609566510618
-0.6282789657174435
-0.08776884644117686
0.3267812976137351
-0.19067429173991154
0.5222778827864601
-0.21843771386805452
0.033940197887020004
1.9766193928208144
2.1336207027896363
1.545579007574107
-0.15057267979133732
1.4379026266869548
1.2986251374698614
1.8294415407246356
0.25776351377267415
-0.9382256459824315
-1.310031365408938
-1.1627612841193555
-0.688866968828028
-0.7353242465345234
-1.33222780226071
-0.93936589236769
0.1956416691329904
-0.16002044831100828
1.646067118924484
0.6067966837263473
1.413119297780804
0.49428091404299074
0.3374314243215285
-0.02731589187997336
-0.3748576057212723
-0.721482020042537
-0.4558779551441643
0.17544642676141411
1.7945836073672692
1.5918920349347971
0.8809776434604208
-0.5595743426174652
-0.94971542721142
-0.9575937490308741
-0.7964816917623188
-0.74855798219597
-0.6548750501574319
-0.2330874320198938
0.19455530086074133
0.17608051256559396
0.44448542364521126
-0.2128842481214475
-0.5753549246065826
-0.7359530482203751
-0.7792672058706904
-0.9198800665880562
0.5071808461190734
0.4466145759791323
2.3458580307873635
2.189992462233622
1.8424904004510403
0.13077727130808148
-0.5945609625019315
-1.006002698042408
1.1217677195933167
2.586864552674187
3.0268095550162664
1.1355044577449556
1.678941092909116
1.6231638978596272
0.8720011554198464
-0.8259029624064126
-1.0032182613578189
-1.1776351341992934
-1.508778088606331
-1.545060929292315
-1.5226926180804568
-1.1587775571789303
-1.1903196226214892
-0.6276203962611245
0.08804090278858911
0.0569123693449025
-0.5638639025656311
0.10881155636451369
0.08857214252166162
0.8780324488296117
1.4735472957675273
1.2127023178216034
0.7639454003128517
0.2008145859252635
-0.25576064512578417
0.6339631419435869
0.29554528189995766
0.662139065906059
0.32322443800187567
1.2563797843135025
1.2408062878441914
1.2821829874448063
1.130725257344502
1.3800162668836609
0.518770984398185
0.03548113377457191
-0.5317529530007565
-0.4243105218410502
-0.7086877661726461
-1.155850352378021
-0.6519332529980283
-0.7713523851156153
-0.34077233717425587
