546
-0.34069080906774507
-0.26278412986967203
-0.4123082764478636
-0.2886641088185955
0.11301757228964637
0.4154865569676633
-0.16325750772901707
-0.23250688323487023
-0.4536702707459292
-0.4939305275773784
-0.285443406024338
-0.3505773810132563
-0.3266583174421562
-0.26715103199497287
-0.43588247236961253
-0.4789947573605348
-0.09577110556945173
0.00155756732818361
2.66791863024149
1.6559094008229307
1.5180659010601072
-0.20714984894402394
-0.2297437895029931
-0.11493929875224923
-0.18244581904175966
0.009319066564860467
-0.2791392501016512
-0.009835354289970564
-0.3414087260146794
-0.28542176209235565
-0.14346936555585493
-0.35335313709561234
-0.2391621512277691
-0.2704465376706939
-0.2234490670770551
-0.3105547963160351
-0.20391954581878813
-0.07503351977933055
-0.2683171164182877
0.7589044597876633
0.6736044830136663
0.3505937525720989
-0.34743567382361934
-0.28414430508041977
-0.43451402033852876
-0.4565166061427327
-0.3173041797118888
-0.13683035661987603
-0.1124980764322873
-0.18451581603052622
-0.4400434324033951
-0.4233215455226961
-0.3894142689591693
-0.4315919375507046
-0.3940778496831612
-0.22101158623892017
-0.20759327875746242
-0.41816433579256984
-0.27140175405879935
-0.08982734776453752
-0.11725187484391322
-0.47706048142484353
-0.4380900393290954
-0.4804013080957951
-0.26542798933020534
-0.34022351618697744
-0.26433307868487843
-0.40548897541196555
-0.46176057286199845
-0.33129787151263385
-0.30864350333346924
-0.2734495053736833
-0.4246590326212823
-0.2914328031197628
-0.21891019042460585
-0.3396358276940585
0.4558784469154602
0.5719477048742405
0.41210903778506525
-0.11130467155011017
-0.34151045247585676
-0.19988682026912877
-0.3636498377502875
-0.28390861146696417
-0.41276536108625644
-0.13755365879202658
-0.41477816285578334
-0.0005658814440704684
0.11428663103669137
-0.3157596700377783
-0.23671986019974164
-0.02596388211523476
0.24382063793049585
-0.4277105335999687
-0.40294701160470947
-0.40414053789489335
-0.4283775042312263
-0.2559296179198051
-0.047542995493670526
-0.32375863083153034
-0.4151397724040571
-0.4365465129106733
0.18502737138228356
0.1995420902467654
-0.059886833206493975
-0.04718680605448504
-0.37237278514559663
-0.05675945141313272
-0.161835120896691
-0.45715947507351234
-0.47296756671506657
-0.3615712814415417
-0.23708572560924326
-0.0894640080325933
-0.2811753957513368
-0.3349501400857004
-0.3610514439541349
-0.2765551814989421
-0.40086947042712584
-0.41619700764157264
-0.43710211005206145
-0.17221802421265336
0.14674775160135928
0.21037491365766234
-0.37286885771988243
-0.1811875543761624
0.6353478973352664
0.44976482207536067
-0.32067451082603626
-0.34108662425170355
-0.3165540146537048
-0.2958852481071878
-0.3027953267340378
-0.27259535178473937
-0.22065967307481654
-0.2839522490704905
-0.08121159386255626
-0.25399944905795135
1.1522239276189883
0.9020593976468502
1.2174703485841705
-0.3096164474652547
-0.328014447122664
1.1717069048794326
0.7642316653801177
0.9242749510135612
-0.2992245145246441
-0.3108417036840163
-0.5053620773287981
-0.4848919696442049
-0.4215614692864538
-0.23676737125293673
-0.23972630757041194
-0.15890809548035104
-0.1074125648043492
0.0892616759435253
0.06706353449934672
-0.3845082439072989
-0.2172830546709786
-0.09797168655174424
-0.24730396557295428
-0.40550721933932765
-0.08104106801305289
0.21334098471136595
-0.10780684110756424
-0.26160147809564055
-0.2763050793720368
-0.17044669123804
0.8923168781803917
0.40202993194247555
-0.14660541913492478
0.21780895532379801
-0.14929266003141603
-0.2871666284368033
-0.30397110248764264
-0.49709576157163815
-0.4438527123673053
-0.4529286520823852
-0.4287387761354354
-0.42192802988715306
-0.4335003689728439
-0.05208132123207354
-0.19255643310710288
0.04446554132821773
0.017715088370199125
-0.10377900702690504
-0.16322015780325222
-0.23999481954417312
-0.10800989391780148
-0.23437852375816312
0.1301598123120381
-0.3124848425290899
-0.44185338911940675
-0.4650889190595965
-0.2633144129487303
-0.35845104017307333
-0.23409753530173413
-0.45489891430990376
-0.2701585235313772
-0.05201204342114927
-0.23837662835778953
-0.1696078239594219
0.6479822440020809
0.5204703776541298
0.24558328806580082
-0.1460642311074375
-0.2653415888262145
-0.055257590474772675
-0.3346584890760339
0.006572565255811724
0.17351347570384618
-0.2710048487841964
-0.06640438560445143
1.1095606715362005
0.5141417958373873
0.9277236140602342
0.12725322606141443
-0.3175528731545911
0.15257443982896762
0.37514164675060485
-0.3112220912564502
-0.33410383214292244
-0.12034361237734828
-0.09737249732382128
-0.4475146308357633
-0.4558281913958685
-0.20827020575169078
-0.32493777545258595
-0.2610575087230346
0.29445672147250745
0.3205734484291023
-0.31816098278077926
-0.27478050156957246
-0.29443853361712685
-0.06410165327620974
-0.27339888374937976
0.20287597441463323
-0.0023842632995431834
0.21898325654445155
-0.2362782573794192
-0.4707652989935196
-0.3813872718620482
-0.24460130501826005
-0.020831556946192743
-0.15204223830230634
-0.304153912793512
-0.24148887606861644
-0.302939717053677
-0.2272932000522013
0.05966268424916155
0.4215740946565074
-0.3227704499211489
-0.2753443265653527
-0.2385907817050978
-0.1414710033284013
0.29523317177398983
0.9331476211107163
-0.03591210663692506
-0.3028326841144033
-0.3428722566958366
-0.4534355792099066
-0.42165146828717287
-0.42212726974289644
-0.4777981336400519
-0.38550405931258613
-0.17600610412938553
-0.17886285355745926
-0.19578386380788992
1.529883627404034
0.7968225726456751
0.9015132079433812
0.1474935743350665
-0.2463785074361305
-0.003909985706326546
0.26442421723894244
-0.06514764840522766
-0.3077420920276593
-0.18841084777387346
-0.04304550471211005
0.1807269625948459
-0.07086566354080054
-0.2796955449346948
-0.3411420217703206
-0.19000400112211135
0.03395910658175065
-0.23414366536356165
-0.3340279859003367
-0.2324821124425904
-0.3426602643879884
-0.2483639908063498
0.020894810607922917
-0.06613611196571671
-0.20540993327761312
-0.20559465980767191
0.06366672472004663
-0.4228330092167986
-0.2610124681765148
-0.3338878381246697
-0.23904549266423164
-0.44710359724743737
-0.41742776999824033
-0.4631411814870227
-0.48545946316555066
-0.3622472184302479
-0.3901696860398738
-0.36746056409140665
-0.42743241622125994
-0.45852633797625847
-0.4188995716873329
-0.35700356324849664
-0.15845503177715267
-0.18288499462183594
-0.2673735843946069
-0.4062994922336575
-0.47204270774800927
-0.36432178541888277
-0.4531076626180592
-0.40918059091541437
-0.30932945481652246
-0.2062239296526358
0.7786297424497043
1.5189906819986572
0.8927155853826348
0.2928444498836143
-0.17007601478978643
-0.06137593486170997
-0.007729537551853379
0.26753708035348167
3.5932607116719883
2.7075615989638977
2.925303285422371
-0.1936173243291031
-0.3417277524095795
-0.30722527267943567
-0.15517618343885997
-0.35300517584485885
-0.23286743177577157
-0.4005840653098861
-0.4519752880939757
-0.39417488397332356
-0.28694279634175374
-0.31053165222490114
0.13981295880573397
0.26105728900359476
0.1350219715313574
-0.3433255062552214
-0.33550712520465265
-0.3497997402282864
-0.39617860387901543
-0.3149879655555441
-0.4033226107854706
-0.36387912587172466
-0.23206361261243894
-0.45545298715121507
-0.3488463477648949
-0.05748206162134661
0.9528742350939808
1.018263466497628
1.1673929349992642
-0.1587048655347164
-0.28313431958707186
-0.11782824135867352
0.8013992000727207
0.872429532332463
-0.20559716896575347
-0.2801938357190348
0.511711714206289
0.18257705405701605
-0.1921115391304681
-0.1286538355195404
-0.37136023637221033
-0.2790439130291337
-0.3502288714793171
-0.3813911506868684
-0.24737666336022815
-0.08731401473755625
-0.1284825726385665
-0.2456780391771657
-0.35644696927461567
-0.30282172153402137
0.14448848982784787
0.028991049654702037
-0.24477688518358562
-0.4490336865569817
-0.41907281355371245
-0.4588436854196824
-0.17347626932890295
0.12741282837612333
-0.34696414408854886
0.7850472581192135
1.59478769960217
0.8415256490149012
1.4846564043509176
-0.20829572444284897
-0.3300231624488865
-0.03840930654301625
-0.24017035091180183
-0.37198680198309864
0.15121966695545305
0.5720029724883414
0.06442238400995448
-0.25043944338634544
-0.2746721188565486
-0.153778167700808
-0.1941791184654082
0.8517144845707281
1.32280863229527
1.212222523383659
0.9946580243543555
1.217299771685072
-0.37711163828781075
0.025615827762473477
0.038274440994715955
-0.3850531002112501
-0.3770020432516373
-0.4576689191676803
-0.32769872626023683
-0.41831328070908935
-0.35478201320332453
-0.2056088592442682
-0.3000471004695101
-0.41420295567899795
-0.34779075149068667
-0.4081300274212057
-0.4379277629698999
-0.11323483074956342
0.18628062643856097
-0.14820058655541707
0.24339161461637915
-0.24063100127861892
-0.1852113062397065
-0.23360542196476553
-0.4846818751337952
-0.3405541828550515
-0.3713756557205782
-0.2707298615477718
-0.3833521274265736
-0.011781827370235325
0.2664794476780268
-0.2939177024508877
-0.31617490590131525
-0.23130828491347163
-0.39856939220420784
-0.42403919973676585
-0.1875028319944658
-0.3581861502153218
-0.37205707811837335
-0.08453739296873636
0.0635197951294029
-0.288989575871894
-0.3731247707436046
-0.2994343887691674
-0.2291102695750141
-0.3250395752554232
2.895914559258013
2.401904359786924
2.6781445222156863
-0.1548391834324388
-0.3116162299026287
-0.3696074051410863
-0.3618907826445521
-0.3650955190722283
-0.22266335422020622
0.25203347656756914
-0.31288925068006795
-0.21781566293926954
-0.11708892352198479
-0.1376147011117802
0.36567649381145517
0.25128914193018315
0.33209305262399963
-0.03728987961656357
-0.3966137146538756
-0.2954339589573615
-0.24587814340790534
-0.44098519080772225
-0.4412695266373922
-0.43491477611372936
-0.39304053427151414
-0.22308579362307912
-0.22472170065387237
-0.3345638873501723
-0.25570824092387845
-0.18728015046289073
0.037781548194146905
0.86943977739302
0.49618414210120926
0.15766740441513502
-0.32508487988551443
-0.223971594943659
-0.43468464888643027
0.06830464698446004
0.21564616688464372
-0.3565493024272834
-0.07688487150116508
-0.2571080720189756
0.01637768461129643
-0.26832412742837114
-0.3759642509657348
-0.4967120116506788
-0.18828926480789912
0.04298249213795243
-0.11035718487729046
0.04042557216887712
-0.1600529786008036
-0.2421848059281963
-0.1772925743319825
-0.3528191718756005
-0.4085507705272802
-0.3651649160975435
-0.37493942688505905
-0.31174247256860926
-0.2967949907046141
-0.4129589917232514
-0.28492920548747075
-0.19725705098585555
-0.06677944979059473
0.09761817338641308
-0.38161053045762916
-0.28966751776177996
-0.3816318506729731
-0.25775077364552224
-0.25833948454536276
13.224698919363837
10.012492723731055
11.012249836008401
0.7947240150023623
0.6530890767849332
1.1241424708084853
0.4699380308058821
0.7873946877949717
-0.05423872617465686
-0.3341233635395445
0.5320113203720164
0.8742856547460713
1.012410114047456
0.635015935775249
0.5650123503208375
0.13072863117629205
-0.3540284568954305
-0.2090681946523136
-0.3119810805290828
-0.2293357964121332
-0.0026942716891412972
0.17648707514982226
-0.010113356529992743
