182
1.62275
2.30697
1.08891
1.97572
2.15513
2.39221
2.10625
0.862545
0.244394
0.104898
0.595526
-0.172572
1.47388
2.65172
2.13539
1.47274
-0.0363221
0.999206
0.184843
0.333308
-0.470116
-0.30665
2.2924
1.96349
0.110358
0.323799
1.03568
0.13214
0.328065
2.1419
2.22457
0.261436
1.51004
-0.218628
1.9763
0.214933
-0.077637
-0.092644
0.893
0.857538
0.912397
2.8085
2.85223
2.7074
0.477548
0.521939
-0.426161
-0.415352
-0.429621
0.293283
-0.379555
-0.325583
0.644732
-0.779134
-0.610914
1.53436
1.42834
-0.142909
0.0162208
-0.556097
-0.0330791
-0.632997
-0.377207
0.0474105
2.11603
1.72564
-0.0128513
0.0642655
0.493458
0.177275
1.98656
1.19349
0.352891
1.35286
-0.250086
-0.0828776
2.53536
-0.0669114
-0.00890017
-0.379956
0.140514
-0.566671
0.483234
0.151509
0.512202
0.130686
1.83452
0.667168
-0.470577
-0.037239
-0.388169
0.30602
-0.692821
1.32135
0.00918283
-0.575204
1.31449
2.16211
-0.362895
-0.669304
-0.231642
-0.478714
-0.0256837
-0.483514
-0.443827
0.63376
1.91276
0.145442
-0.640077
0.0309325
-0.133154
-0.468619
-0.403217
-0.0496742
2.10162
-0.5081
-0.250517
-0.0226215
-0.0664123
1.37141
-0.688852
0.601374
1.0417
-0.0952602
-0.534191
-0.355449
0.541334
0.548855
1.91761
1.64472
-0.586642
-0.503229
-0.0826505
-0.598403
-0.15006
0.185363
-0.406573
-0.383813
-0.639003
-0.151699
2.65682
-0.352653
-0.476246
-0.419001
-0.365741
-0.224162
-0.464023
0.414552
-0.434216
0.838069
2.33194
0.0864607
-0.27239
0.71521
0.130875
0.130423
-0.0103772
-0.180601
-0.467804
-0.392742
-0.51214
2.38413
1.6416
-0.109292
-0.550032
-0.412727
-0.775164
0.396481
0.53837
1.40752
2.37251
-0.59551
-0.200159
-0.341078
-0.425277
0.773491
1.14617
0.168467
1.21549
0.450837
-0.391723
1.91028
