182
1.40725
1.88086
-0.27009
0.559981
0.747666
1.16701
-0.490677
0.197304
0.261113
0.12856
1.53292
1.71943
1.69407
0.723453
0.650038
-0.65241
-0.500004
-0.299457
0.758007
1.915
0.0875681
1.01441
2.62163
-0.337658
-1.24611
-0.312104
0.311787
0.148063
-0.50648
1.70787
0.659477
-0.452678
1.02901
0.473888
0.481732
0.412435
0.72305
1.16228
1.09382
1.05528
0.722411
0.199561
1.39496
0.932449
-0.361364
-0.46308
-0.574532
1.01579
-0.103911
1.15324
1.54797
-0.240917
1.13957
0.127336
0.456165
1.32491
0.717458
-0.884152
-0.101384
1.91961
-0.120436
-0.940299
-0.0836846
1.71265
2.70208
1.91105
-1.0898
-1.33035
0.554334
0.607216
1.19862
-0.100681
0.50326
0.607815
0.54016
1.19096
2.88562
0.813511
-1.04719
-0.638437
1.34679
0.903465
-0.144211
-0.485886
0.443542
-1.04836
1.43353
1.08097
-0.457747
0.96028
0.66405
1.24095
0.692747
0.777922
0.901643
0.411746
0.622689
0.729821
-1.54911
0.591808
1.89453
2.08926
0.698889
2.20993
0.28892
0.492804
2.06689
0.981363
-0.24484
-0.548599
-0.188202
-0.0620268
-0.0685095
0.265084
1.49562
-0.277938
-0.248561
-0.656052
0.208792
0.37677
-1.45615
1.46172
-0.751746
1.67878
-0.723565
0.320145
1.47163
0.0287998
1.40428
0.823438
-0.180162
-0.701561
-0.241826
1.36256
0.626656
1.70113
0.676142
0.887565
-0.574646
-0.438884
1.30442
0.983152
0.430313
0.230853
0.395773
0.638067
2.23585
1.79133
0.11774
0.198161
0.210182
1.00539
0.84566
1.37914
-0.88445
1.01919
-0.171195
0.320494
-0.912446
-0.515312
0.128793
1.90171
-0.356363
-0.309028
0.0703289
1.57271
0.900865
0.20738
-0.193413
1.92202
0.33955
-0.918672
0.153508
0.472455
1.20155
1.50234
1.3346
0.938364
0.44574
-0.344386
0.911274
1.45664
