546
-0.39631034961534894
-1.1468332845600282
-1.4227140409878327
-0.008693465162809194
0.5343351937392281
1.0723671806133854
-1.0114957751082967
-1.1126893897011163
-1.6229715219269143
-0.7636601687569271
0.04246178622081325
-0.028158231675975084
-0.06597729128927286
-0.4420439041964243
-0.0031960543323641516
-0.7655741682746194
-0.5456298176964474
-0.31174586915784297
0.0003170378538953888
-0.1841442286110829
0.17353277127387
0.886614764324296
0.35216667567122323
-0.49352683914244355
-0.26403242411020367
-0.45054592132423255
-0.2832249500553524
-0.6002586265235217
-0.7492255064079797
-0.11839037355813184
0.5149111482320415
-0.1897788181023894
-0.12076973294435543
-0.879553380387045
-0.6747584300751748
0.21369297266522388
0.8900080431869054
1.771956468462433
0.3364957359023681
1.463745515672083
1.644810849934675
1.348357603198199
1.0239666038795243
0.5459389145724339
1.2243431761592258
0.8757456314816406
0.09997753315677423
-0.006465349902694902
-0.6439750259977846
-0.9725136099948771
-0.7803659801775801
-1.3711352392068374
-0.8173274902772625
-1.2421403086524407
-0.42735923453549884
-1.203725509851684
-0.7415521503414585
-1.05674479104574
-0.6875889627707448
-0.17066187132390323
0.20443167495694184
0.9619005160805552
3.7620347951937214
3.0539241998799818
1.2772951816693408
-1.2233919684933505
-1.2417821588202878
-0.6566583009751513
-1.337549792676598
-1.1879535188935795
-0.21282228043176374
-0.019726796905729743
0.7882705895088195
-0.23344453937439974
0.04886745380624849
-0.18625475134277442
-0.8654868550698253
-0.5484018771845178
-0.8281095305379997
-0.25103441803950355
0.3290860433334341
0.8332224922489099
2.3446830872725997
0.5955206427017554
0.6570120442122472
0.3845207880313375
-0.5219395242637025
0.7518967911204908
0.5752759047845647
1.018946520327822
-0.14553900192947355
-0.5819346225044861
0.21435544460125008
0.6727241241548696
0.4390023088713845
0.061710042329596836
0.1702649864553065
-0.9037895008698978
-0.5268639399887655
-0.9444029427853147
-1.0731718718635899
-0.3178042532913557
0.9058323965228563
0.8388951140218919
0.9506371066140643
0.13738387997381882
-0.18578699619649314
-0.5158855436108954
-0.15811571528817672
-0.071220068150411
-0.21341606034654814
-0.2830208009497645
0.08329338667106295
0.2570625451514613
0.5984098126541402
-0.10207701698610329
-1.3109368261205554
-0.8760204628524528
-0.5231396509825456
0.5873203424136397
0.5378097124614085
0.8965194193970696
0.29319650334169794
-0.8251378217249433
-0.5878199523096806
0.04315193621327627
0.07415367362358982
-0.31384543561150374
-0.20077808417737525
0.1177154674619687
0.040762161707831424
-0.32092127356646616
-0.2907614260745126
0.35348106275046376
0.6915926672648697
0.028446395860069158
0.020606139660908393
-0.37418676112905896
-0.36748096375594086
-0.27063438944325063
0.6810142187701453
0.4251087636917399
1.167834927422829
1.3223508154621642
0.9311236937097095
0.6432193248438295
0.894255057538149
0.0653329085348368
-0.08136012254261445
-0.27442639804431856
-0.0252159731376561
0.8177094050269101
0.49547670710584474
0.9089582077652232
0.9282632034844717
0.37624973070925577
1.9484286531348638
1.6880242984370049
0.631062798888022
-0.7399627177344501
-0.2960784009115242
-0.21471125182626047
0.3028638175058858
-0.5763763740548338
-0.23763497933964225
-0.337504529887425
-0.40037115344361224
-0.3580321722276022
0.14172411965618723
1.4462620031296758
1.7624183552743384
0.5848864822219273
0.07476557332001665
1.4239190110377837
0.604635451119408
0.40083209453255325
-1.0745773377359205
-1.1075774455358596
-0.9213358724682695
-1.1029049154527357
-0.6576252692163127
0.32792858753055876
0.464503045925666
0.6851209995673406
-0.5534026967595133
-0.8607401702401535
-1.1411209894183565
-1.4505825278895133
1.1118439962091589
0.6774749584154544
1.0580962649306007
-0.1708193591996372
-0.5273730039066525
-0.8284435958176033
0.10087008704839596
-0.1360954607290872
-0.27737966920866847
-0.6447890644596425
-1.2343839835322699
-0.8482315677370609
-0.3626914844783386
-0.052742188499683186
0.15583406236271888
-0.09892924579807294
-0.057624313553067984
-0.5503899474429234
-0.43099875016513867
-0.547284154303893
-0.9762142670160389
-0.08232607877264106
-0.2006100992829761
-0.1967739242503941
-0.6747010007147793
0.9293631455053569
0.6403169877471929
0.272692099750523
-0.08790820959926228
-0.12082795237122891
0.15496831629287036
0.6765765188053934
0.7833605923425981
2.9092779755435685
0.9842529936939138
0.3826188457908822
0.506725717271787
-0.2176681482761571
0.3358381255914859
0.7561289611496038
1.4310529689217728
0.04296627418162155
-0.5725750341637378
-0.8254391481259536
-0.7665716300492132
-0.7736895485338285
-1.2961925447318476
-1.1815294901648596
-1.1916862225490439
-1.1877218167210364
0.00045046165778878376
0.7069882280677084
0.8802968279058975
-0.419143836133325
-0.31064576987638215
0.06485534180994494
0.403124397619574
-0.16071663690261936
0.17549595758194075
-0.4915195634220937
-0.19852169055829125
1.0081361148269274
0.9552935637250686
0.5781147153320552
0.41614739749487917
-0.5845498956846445
-0.36300996844725825
-0.5630759427081719
0.8239892129369792
-0.14699790725124803
0.25727786148771786
1.2135189195550649
1.7819782460629632
1.8254667933121076
-0.3605044755095027
-0.8196494836222189
1.6782667677613379
1.7283059894889765
1.1257171325171604
-0.39201687714895295
-0.8823303738772424
-0.5550409264330597
-0.9315559119405451
-0.557507964173422
-1.011143986650282
-0.5515625952204947
0.33893127170191
0.07526444696001844
-0.58038429238875
-0.9080805601131794
-0.9731887199081841
-0.26518854479079496
-0.5850421212939235
-0.8092438326499696
-0.5430125944120561
-0.3684900756352921
0.4648451941042882
1.788384855034941
1.341037518122816
0.5815297135232531
0.14765820450105305
1.4405724305218135
1.4164354477146146
0.7709045951190738
-1.1566628111579609
-0.23343812243113687
0.5577501259997794
1.2916630346731794
0.047690836029001434
0.7959559268176106
-0.19031585467606998
-0.37525913671189365
-1.1929005517050493
-0.9140600675368754
-0.5471374157846138
0.167679912161439
-0.28758644363398816
-0.158895910466201
0.6360644982437508
0.8470015501699838
0.3695000810435726
-0.3215888023645513
-0.4998733070458115
0.2158546691646106
0.7203088670392099
1.3726450411529503
2.1588820641960114
2.250089913793578
2.323954114828434
2.1433904293869825
1.0895676386684625
0.7760593803666614
-0.90561311042054
-0.8748462392147246
-1.2453604293546188
-1.8125017365521559
-1.7203878031159567
-1.712290307993343
-1.1031579282296686
-0.9459199778386859
-0.6141172128301425
-0.971925748717028
-1.1264457874026799
-1.2825638460932336
-0.9292589931960656
-0.20727208140195968
0.09060434244718005
-0.24442162893775357
-0.6775626802462745
0.684092701897244
0.15737371836440506
-0.46083912992480136
-0.920077482200168
-1.0228653827589445
1.2096112434316364
2.3874591085224326
2.269596929889877
0.7639968839025252
-0.6712804098987173
-0.4048506706580005
-0.7684004227045513
-0.7990116582651275
-0.8546399174269409
-0.7153079196754889
-0.3627933706245576
-0.8577921196327389
1.2771995686915665
-0.1839599421547358
0.7832699199454642
1.2870143461588714
1.4159638348206425
-0.17167653151243364
-1.4971118574326463
-1.3796847522611335
-0.8904807242344077
-0.5396230464725814
-0.6135351601008353
-0.8124950531925675
0.176191561155595
0.3337560855618914
0.9340184681166256
2.689512078329743
2.4883345641728907
1.2278947303169525
-0.0914716486937599
0.6736849246399463
0.1338598217234323
-0.007219343975029221
-0.7194626890826582
-0.4455272299128249
0.1739251186326904
0.6214500120066986
0.2200073631739906
-0.31209633539718673
-1.0128350361349914
-1.211539089418506
-0.46307782180252266
-0.6376150452647378
1.001913101553137
1.1596671987374174
1.2900411197414812
-0.6231336745615403
-0.8494321623068337
-1.1130762609538853
-1.0346919254832758
-1.2910660189388659
-1.3379245016415917
-1.444333536028254
-1.5643335628926525
-1.455696932752266
-0.8233400917904578
-0.3136139078064084
0.1886235754701
-0.37464325623731803
0.7273882190495922
0.46203382292578793
0.3325615958615769
-0.12242804310793176
1.5521566818038608
1.4159184290507587
0.7908763962043005
0.3866937782936348
0.33950550846338834
-0.27498493592970374
-0.13222769513036178
-0.43023017505388617
-0.4761749832295369
-0.9274775008673656
1.1135434836162141
2.1576851494645477
2.015589626524581
2.362354907496139
1.4941652214086227
0.5292591760750436
-0.696212114618955
-0.9768941322544735
-1.0544158999229616
-1.372135536687036
-1.2704147253067548
-0.6909751429903802
0.58856576718443
0.15268743710540922
0.5868450832889023
-0.5150784530157078
-0.24925268398474448
-0.08529393258785756
-0.5965922712009062
0.19455143277058753
-0.06539767005471585
-0.026755925121163513
-0.023165148742925364
-0.33896762640760275
0.25711971639861525
3.719148315083473
4.379224710920807
2.3516826007170826
-0.25018542051816667
-1.2112023594794747
-1.3929976062806948
-2.0092373214327006
-1.9326567051641452
-1.901508324010251
-1.4074109143259754
-1.2444361024270025
2.2052673753776055
3.2400945352869335
3.0463558894722276
0.3209959192187767
-1.1939153940192127
-1.629402946435604
-1.2094083410780065
-0.1719897743069407
-0.2731282852772258
-1.3370230685480864
-1.4191050623378154
-1.6373352871273648
-1.6092255652764904
-1.6312800017742026
-1.400217334144121
-1.6220100254404068
-1.4172084460017351
-0.34395189938016973
0.36962016925925584
0.35582824251395595
-0.07644925391549161
0.28084975373253496
0.9201769829758084
0.5751029186966672
1.6043584719058115
1.3858723291296902
0.6767404140344822
-0.6174073785346414
-0.8419402065740077
-0.9458843090955199
0.08053778936867992
0.9493314591174893
0.8770003155252447
0.4257073499165379
-0.7568160793461375
-0.8138899453065757
-0.31157119842253356
-0.740041190142245
-1.0531507251422805
-0.9402105196267032
-0.38372806632809436
-0.3942677291970958
-0.29180624339823336
1.5712256197407661
2.0788761440243158
1.5412963807519713
-0.16117809287261142
-0.46773950875934794
-0.37834193601114047
-0.10255498060506173
-0.4563588119103423
-0.6477301107354124
-0.5689005741570191
0.7689062988017413
0.947406231529972
0.8631082848377923
-0.5243029121018831
-1.4856702391577872
-0.9812469741713535
-1.0933973400852943
-0.8992384904679903
2.6200241798110535
2.893016540319245
2.1016529179717423
-1.0022739036761326
-1.6195736741883533
-1.7819869738944316
-1.6958160596761467
-1.2989951756575921
-1.419795512668681
-1.07704617165649
-0.9088356101122037
0.3720571466688976
0.8006130193872447
0.597235034005066
0.21133926851145204
0.14012922003711287
-0.15631123697841387
1.1212678511862844
1.2959152592716199
0.5109738160706967
-0.12536319776291135
0.5942964612695347
0.5203725327485594
-0.19628648711517005
-0.9356161736440493
-1.3932684386199052
-0.5461883196052156
0.7617935627287814
-0.14732320847210936
0.08598741174748559
-0.16913399469863616
0.008145907391216263
-0.17018635923522776
