546
-0.385246
-0.321007
-0.438895
-0.281694
-0.124929
0.170695
-0.209605
-0.456496
-0.81424
-0.715524
-0.454744
-0.300118
-0.297433
-0.279345
-0.622837
-0.590139
0.0890956
0.598807
2.72112
2.99046
2.82857
1.70525
0.77244
0.809626
0.728133
0.919347
1.02554
0.836266
0.418796
0.570462
0.825681
0.439695
-0.23331
0.462106
0.753927
1.05226
1.40459
1.71375
1.49857
2.07239
2.4218
2.23546
0.590863
-0.0966649
-0.664639
-0.668223
-0.510954
-0.19332
-0.09119
-0.148164
-0.65867
-0.58468
-0.518072
-0.609478
-0.474698
0.414983
0.526956
0.471306
0.0795746
0.115416
-0.165354
-0.842957
-0.941371
-0.751438
-0.364654
-0.209088
-0.161456
-0.550009
-0.43599
-0.462153
-0.446077
-0.388189
-0.450674
0.284034
0.41751
0.537582
1.85262
2.18023
2.03781
0.663406
-0.59696
-0.183505
-0.347751
-0.181215
-0.616624
-0.256349
-0.587195
0.268585
0.150856
0.1217
1.22192
1.47402
1.30523
-0.537757
-0.432836
-0.405356
-0.721067
-0.604097
-0.0726767
-0.166085
-0.224265
-0.589113
1.51413
1.69819
1.64818
0.535868
0.325167
-0.185105
-0.148167
-0.75276
-0.816573
-0.761526
-0.472602
-0.300982
-0.198477
-0.425616
-0.331737
-0.112435
-0.599262
-0.626597
-0.57968
-0.0909853
0.318013
0.436504
-0.32491
-0.0843152
0.26254
0.273924
-0.25552
-0.430851
-0.436413
-0.420681
-0.0631426
-0.0372436
0.0263809
-0.230947
0.480264
0.91589
2.39541
2.7579
2.56409
0.654144
0.786104
2.23073
2.59653
2.42543
0.536486
-0.226903
-0.725769
-0.753201
-0.550413
-0.393993
-0.332897
-0.252985
0.0491989
0.245253
0.401279
-0.649985
0.859841
1.29128
1.20387
0.102337
1.34992
1.67287
1.71235
1.30553
1.39172
1.387
2.11591
2.15891
1.79798
1.08263
0.869861
0.643356
0.15642
-0.780867
-0.684319
-0.63508
-0.623357
-0.734707
-0.60001
0.113695
0.188937
0.462933
-0.0100701
-0.205236
-0.413161
-0.333826
-0.155724
0.510973
0.670746
0.682301
-0.631127
-0.66505
-0.435969
-0.618022
-0.485208
-0.897828
-0.277062
0.299992
0.488087
1.41233
2.14414
2.24059
1.86266
0.163893
-0.241661
-0.15673
0.0936495
0.0967346
0.234859
-0.636464
-0.226022
0.853953
0.918464
1.08985
0.070575
1.03853
1.34511
1.30961
-0.358901
-0.279731
-0.102389
-0.127201
-0.59734
-0.762665
-0.131518
0.734715
1.21951
1.4544
1.34141
-0.371253
-0.22043
-0.387955
-0.0646754
-0.265934
0.324709
0.48556
0.53219
-0.250125
-0.610312
-0.606309
-0.358863
-0.163259
-0.174327
-0.0997945
-0.0771313
-0.348583
-0.339492
0.139698
0.399042
0.00229567
-0.0698181
0.75126
1.09691
1.30041
0.650409
0.353289
0.126895
0.141579
-0.636798
-0.529166
-0.633876
-0.776964
-0.429179
0.0326029
0.410916
1.20359
2.58662
2.9768
2.86367
2.17847
1.56621
1.65334
1.72876
1.58844
0.083199
0.189896
1.08648
1.50044
1.30965
0.603351
-0.195323
1.34128
1.73166
1.53675
1.05553
0.816808
0.48542
0.972871
1.35418
1.15222
0.0795676
-0.0977678
0.0758814
-0.649209
-0.415878
-0.60474
-0.218653
-0.638944
-0.593713
-0.851614
-0.746153
-0.595612
-0.562363
-0.260254
-0.535705
-0.572925
-0.615702
-0.473147
-0.116052
-0.0192288
-0.311008
-0.455613
-0.550942
-0.519482
-0.545726
-0.508355
-0.44179
-0.230366
0.422156
0.633352
0.741427
0.76507
0.454638
0.0461347
-0.0570167
1.6707
3.07145
3.31544
3.13323
1.60889
1.23158
1.2676
1.31784
0.593558
-0.0377569
-0.50847
-0.719544
-0.55282
-0.460212
0.741556
1.5611
1.60842
1.39789
-0.0184627
0.0515016
-0.113282
0.0245345
0.0552265
0.0383983
-0.132116
-0.0918391
-0.527467
-0.358987
-0.205913
1.99033
2.32034
2.32663
-0.0613589
-0.605904
0.331189
0.831775
0.90005
-0.225746
-0.236882
0.448104
0.626358
0.495417
0.06608
-0.458255
-0.348202
-0.574388
-0.562651
-0.303338
-0.0579538
-0.0855856
-0.378716
-0.51463
-0.32884
-0.0418148
-0.106057
0.0239248
-0.573459
-0.609461
-0.626134
0.707388
0.813551
0.626861
1.95294
2.78952
2.98021
2.74502
0.880433
0.591387
0.00411383
-0.236122
-0.542561
0.189635
0.383778
0.0795184
-0.494794
-0.314073
-0.128393
-0.0474815
1.00316
1.11133
1.13793
0.453314
0.666643
0.208201
-0.0748649
0.106836
-0.60845
-0.378863
-0.532531
-0.490527
-0.566443
-0.455352
0.225191
0.126493
0.0963399
-0.496973
-0.578869
-0.573824
0.620853
0.764304
0.726338
0.115243
-0.105484
0.150203
0.181549
-0.756608
-0.485805
-0.395367
-0.347919
-0.416542
0.613726
0.707257
0.534793
-0.17874
-0.118387
-0.635454
-0.664473
-0.23814
-0.478591
-0.313603
0.516465
0.796688
0.647537
0.230114
0.710611
1.0415
1.18134
2.95164
3.13453
2.98985
1.82774
1.36561
1.07865
1.1302
1.12313
0.869143
1.02777
1.01502
1.48409
1.56693
1.1532
0.189638
1.40877
1.70234
1.40403
0.143349
-0.148936
-0.316035
-0.533973
-0.639641
-0.577853
-0.408317
-0.244045
0.0673658
0.343329
0.228716
1.28339
1.4248
1.53354
0.596876
0.630841
-0.239336
-0.196762
-0.594781
0.65891
0.823051
0.451163
0.101974
0.782547
0.853497
0.51813
-0.364851
-0.791249
0.538631
1.35565
1.35782
1.1603
-0.112855
0.78171
0.923847
0.670772
0.0744912
-0.0891519
0.216196
0.0498709
-0.125882
-0.484955
-0.396784
1.03192
1.46123
1.22435
0.103017
0.0913548
0.257498
0.608876
1.21619
3.92462
4.13529
4.09149
2.88351
2.38914
2.73541
2.83121
2.8418
2.1615
1.49187
2.07621
2.46381
2.6073
2.62815
2.56529
2.20241
1.03025
1.08615
0.941418
0.385339
1.65837
1.9236
1.77767
