182
-0.5956906998648379
-0.5811946895277801
-0.5112349000536585
0.4850862920910595
-0.29192105753762354
-0.4484380148549685
-0.4768068591788696
-0.5272757883155713
-0.549843303632227
-0.5883421165078827
-0.5329673582901359
-0.45176227649869877
-0.5281666151697758
-0.41859096132285734
-0.6215994663022879
-0.18745947503859425
-0.02648225019890219
-0.3737852341030435
-0.03535512373480067
-0.4474070770608184
-0.5922101964110473
-0.22579319491853092
-0.6310024428055874
-0.6430702051607594
-0.5127578951300655
-0.5222274448883109
-0.6025657140212172
-0.5650762831087498
-0.08145432604287553
0.003131193553393922
5.703618854669342
-0.20544519545772855
-0.37345036174735374
-0.2863036765531772
0.372814060645635
2.791084499247776
3.3098241429415625
-0.09403453346350621
0.17698039096844104
-0.6235476360145
-0.1609659641697836
-0.4419904838618763
2.6800878259046015
-0.32423212686533
-0.24327605943608838
-0.15915861254833846
-0.48695995395918046
-0.39183922364782187
-0.15473455951496964
-0.23897335618901897
-0.12767991340121568
-0.30684354849088225
0.16376131448973288
-0.4172181235003858
-0.4850395745097642
-0.1985605078752267
0.11528157786871682
-0.2911597376501228
-0.1753483967880316
-0.4507862343455435
-0.33499012085753616
-0.38406501264231063
0.23395998971650775
2.2278640607500018
-0.30723574644551516
-0.33370985285232446
-0.440588429251336
-0.31785218253425507
-0.491861923390858
0.07504138999283413
-0.5173950537190539
-0.052596963383298424
1.9665787612741863
1.0126873095347557
1.3182137715668447
-0.26771534757101084
2.9848840462152846
0.6164885110572256
1.5745917350039147
-0.19626584078688092
-0.607452657256135
-0.46613066945794457
-0.36933236689516363
0.07396377898546519
-0.08521819092827732
-0.3662354777420453
-0.5889005320019337
-0.38651649061464516
-0.42845869365904693
-0.4526759039927118
-0.4882392488893782
-0.20723714097619092
0.006107464503651269
-0.2232650245722475
-0.5957435362133863
0.025966307306439784
-0.020518785444516994
-0.46040286877541803
-0.09663071757697791
-0.5898611518117697
-0.5481104054768303
-0.5534217433075269
-0.5182589947938674
-0.4774997853852148
0.05986781549834132
0.017664188895779274
-0.44946660811527256
0.416982412403579
-0.39505346747848397
-0.4102062163510078
-0.25322785304156303
-0.5168074751623711
-0.32450754464695636
-0.6465867241346518
-0.3511387442610608
-0.38824951879848946
-0.5827527474293505
-0.42243132752808316
-0.43820161560192683
-0.46819423673086785
-0.1632972228295387
4.932130446436972
0.051206999648988054
-0.6042969783035925
-0.055731701900933565
-0.3827776622621983
0.04322352139944631
-0.41565750714347893
-0.041507448701635793
-0.45639788595630704
-0.6409897500912056
-0.24104490884889565
-0.49837368607046667
-0.32097825362244914
0.11426781288053076
0.34467779190197007
-0.1761966070186982
-0.522789697653266
-0.4671271948715606
-0.31333607166735
-0.08429221193560636
0.5632452092260017
-0.28866379312512086
0.04746466456300095
-0.5546939255663592
-0.151279648976415
-0.07257639925506423
-0.51644452651461
0.13379717878773054
-0.5924394966579812
-0.5632190767577911
-0.3714038855065473
-0.479157151877098
-0.5845718524884039
4.208085734519002
1.2875109372022921
-0.2979296942487393
-0.37727742393466973
0.10939684186587506
-0.5010545831943084
2.619331738081072
2.817416474283196
0.5098121920558939
-0.4809722298609431
-0.5899587331052971
-0.12408025952009939
-0.18503192289196785
0.20216116723446537
-0.03257325555244289
-0.11740871266659213
-0.4342878841252333
-0.5392388527739244
-0.5202268703672853
-0.31839370316088006
0.28113437694916765
0.4959942333646465
-0.29185587445951794
-0.5105961313903252
-0.35959320385594484
-0.4849087277438982
3.069855729118793
2.510627552006525
