181
1.05968
0.791451
2.69681
2.29216
2.30324
1.5871
-0.105478
2.49445
0.187035
0.208536
0.381312
1.27195
2.0816
1.61189
0.190117
-0.664215
-0.347347
-0.040257
-0.264968
0.944282
-0.245412
0.360702
2.0656
0.0647453
0.0863264
0.79556
0.123579
1.21647
3.78883
2.4567
0.983742
0.42148
0.967735
1.61766
0.580964
1.04582
0.881853
0.200685
-0.194051
1.53702
0.832543
2.41288
0.928704
-0.470882
1.76428
1.06454
1.38406
0.729583
1.54877
2.62437
1.51077
-0.143612
0.625303
1.109
1.00506
-0.0748853
-0.0987398
-0.277232
-0.351782
-0.50892
-0.156396
1.94831
0.564216
0.973638
1.38237
-0.0704538
-0.3246
0.379559
-0.156856
0.0517401
2.57814
-0.480885
0.252328
-0.103182
0.549622
1.69201
-0.295535
-0.79418
-0.100975
-0.295847
1.76174
1.11832
0.16271
0.414449
0.130381
0.416449
1.86009
0.671437
1.53581
0.268526
1.79125
1.48959
0.988375
1.11861
2.5339
1.40198
1.74301
0.923522
0.744211
-0.189101
-0.497507
0.481517
0.479975
0.19367
1.50893
1.6526
1.03817
1.15425
0.0393652
-0.499385
-0.158114
0.826928
2.17612
0.855632
0.605966
1.21362
1.84669
-0.0666217
2.64797
-0.0311807
0.000467927
-0.784792
-0.279054
-0.953847
-0.215707
-0.13471
0.139215
0.638093
1.86778
-0.431976
-0.526335
-0.803639
-0.414658
-0.492688
-0.00610521
0.167085
0.0682532
-0.0051311
-0.791216
2.50684
-0.947402
-0.808172
-0.652922
-0.742099
-0.800798
-0.411694
-0.768101
-0.746257
-0.0506886
0.412007
-0.216826
-1.4217
-0.423909
-0.851282
0.517756
-0.58651
-1.01376
-1.2413
0.0529369
-0.647406
1.00491
0.117432
-0.898609
-0.966898
-0.388579
-1.11495
-0.118579
-0.260412
1.40916
0.499258
-0.119225
-0.189773
-1.20711
-0.719287
-0.439977
-0.198512
-0.141463
-0.0315225
-0.253097
-0.679198
0.428239
