546
-0.23654996380194152
-0.5071948832101206
0.082390962671154
0.03312366951971858
0.3053867610373442
-1.1532965822985703
-1.1475794526217875
-0.5042950260359184
-0.04809010440015137
2.035640009884741
1.3325801423925239
1.673691183909406
0.3673235153805595
0.5976662026591437
-0.1802500078108284
-0.5734839092692825
-1.3485432862899658
-0.551888005891731
-1.2321724717477187
-1.2376302618660127
-0.8945498609534036
-0.49851066063976424
-0.3776824574456272
1.1123196684184329
0.31321183593343466
0.4307513499592482
-0.3003892195625889
-0.30261910175854956
0.38753162404672575
-0.14382567310344518
0.2994029633375826
-0.3550684954141801
-0.802189845998208
-0.217361130306452
0.7715739144318394
0.8157447971021633
1.4991852193190285
1.1214035716586161
0.9692131389186719
0.8603901598255331
1.0677759508424467
0.42792983442346927
0.22047567436274723
0.21124764963422377
-0.6305920314724585
-0.47126363599088
-0.6686410098397294
-0.13707504145947644
-0.6712552964962542
-0.9748956968345656
-0.5204081769418017
0.7551311067618319
1.7278304148029804
1.404078057309797
0.3122885590126751
-1.0553302064577619
-1.6017845154122898
-1.2539737077040438
-1.0174576557268467
-1.159226365149224
-1.1673984110985844
-0.10045174671926871
2.25429499597584
2.5914506242687603
1.770337544530302
1.376581807601311
0.5551631862980816
0.8689340009471989
1.555507151303774
1.2170538521847698
1.7288362007173836
0.289275012213729
0.3558804265678122
-0.15453472306081675
-0.8508060087290862
-1.2605670576091508
-1.5498535931394832
-1.6496835815412412
-1.2078921732975498
-1.3776011720268033
-1.2766197074315364
0.6430858978521874
2.705378358395204
3.1968745305599864
3.020576877972782
0.6924326646207564
-0.16906691938153906
0.4005004827129749
0.6069463327360148
0.9963494920212743
-0.1664321660063395
-0.16579726617402255
3.1721002074869764
1.8005476673538934
2.5843514752407066
0.049770412945130335
0.6790910489321008
0.05681133668252877
-0.6987686235285637
-1.621843599265274
-1.5439535401442592
-0.7207130048707401
0.5555268260275388
-0.20831063439255942
-0.2687647100003494
-0.8806511938920968
-1.2353528460468777
-1.1019427661729624
-1.17363271262163
-1.2755261595179426
-1.4717895202660523
-0.4970594534643366
-0.31080641733355774
0.1809943702407627
-0.31309624695498517
-0.9219747904248186
-0.3954968838384586
-0.44867741023229624
0.08628406798270687
-0.34747566597603025
-0.8230070956505922
0.5928940788962128
-0.15413375855519074
0.320387280983017
1.1994814718104154
1.4625625002793712
0.28036475384050913
-0.0978902095242352
-0.8003134751369297
-0.8919261568038976
-0.5967270275088121
0.6853128301434319
0.6424446814107053
0.7681963210051502
0.6939630881806409
0.2532379421350815
0.25323478032556535
-0.34908165858827267
-0.6318708975090394
-0.7439779602923733
-0.8799851958723494
-0.7676257584374796
-1.1166645848098988
-1.2297421213372504
0.051737399670919136
0.16634340359367425
1.1656615734218254
0.07698434642325822
0.3021531422487023
1.5677336266415804
1.2523722154670025
1.7441756451605581
0.26761499367775193
-0.34069141876434195
-0.6210804250934028
-0.5480838611727292
-0.8399384703186387
1.0187875523810037
1.1462479132350358
1.831514536626543
-0.04564478508467809
-0.932586094584934
-1.1882764046376562
-1.1089146464395865
0.17143044546977812
0.009967359579095014
0.24170172523871794
-1.051367111546848
-0.6628524452693503
0.14559070061277876
-0.2031008139506818
-0.27850770464122027
-0.3835852852819546
-0.6852450915978117
-0.9994573934408355
-0.4795295300614625
1.1385876036758549
1.1688087965698066
1.4021680854258787
0.5538830444136141
-0.4304928181499302
0.11681582461093845
-0.6930679704955711
-0.22131926243430045
-0.5894770085369726
-0.2405534514139028
-1.0065605496826788
0.08677422566059488
0.3017620976868869
0.8660154215338922
0.5729860879382569
0.715414336460357
1.66764705857717
0.9729095600736607
0.6625810466703945
-0.15629129208144044
-0.3440722329049506
-0.9131524435829899
-0.6188285075004917
-1.0020407106708964
-0.8974515067720584
-1.3570449257821255
-1.2694479815136066
-1.6377019409926896
-1.2523599526552431
-0.9328227242954413
-0.04728052724324574
-0.14615318767418167
0.2857641480980409
-0.6167428941710239
-0.15061216931509366
-0.4937265688947358
-0.43339217717786155
0.11637251673656622
0.2786701642979252
0.8730470081628541
0.6579534873226816
1.8379891249964029
2.1527499387656004
1.7208625918698799
0.48726396119120624
-0.27325182825956906
-0.3394444016082809
-0.6136552008133913
0.009738087391900815
-0.21401134585440587
0.16272416171787318
0.13291180513334683
1.6217008507357231
0.6096507222722382
0.4735797976110348
-0.058605672003638316
0.3291458243910171
-0.35811187092395935
-0.4233123664400387
-0.6898561738560347
0.1285740133473655
-0.31034637972696444
0.510336296258269
0.41134146270316685
-0.21090782105441652
-1.1372515653876893
-0.6364316475539251
-0.6441078090219665
-0.44520646241838846
-0.6200408667852028
-0.8675524810118885
0.5107480008492795
0.02362463097958004
1.4829850898497343
0.19312091445473184
0.2830887942910792
-0.40251285246504714
0.5597197748579997
0.06897923513398901
1.6012806211120878
0.861348606457506
1.2253555008162134
0.26007991246381273
-0.09621586064562698
-0.08430953371622354
-0.19570614397200012
-0.13232391387535397
-0.6788800043842488
-0.32834223534602647
-0.9490739061503999
0.1190831055826296
-0.3049843748117365
0.1369375520539925
-0.2963587606506531
0.5666866323132324
0.6016882635245397
2.2627836656595166
1.3368981704997118
-0.2145311473584114
-0.771918196198358
-1.1115999591851078
-1.3943103932475622
-0.6135800399586981
-0.22644793502224242
-0.5697493048198067
2.0819874232205122
2.2906299391915192
3.773101069142034
0.922141282141853
0.25874800145434174
-1.3586739402591157
-1.6252080443150185
-0.6911731837290838
-0.6957992627770606
0.3478456921618505
0.06072678124586692
-0.5876865467936195
-0.9882607116645353
-0.9884574534966948
-0.737824371518608
-0.546942247753104
-0.25736825278016945
-0.11000395152906782
-0.10860837612081853
-0.1828508333045141
-0.21868569154032194
0.686479538878624
0.6865229752514928
1.0465174502961718
-0.3450182900136578
0.23574993917712858
-0.09451820731549046
0.3957403584510967
-0.10931171106582618
-0.48948384079946555
-0.844959547354524
-0.014773927530996373
1.9062649530895126
2.4133302340123466
0.791288525568436
0.29917891782079875
-0.4307163172966016
0.5970370439197191
0.41463751733324355
0.058666428910332184
-0.5452362611477493
-0.2826604687965815
-0.471382278374829
1.0015434379661399
-0.1886859683413278
0.3296697028931092
-0.40415360554600427
-0.506067979047367
-0.8991410515147541
-0.9965052971719929
-1.1689381299339154
-0.543136400937879
-0.6163218583465221
-0.9938482422875299
-1.389613593539589
-0.5472213021962178
-0.5059193375868682
-0.3613743768929656
0.31356101918580614
1.0287259101841317
1.5431216723151515
2.82228206630671
3.0320606949745934
2.0598987632804295
1.3176817451392355
-0.15864606282487118
-0.4527969680489783
-0.7878887781431226
-0.1635755509810674
0.961277894389075
0.6439615081385246
0.48713581137714285
-0.4475218656080618
-0.9474607082669353
-0.9186678984090701
-0.5175328157841981
-0.6312198963290642
-0.18760938391726176
-0.9824773395335592
-1.0468231111153115
-0.7410512076497808
0.14597872240746998
0.4587056007083747
0.13372519604034447
-0.2956522327326347
-0.2645843536722064
-1.0651403572136473
-1.1278154816023649
-0.6113746824624255
-0.612705107946356
0.17210640385780607
0.7473489171243534
1.5638898698948502
0.63807841401125
0.019869422502505583
1.3546814308545523
1.4061516723565326
1.2489096328017653
0.11647294611489388
-0.15654299687353013
0.018241202820341997
-0.4181811623718462
1.4460762227314048
1.9464003078232404
1.696475425638829
0.6482700912858052
-0.3187336068631911
-1.020825937822278
-1.461721271723335
-1.1662122863380582
-0.9527049819669973
-0.6878053958934468
-0.9909466682800993
-0.4006229653843997
-0.951813696589905
-0.5635923720695781
-1.4056827113067174
-1.2827525017767165
-0.799599600151397
-0.6449312581197356
-0.21153554115326004
1.2003776855374844
2.0004126075727635
0.6432656414731781
-0.20281216764946877
-0.8710749021982237
-0.5091141449392004
-0.05005088638975352
0.6707768341765207
0.08154680331028562
1.629136812351283
-0.19457811297523392
0.07087138120995708
0.3473444247141353
0.09044336344957214
0.5040135926211889
1.5317293473422353
1.0400083305741203
1.67698023117688
-0.521416957571318
-0.45341720481558034
-1.2344613652852172
-1.4865972143724697
-1.394111435194231
-1.3483698451981005
-1.394030341365655
-1.0924683791319625
-1.2577104564864574
-1.1346764210250828
-1.0279566365944024
-0.08160475620117173
0.04550644887627629
0.635087006069381
0.2875612228598077
0.9682518748548283
0.5437295351036832
0.0655338394195167
-0.1739049908200144
-0.37063472701217265
-0.6776646069968768
0.38050535073373903
1.2118934964751769
2.6054386953279147
2.7065219965861074
1.325974035694827
0.22388180397028673
-0.5462903447381049
-1.1085879243193946
-1.3484641109832958
-1.594742903186218
-1.3356348270648708
-0.9065327482317049
-1.1200674077744488
-0.5006606811353146
-0.32395766089573935
-0.28867353549831504
-1.139729930420112
-0.5804400816683182
-0.7116153105403759
0.262849442684175
-0.2632358128559608
0.22031730709715583
0.2606106791180347
-0.6984679010352268
-0.2432436121024869
0.17945363411083326
0.896395883498723
0.15845983130050129
0.007667072496090521
-0.6286728462367603
-0.7539767679077581
-0.9707647600702456
-0.9082729463884667
1.3648175903422475
2.7733854635663975
2.155208221240351
0.321561931023961
-0.40613948388169924
-0.9002176504246695
0.2858250640211883
-0.058128785655120606
0.05965226008161019
-0.03563766626812277
-0.2661274253487817
0.028778375589583752
0.02606650320917387
-0.30731823735425534
-0.9392860481782251
-0.990810479806273
-0.8840583855773336
-0.44425975423189196
2.8157504576672943
2.257722267070346
2.119838669470367
0.9859771723293758
-0.07680305687781261
-0.6400994098577955
-0.956414061674989
-1.1013467902842744
-0.8249284878391508
-0.7079639822589769
-0.7967089654417355
-0.9071601328601545
-0.7762572176666019
-0.00542988033930675
-0.48630852227780264
2.983563977889531
3.0511109038790223
1.4099851105808578
-0.7921318802305232
-1.1732359035127562
-1.5279776386544046
-1.5801146614712553
-1.7362630566241273
-0.9206717595425128
-0.5765983555204671
-0.6646609234934615
0.2479352503300124
0.6881705098298098
0.5145642360468702
-0.40353192398382
-0.6673760542603844
-1.8317043450479034
-1.591586406848
-1.7571324088083093
-0.9054868046971704
-0.4405127414761129
-0.7808113495181856
-0.15869329822147415
0.9578585479066936
1.2729837602615026
0.82302980113457
-0.12578900083286806
-0.1759145424741001
0.8237150612466164
0.5510626590729345
0.40111323856351006
0.4048073915165773
-0.9252548112106808
-0.5565723579615561
-0.9828219714295459
-0.826505037730122
-0.0766580982864577
-0.10042484146876463
-0.022630167951780335
