182
-0.12671465096464604
-0.43337178429532114
0.060825774697058334
4.262734498499854
0.20452222064133482
-0.27147777026104547
-0.3791995737165578
-0.4345386700358792
-0.4094600710877594
-0.33609781281886886
0.884301355192166
-0.01412841212921432
-0.4320282915799078
0.10792522856010388
-0.2620249988117957
-0.39551865616495135
-0.4438192577711482
-0.07491125066684733
-0.46498507776994547
-0.19236909973451283
-0.42582403901912047
-0.38586879067631524
-0.185660399417156
1.4848445365168674
-0.39599820043765
-0.3726340551846958
-0.24103606544828832
-0.29374343806336517
-0.152829614454657
0.08806313069737275
-0.11053599430938972
-0.3290024965023421
-0.2559109535969387
-0.05818951433842045
0.050263468251113816
-0.46277887596016
0.2984300340389761
-0.09555205950547188
-0.14086183190821186
-0.4606427274365021
-0.33965016989662133
0.016433520076596254
-0.0009536348225976201
2.4706939483018404
-0.23514451195148364
-0.37980730387030487
-0.4181054382695747
-0.21762676743252707
-0.4586183585518696
-0.47924027699553867
-0.41218767373384246
0.1604200344528168
-0.33146726228201306
0.2670403326202178
-0.4178032435017941
0.0797429640703881
-0.25591323912281494
-0.4081133966152916
-0.32591291333492534
-0.23452692756269955
-0.15792971890590088
-0.12597432730799632
-0.19499619503465412
-0.35215466031647513
0.3830665085858262
6.12868101896174
0.0010299139083431792
0.4683644865112845
0.05609095350414069
0.03223914083765833
0.05039414731337602
-0.2690160654737997
-0.15837240937304511
0.026796335055222827
-0.41333292545882894
0.039983812193624055
7.504378631560035
-0.029504588906944705
-0.3163738913435554
-0.19865958974855974
-0.11643816675451298
-0.36453188258636976
-0.19956533476556038
0.13932389697650127
-0.4403539800826369
-0.42596658981333424
0.08550526478915808
6.619937386257157
0.10751795428718333
-0.42544811031102453
-0.35290530320708474
-0.40282891664853054
-0.43558928172429756
-0.4595655576009329
-0.34340842791985243
-0.3078728522510161
0.18698954247209523
-0.2310655158045182
-0.3816289853895348
-0.11119535952351856
0.06346626367990012
-0.3938823619577363
-0.2864542041619329
-0.4194082565380133
-0.4181261882368474
-0.3658379443619078
0.3393094675843567
-0.027390571987562937
-0.1643935235536779
0.5188159509330477
-0.30911572392622017
-0.4774962283762683
-0.14054641776140206
-0.41927025605868956
-0.1744814302347271
-0.37971645229102186
-0.3933756604407089
-0.3038857438016242
-0.3523971759029969
-0.2653532303349279
-0.15585820286744556
0.3078091030108705
0.015261656926576904
-0.3238928963465322
-0.3360090389960142
-0.2938145407394804
0.1479717868753891
0.4549908661295414
-0.2512295677927731
0.13925746938675754
-0.3475329760154488
-0.26419377939800875
0.134500062797093
-0.24415207619876367
-0.42440810796237094
-0.29927660767243686
-0.2242989467519672
-0.35153295838082366
0.22902042894449667
-0.42886880031998376
0.15532261857330126
-0.07249858125184394
-0.31266810328309225
-0.4819506421556409
-0.2661888953552695
-0.1223688551697238
0.006528545623376538
-0.3275956195844309
0.41249675472464703
-0.3562634786296692
-0.39798564231820854
-0.28093075053413025
-0.2540136948325698
-0.22362027221818193
-0.24581221365461065
0.3209153888044779
1.2415887784736594
-0.2947586882597852
-0.48886454888436115
-0.36479598813405817
-0.2013172507227444
0.011934510252412553
-0.06515960880572386
-0.2170026388961533
-0.08371354951304939
-0.27756358748233556
-0.26775951039338136
-0.2682739398990703
-0.3177736371745392
-0.4797651304318385
-0.02662985375889071
0.6826746741578187
0.02136896730437419
-0.3390051432955847
-0.33045722004996086
0.15680777328435078
-0.2348340114644218
0.10578323153770607
-0.038708112338821155
0.21086150650348084
0.07770266795111587
0.021014712835101326
