546
0.609496
-0.32866
-0.490161
-0.448331
-0.123572
-0.336873
0.505888
0.160742
0.860374
2.61429
2.66105
2.59203
0.604955
0.0291462
-0.123807
-0.366279
-0.415143
-0.487128
-0.3318
-0.155135
-0.37085
0.880744
1.07597
0.845363
-0.201996
-0.231092
-0.0335875
0.27822
0.453323
0.603927
0.388486
-0.0450513
-0.0334937
-0.0771445
-0.166607
-0.228324
-0.0559236
-0.156824
0.0240921
0.833489
0.940384
0.932354
-0.207585
-0.187261
-0.0948788
-0.450307
-0.403333
-0.58435
-0.369008
-0.628206
-0.42959
0.0393331
-0.0923937
-0.118082
-0.25253
-0.35323
-0.267205
-0.277839
-0.174096
-0.225425
0.0424318
0.133252
-0.0218496
-0.203019
-0.215051
0.0130459
-0.230279
-0.287903
-0.519024
-0.607762
-0.634067
-0.595167
2.63969
2.81605
2.55971
0.87897
-0.503109
0.252267
0.332266
0.272829
-0.313763
-0.384849
-0.096903
-0.604068
-0.407963
-0.444171
-0.343729
-0.213268
-0.344439
0.620136
2.16265
2.07005
1.9375
0.652186
0.415165
0.941296
0.993757
0.751687
-0.32686
-0.0808335
0.123341
0.0330468
3.95358
4.07015
4.08125
1.63562
2.25684
2.37573
2.20755
-0.675996
-0.55478
-0.624914
0.279006
0.567064
0.668576
-0.222603
-0.269824
-0.181811
-0.497988
-0.66458
-0.559714
-0.574646
-0.546022
-0.646993
-0.0503739
0.0934051
0.176859
0.291438
0.055727
-0.256273
-0.00494815
-0.0814083
-0.116594
-0.379185
1.94161
1.90811
1.83465
0.0141386
-0.776466
-0.407301
-0.461613
-0.475921
-0.493124
2.22088
2.32055
1.88107
0.208455
-0.457648
-0.5043
-0.441493
-0.564871
-0.340733
-0.448693
-0.385075
-0.562525
-0.508414
-0.387032
-0.41322
-0.188974
0.139671
0.333134
0.256532
-0.492696
-0.188828
0.366576
0.486726
0.624985
0.679511
0.553164
0.552288
0.130319
0.0148032
-0.565829
1.09831
1.86788
1.6813
1.47816
-0.248064
-0.248467
1.19473
1.357
1.20432
1.01675
1.5855
1.47486
1.36444
0.569211
0.478121
0.467144
0.475923
0.389249
1.73178
1.87427
1.97394
2.11392
2.14685
1.87113
2.38599
2.48268
2.50805
1.74593
1.32131
-0.214466
-0.0398984
-0.120788
-0.125753
-0.564623
-0.316887
-0.0433181
0.14838
0.146346
1.3139
1.35287
1.94011
1.07823
1.20283
0.150844
0.39383
0.384652
0.63922
0.601287
0.551692
0.766231
0.68306
0.76451
0.272314
-0.00653113
1.25408
2.28542
2.24253
2.25149
1.60129
1.43427
1.63533
0.724215
0.872597
1.0392
0.448342
0.593322
1.41386
0.995329
0.890648
-0.286634
-0.167276
0.285216
-0.073482
-0.0206269
0.100851
-0.104103
-0.266304
0.0474884
0.38598
0.3857
-0.216421
0.196717
0.319797
0.323872
-0.0282905
0.15334
2.49104
2.65696
2.6325
2.25385
2.22782
2.12463
-0.186218
-0.186318
0.00551135
1.4991
1.42888
1.39093
0.217783
-0.445647
-0.246495
-0.47579
-0.0209907
-0.00216526
0.0285832
1.25099
1.53746
1.43147
0.216107
0.0789065
-0.0583276
-0.0719768
-0.199748
-0.433071
-0.398243
-0.507334
1.59047
1.55262
1.34943
-0.0134422
-0.515626
-0.571316
-0.518588
-0.564414
-0.162819
-0.126247
-0.131005
-0.605885
-0.694069
0.947061
1.17254
0.992147
-0.475179
-0.360025
-0.339762
-0.00297962
0.259756
0.315922
0.262883
0.152672
-0.621022
-0.358981
-0.205191
0.0346621
0.274981
2.12156
2.23582
2.38324
1.74543
1.67727
1.21334
0.172143
0.0597145
0.0503429
0.0161392
0.0200773
-0.379401
-0.243704
-0.244466
-0.352438
-0.395383
-0.538703
-0.528196
-0.446362
-0.354811
-0.409782
-0.11391
-0.104514
0.110899
1.76488
1.79878
1.65794
-0.402289
-0.318695
-0.634314
-0.583927
-0.0385028
0.266036
0.178651
-0.0888363
-0.237937
2.32712
3.43883
3.70637
3.5583
2.15724
0.645289
0.519015
2.1579
2.35325
2.38109
-0.466728
-0.192472
-0.317909
-0.318704
-0.0263388
0.320744
0.70705
0.524966
0.587152
-0.486874
-0.397931
-0.204084
0.195257
0.347801
0.436518
0.547944
-0.547238
-0.469678
-0.580618
-0.145409
1.34049
1.31121
1.19093
0.421582
0.118972
-0.188907
-0.184972
-0.24924
-0.340977
-0.307067
-0.481801
-0.33766
-0.518431
-0.337759
-0.021232
0.361403
0.819345
0.724771
0.547032
-0.117515
-0.237037
0.139905
0.143414
0.0756472
-0.505027
-0.580372
-0.649515
-0.437114
-0.471614
-0.39808
-0.501067
-0.432956
-0.430676
-0.597094
-0.497046
2.18469
2.36694
2.35317
-0.227182
-0.0897808
-0.246621
-0.614686
-0.563768
0.0538646
0.121105
0.531735
0.204166
0.390352
0.0603621
-0.507315
-0.590165
0.428706
0.39388
0.0719189
-0.0233751
-0.025907
-0.219346
-0.252257
-0.60499
-0.56015
-0.565055
-0.557563
-0.307096
0.420692
1.34407
1.44489
1.42598
0.182175
0.070461
0.231318
0.248885
0.262678
-0.314677
0.993532
0.893337
0.733388
0.762694
0.726352
0.731235
0.136361
-0.296855
1.05876
1.23306
0.93227
0.443854
0.740095
0.882236
0.404254
2.4369
2.6272
2.62048
1.43781
1.2177
1.15008
0.634957
0.373811
0.113986
0.260129
0.336977
3.03134
3.17807
3.32066
1.37005
0.680755
-0.516531
-0.186382
0.353175
0.777602
0.841636
0.794507
0.730166
1.73808
1.87686
1.74892
1.33574
1.00322
0.933201
0.245137
0.803937
0.736459
0.853819
0.401125
0.184003
0.207448
1.64841
1.52806
1.95346
3.14728
3.23069
3.19061
1.79541
1.51967
1.41121
1.66137
1.69968
1.7163
1.45346
1.29352
1.52457
1.71961
1.66258
1.39168
0.408888
0.565963
1.69666
1.67848
1.90854
1.62113
1.3151
0.598175
0.50823
1.02527
0.903292
0.77476
-0.0465375
-0.266532
1.08058
1.46487
1.63704
2.21275
2.23974
1.97358
