546
0.21312958781699776
-0.40796333602047535
-0.6629918943163092
0.19529752354390761
-0.43831792501752603
0.06391242078136104
0.0010491741534116694
-0.3807816207035741
0.16733412238990852
0.4049789470294798
1.8110069705976637
1.7335430015213562
1.318892596656303
-0.0106704839585387
-0.3680616644320212
-1.0790062242004743
-0.43632493047087734
-0.3766217511965433
0.18838384619930462
-0.7511442064312304
-0.716522700943561
-0.5345378325721218
-1.0120672947274358
-0.34404559315439764
0.07216886840794166
0.271042632578285
-0.1274578689649074
-0.3016627385150926
-0.11594570721112295
0.7466456182725677
0.25587350862953
0.8899148522434899
-0.02585154037632543
2.3713487607561556
1.1156883160827389
1.0184427965142118
-0.36806507618477935
1.0785120334228167
-0.31317201427537067
-0.43176993089366034
-0.5152504981962062
-0.4645586530249098
-0.36375047413097256
-0.6949110940966282
-0.7114386469371587
0.8102603541563344
-0.24221169376653798
-0.6010411651603071
-1.4223185620591166
0.38528215551577527
0.45601678201794876
-0.686053842206637
-0.689983559399527
-0.7405822783523517
0.5652723282609126
-0.03271513417194278
0.4946957352243844
-0.33869991577368125
-0.8064074152772983
-0.18432893098520303
0.5806831745409481
0.7183023062203947
0.954827156641977
0.0714265711250518
-0.15185186789811753
0.3328912860644043
-0.10770440116506505
0.1427945420530412
0.45531260695437326
1.7366299657201028
0.9850405545353474
-0.37548408177466097
0.21828553241337245
0.1283585907474828
0.8431220377296542
-0.3325176584721939
0.011470564301439102
-0.4922833613112575
-1.0786538549230866
-1.2281791644270363
0.5442485586829358
0.9969158877327867
0.3813959674364442
0.09827847743599982
-0.4146057703700024
1.9474917553595643
1.6506181164557205
2.4212472240737886
-0.07555043746214801
-0.09887440829114637
-1.14691133029465
-1.4556011168466982
-1.389925830411652
-1.5575158676500402
-1.4993630883752254
-1.1351037371928252
-0.17823537068151862
0.5324890017494204
1.323067318801695
1.4532722126621966
1.8489774564414587
2.326827344534929
-0.002968500486088457
0.4872928054005313
-0.469995627665037
-0.594697623879105
-0.8196242114743391
-0.5151530026426001
-0.9139801117220445
-1.1471877799899226
-1.1668471252352066
-0.3857426861657132
1.0432573647201417
1.274362711473036
0.05379148179701107
-0.7109413552652409
-0.8977668250105381
-1.1309318827236705
-0.60065046620871
0.2757682882819278
0.5373948823191067
-0.1479754952827034
0.07206211115413888
1.1981909563506508
1.1705016872887786
1.0497681282120477
0.35348308452852084
-0.5631997897287934
-0.2583535183299596
-0.5249273062493264
-0.7114239695110841
-1.409982167518722
-1.2582821794401806
-0.13805433770302797
0.03209271887661072
-0.6003416942561012
-0.23711714232309367
0.5931492629138313
0.4756213149956424
-0.08920883987838749
-0.8145484707337499
-0.5613793678577477
0.47399837541337086
0.28491983734655146
-0.2897954775338714
0.8221925065091022
-0.05066941247006548
-0.1239278944224994
1.6335494940309876
5.660627821840025
3.292076018336244
1.6734521129419064
0.13189371184244678
-0.20526547405672974
-0.5720753944998861
-1.4297716820459496
-0.531637407737165
-0.9709655731791037
-0.8427256501604058
-1.3543442235324057
0.1653217610034332
2.0114165467930363
2.2415799120092155
0.22529127864539106
-0.5422684883608557
-1.3402449053584033
-1.4682713426347864
-1.4944980333226494
-1.414006311687723
-1.3885590890811976
-1.3480674189486084
0.14420458091915575
-0.028189811779576975
-0.47802698935101384
-0.6389710830057329
-0.39021679927717706
-0.3672814159261694
0.6218320762517735
0.012191605306908817
-0.04777448110224448
-0.016208347662354034
-0.20606985677348594
0.012772513063384092
-0.14993245197214536
-1.0125558903168987
-0.6864640657752669
-0.4984896688112188
0.30792629517535064
2.0627057398546875
2.1954338642397055
1.9375341867216018
0.22930021200137043
-0.014207988148777327
-1.1875976416539022
-1.3255150102663247
-1.399446468918737
-1.240209819744766
-1.0122215752075308
-0.815895692792921
-0.1869937374038403
-0.3182118657001976
-0.35677408402081795
0.833544727246668
1.001294720225457
-0.6806976151309178
-0.9642397768890635
-1.262725841686083
-0.14714667867072748
0.10612667219267528
0.41257803670573834
-0.9287677839664061
-1.1203446970337236
-1.2424616650222022
0.3945253543542376
1.0952876336985937
1.4508762009934364
0.7466289941418393
0.9175765281193198
0.6259296878278102
2.704240311215569
1.2056807774870575
1.786026959483815
1.2299910377731373
-0.38957534726076803
0.03335147069272483
2.734743060346282
2.2674681055473775
0.4296746195492698
0.9361964925948281
-0.11643288595379224
-0.7731161083712494
-1.3708633608770944
-1.4915557723111252
-1.3727352035578984
-1.1650568830189016
-1.1220531146101624
-1.4510575270419608
-0.8439418941181691
0.7146048810122617
0.4770508783871665
-0.2058645597271158
-0.6709459459382087
-0.025419811040579245
-0.13092599947653896
0.9739078898985992
-0.49674387053477737
-0.08239000707532579
-0.14647538335218774
-0.39199909612862294
0.41217277707751065
-0.2079895825525126
-0.3962532289383335
1.328181874535351
1.5707261537148618
-0.0502082187487398
0.012855040023503624
0.5109024425266344
0.2785230356311627
1.1365550563742988
0.7365455624507308
1.575998358888074
-0.252965687412432
-0.8487653084454081
0.16205079980243192
0.7490522469367901
-0.47585679351669086
-1.4206180661319694
0.5432043475429272
0.20326761721810024
-0.29933734563094494
-0.5439831334495899
-0.4065517863234068
-0.24365429598524915
-0.11866514675786007
-0.22777596919037774
-0.10215249560023994
-1.2279126149659898
-1.3571109003970099
0.23699981307163884
0.9008668832576623
0.8035030464282791
2.0199811176374
-0.055060383727670005
0.38765159787921893
0.2158302368130229
0.7071909644432681
1.7225886675205957
1.509099924300839
0.08284558096685768
-0.7951484381918479
-1.3866458670678785
-1.405591225962989
-1.610678735474355
-1.3313277270716466
-0.9826410886548234
-0.4410912536410917
-0.9692006795610543
0.03793998368209995
-0.29888300123423656
-0.5337084143349762
-1.0011868310262015
-0.3534229632877604
0.40201404662290163
1.5166801512925614
0.0797469938307445
0.13207006705227317
-0.010132263693774327
0.2291881256499632
0.9890702734312977
0.8149821494177911
-0.5127615213751088
0.4493557506177933
-0.06984578227765667
-0.2397331476623188
-0.8204555578386112
-0.2427128031104589
-0.894123087326102
-0.9326989756035176
-0.5625040190031683
0.2192752433955517
1.2692770247028728
1.190607908538882
0.6640082282338536
-0.46763376442247356
-0.4075348506108184
-0.3959816387160388
-0.4353764982585158
-0.006443808483727231
-0.2946219531892327
-0.7198076967850878
0.2636790808954005
0.4859517109339593
0.32980757612570233
-0.8668876626091392
-1.1536706229782683
-1.3495007943095394
-1.5607595582876699
-1.426800039782785
-0.8411743919330547
-0.16495819428684189
-0.18118885958955686
1.5761638458650853
1.2486338055022697
-0.18907911584226342
-0.6590434215331816
-0.9509917335380444
-1.1891739507117083
-0.750697122161856
-0.6310689059308282
-0.2153939147453877
0.6728559192593472
0.5506670422166541
-0.34703017050729495
-1.1481573681749297
-1.48811072366411
-1.4880567681591965
-1.3274096174183345
-1.2652612576251416
-1.0474937065943895
-1.126627766164571
-1.141235342698979
0.4588127020930352
0.948218787082227
1.5433361158621337
-0.33695105196436415
-0.7809656938816162
-1.1734369711777877
1.5340461124779703
0.32334071093272193
0.6508000751115108
-1.0977599489732552
-0.10460908813681843
0.7508254428252434
0.9775931961890619
-0.3359080182073422
-0.8161794200829836
-1.2623826023325837
-0.7729578730837002
0.41389197882568923
0.2502317011302958
-0.1313990954256684
-0.9266724639135752
0.3492122742105296
0.7155018263187111
0.5530063166227477
0.25780045538339486
0.5057981083329386
-0.09895825526222385
-0.5690197112131995
-0.33894960618405623
-0.2534565619551317
-0.34496327280550176
-0.32410498289366324
-0.9220968659349741
-0.5640741821316169
-0.8681430143557816
-0.9712837467943193
-0.9655752193124109
-0.8187796784595834
1.0617182925864663
1.5161326582741688
2.582780090041517
0.8855288794777865
0.034224935050045986
0.45775412043573066
0.812389158017969
0.851018657507358
2.036376854670934
1.631919505311308
0.27114387255533456
1.302666445027788
3.3067369877339603
2.8203675449569054
0.48854316838804374
2.3792981599903174
2.2864737979727314
2.862100173245374
0.21768423792508584
-1.2000106874939769
-1.366755157445014
-1.3515078727221412
-1.2650023880181596
-1.3400101534405837
-1.429176002501728
-1.1099762280642098
-0.08259534887593656
0.2909909860669857
0.646752509197099
1.0879966807289363
0.6842900882392509
0.2341395383511786
1.2813538452312991
0.9379435653745507
-0.2652347665413591
-0.1645771454768729
-0.3173690984721733
-0.4484973527811056
-0.1498730866147221
0.4269972778328399
-0.7127798883134943
-0.5389774576374287
0.4100901999260598
0.8514586926533373
1.1597860215602918
-0.13859055083708705
0.07312127624600308
-0.3555632518006468
-0.0945943541147246
2.1522370374374384
1.2726689841305088
-0.4288432925489769
-0.8317207944203988
0.7092221403536129
0.9931316979459996
0.05036143747366101
0.23164982213018978
-1.2257159899709853
-1.481819454044683
-1.0938525235586711
-0.7350637310891626
-0.7006898288805493
-0.662982414913614
-0.7566725310954671
0.4936497141833038
0.2108081263818171
1.8678518347491657
1.1901280268503167
2.8600774217015323
1.2500900777956685
0.89476072867238
-0.759936840100084
-0.5248535172727966
-0.5624986380567145
0.08818931042788279
-0.24037390890920796
1.738885810732318
1.3504139419602232
-0.536153869209152
-1.2381998874136744
-1.4284864796228949
-1.4493930041179457
-1.4380857777037033
-1.4881351586721012
-0.7843361091549266
-0.3292136985528905
0.2518754470134109
0.06414352889577711
1.0072636959803658
0.11685976588407129
-0.9160847685503983
-1.0119919968848217
-0.5167425278487754
-0.3726867126275242
0.1033506904442572
-0.14336668379991313
1.1749876020617416
0.9245937469254328
-0.40696960563363993
-0.7216045100893935
-0.5801876071582706
-0.7731597200940498
-0.0806158404038886
0.5616591347922996
0.35929972102554214
-0.29117027126179884
3.0683553146884233
2.3819529020330723
0.6125379772231252
-1.4941466837864728
-1.4979558263245187
-1.4034087338553225
-1.543652650984506
-1.5676307531788893
-1.2659690675331208
-0.9604384497936943
-0.9717865803049257
-0.5830423660633497
0.45700678420075447
0.6540721669328232
0.6515861308142508
0.008035837245170147
-0.22427103026018988
-0.22895235398648803
1.8533260968127114
1.127779906673127
-0.21431444066501426
-0.23753221359924764
0.7923255019603126
0.3985466342359319
0.6318163078846042
0.3082816700511314
-0.014143509772018809
0.6699220684046207
0.14680001046262137
-0.5756182784377387
0.5004342634293651
0.41454083107290457
-0.02983299268077283
-0.5442019092674295
-1.167167698122527
-0.7207964334650014
-0.6731048961644174
-1.1334995486321633
-0.31343970701236784
0.23358957758809357
0.23075891525805695
