546
1.5022189801608803
1.238173506344826
1.1523527010427939
-0.1783594107518402
-1.0041502079593014
-1.2934914111734064
-1.167429201156762
-1.3404312639292928
-1.0808879130543398
-0.49712974021369905
0.09693654949908992
0.1662971357308428
0.3380500286150829
0.5359219572415556
1.0588542766682496
1.0861404673241484
0.2543963466081222
-0.9266543141204251
-0.9908407140829748
-1.0184574780479545
-0.4370094502373326
1.15566710866614
1.8714732763674253
2.4297360973837168
1.3800456365114662
0.23827671491798183
-0.24848901294010595
-0.3464978936406412
-0.5586824442740925
-0.558565100874079
-0.655717094696158
-0.5267186952350617
0.18181327111871506
0.7259384502667369
1.492224345654242
1.1349186393331452
1.2567089102840505
2.143663681851059
0.9615554185551293
1.0177631947453734
0.49776315974762875
0.6417507792140127
0.17636682094626724
-0.6678555448372678
-0.9298932076656389
-0.3597938506837892
-0.31261674237734355
-0.18118007393383473
-0.5984917296299814
-0.7852543730228327
-0.7125565463994942
-0.6670160847531544
0.4618594092761902
0.4301341386219977
0.11130736016099535
-0.8794877376851569
-0.3123610620740334
-0.613291365717087
-0.6923118110909336
-0.49937198568943714
-0.5174388754770609
-1.0133141866254165
-0.7504334730694017
-0.032012235569557596
0.31230756808579246
0.6111404804920888
0.07746774106625354
-0.30832289010631986
-0.5509573865626494
-0.9412123420250272
-0.18398150840092745
-0.6885022072432762
-0.5087380213762485
-0.1736806562744058
-0.1340084895006764
0.5626264867505094
0.17240185107665515
-0.055881972742857604
-0.3541745922752776
-0.23742763114565107
0.716536655833139
1.339971014799114
2.103388711842174
1.8297116256827226
1.0611679716184794
0.6314996402929186
0.4029593047739517
0.3280142042879624
0.13100966930845245
0.10951103197629002
-0.023389566094207295
-0.07532657728396716
-0.0010730877107519197
-0.3057155099566904
-0.9927566837441095
-0.4961603737228446
-0.022264423714426534
-0.43141774524512677
-0.172706976791455
-1.0277679530666757
-0.4793692597415402
-0.5760658111504559
0.9815718571073406
0.5538895872057158
0.43126932833452664
-0.7578649049972628
-1.2810677524468534
-0.9936155885020919
-0.8857663287586616
-0.4228609456476831
0.16530894410016336
0.7793523651661753
1.6050420188590393
1.212717196506304
0.36987327526733466
0.9544992056507811
0.021733021190867792
0.3556801028323095
-0.7766123912708984
-0.699115784479689
-0.6735561468142665
-0.6376039035709798
-0.6366845197635098
-1.0536112679728076
0.35453473009708664
0.7840188184890643
1.0373992618950794
-0.09463278904420198
-0.727809946198114
-1.1046047869789481
-1.3317581196013595
-1.1181604684099204
-1.2366812368318976
-0.9692143807167344
-0.6529730080810477
-0.034990667002851805
0.37254471811948214
1.893711383312148
0.5312008949579525
-0.03062464330778907
-0.7153554369999962
0.2845666013871476
0.19215962015766305
0.61910533539363
2.1880374521522556
2.362838488309577
2.754827019519558
1.3143277192856753
-0.3183507901514754
-0.2595771181592844
-0.6680609824009492
-0.9526212728347233
-0.6440923661503434
-0.8162051178543026
0.321239643130672
0.49467424107959496
0.23126535160325765
-0.0723362390408859
-0.453728705355815
-0.7889627273612777
-0.5830115204291794
-1.0236463112968792
-1.1546148461325263
-1.3224895834348736
-0.19360922919570092
0.5368221367635875
0.23903200247049053
-0.7383692438808473
0.6618438623370358
0.4667081307578883
0.8700168381976074
0.03380205553274124
0.17689687040517732
-0.47021178108280776
1.7044141785600642
1.467514900861391
1.6633376616891034
1.0235898745319134
0.2917602935245939
1.917796752649028
2.012216336631574
1.6984293516969913
-0.10567992604149538
-0.464288204931066
-1.1373720707084094
-1.1978813950089284
-1.4465039404822109
-1.181101738665239
-1.3266119865330694
-0.3798287426841605
0.15210782146033838
0.8949584584403447
0.2801965712573846
-0.6591410378961292
-1.1024168349983674
-0.663573950099457
-0.7342633763192706
-0.5478331833934261
-0.5200511546631172
-0.5698767414431651
-0.37995736844884853
-0.8939896471072089
-0.6811750824377921
-0.5141203480973211
-0.17893077998216741
-0.24260749524609804
0.8117324436369503
1.30648947139717
4.091070367033121
3.768148133388418
3.053765518151477
0.7138721395842287
-0.09754006361615682
-0.43697126859601404
-0.47848185981431085
-0.7311484424080984
-0.6965876790283647
-1.0533010939973197
0.3462416493989778
0.12251542224264098
0.44838305998327993
-0.03417354833748397
-0.2519776213774154
0.7016849390971479
0.5382357087047407
0.7386343872844093
1.4118772249209328
1.4954819315483407
1.4554282323920664
0.4325428229331492
0.6498205871511269
-0.12002435305390088
-0.594706875594637
-0.7222260520881232
-0.8466170757536285
-0.613629169584999
-0.952754782346341
-0.8240600788813606
-0.5131450859025507
-0.8226482165815863
-0.08463412235098985
0.2292595271255271
-0.31842610410152083
-0.28601194376092426
-0.3785490636799737
-0.4111339554505785
-0.31462840483791676
-0.5025923817114656
-1.143092701871248
-0.5370769409222819
-0.3392892709585069
-0.34600677365938837
-0.7656552087896694
0.47109945473698134
0.7996409889650353
1.5814138009910703
-0.1637667979828641
-0.5653078529978229
-0.10254935264115198
0.6266517389134105
0.3054753158880108
-0.2218875175563399
-0.7806376545722624
-0.6877090476157577
-0.758742390800909
-0.7485138446532121
-1.1834492713223308
-0.7873585838457359
-0.18143632505580873
-0.5002585456230368
0.2793321552404716
2.7815410741242967
2.9623691635604654
2.4682760912959267
0.10802031479174531
-0.014853601570793948
-0.34760529448963456
-0.7259511945093595
-0.6704962297623606
-0.6913518198203894
-0.7438498048928759
-0.8032194405305417
-1.0322475446318138
-0.6347514763710725
-1.042324052338256
-0.9689363124721904
-0.9431547446744005
-1.0148012436034948
-0.7224844818827131
-0.10251180461649352
-0.248061662918817
-0.10368270376912612
-1.0184583248595502
-1.360430622575046
-0.8439821757053341
-0.5501934697226384
-0.0688648007427825
-0.37960126048450227
-0.12901688633330616
0.49511853520562404
2.1434470462909156
1.89641150457226
2.1153193261956718
0.7961805267211975
-0.07737315874404734
-0.4293544927370998
0.04972581238397303
0.3092287176342652
0.5469266138827209
-0.9806266726378642
-0.9047162282596704
-0.5916734445249036
-0.5525302268673898
-0.014785619722670165
0.4773445798091572
1.4363221903496841
1.2706878520219682
0.907428987500355
0.8207588408692655
-0.4928046744821075
0.2226936649814765
0.10060718579426237
0.1740443869240693
-0.3422544510139641
-0.48459174806003014
-0.7431061985077405
-1.052749217960509
-0.7343662823823108
-1.2131158918948826
-0.808102813536466
-0.6606436960154902
0.04014628518403032
2.819320856233963
3.1239648396796724
2.086533530149188
-0.6807005703458884
-1.47363344421554
-1.590138844078904
-1.5950874466035045
-1.530459112166488
-1.3573614652406216
-1.3446777877220146
-0.0702040997043794
0.4567794652388597
1.421745934465273
0.6440520124287045
0.054111042314158385
0.846268618872489
0.30822072422150504
0.3557922294806199
-0.5545181499782132
-1.1151263148456374
-1.1506390199137833
-1.2992131638500881
-0.966976923045988
-0.9148002710264174
-0.23470351565334321
0.134420504762669
1.4360306020406226
0.84115201969842
0.3509720107285216
-0.7047335271412188
-0.7918324168901395
-0.5180022319421361
0.1283318366510513
1.2983334951461927
1.2797834800858854
0.8040517554134913
-0.4728636994024085
-1.0557060449310813
-1.0625797259005851
-1.1660621730547212
-1.3182972220267097
-0.7961050021252523
-1.2751877333259247
-0.47248159715787935
-0.4800577000019586
-0.8333216411450772
0.048592722536303944
0.29715652694163186
0.7902980826011187
0.09588937107421056
0.5952935076078066
1.198549343704199
1.4740158756512418
2.497179498814005
1.5951736830662697
1.066454218596863
0.7503098110315654
0.21933652252784258
-0.07069869289793519
0.0757005434578665
-0.3556133261222006
-0.6382247874588611
2.6604491174717895
1.6748398426670412
1.4978812571418134
-0.9925945825213235
-1.4782931733660862
-1.6137880397457611
-1.6428724401333281
-1.3022906510632655
-1.2640319205636692
-1.0820625537438098
-1.15753863399038
0.3417456572935077
0.5998245571602687
0.13268139871433324
-0.3660975437551961
-0.9003276306860105
-0.13013331119017635
0.9054453949680478
0.7547126671898097
0.6494580959226853
0.15431641592060252
0.15003712717739093
1.2572533645265302
0.007084920716948653
0.5519431593464939
-0.17550956597146603
0.4208017466599861
0.4403744950080226
-0.7503193033752465
-0.5503890789278256
-0.8105194068889636
-0.7829095947387082
-1.0768347517736556
-1.257655366813733
-1.3881841547325413
-1.2244292001528891
0.31044115998843347
0.37027679563579846
0.8652553318539628
-0.3397103971375337
-0.5438710493851807
-0.7985483090845257
0.5233672950721332
-0.20647317022387
-0.09025209062329735
-1.184420729027493
-1.3685743725379302
-0.09014424909204466
0.3015531110616429
0.7964396469222369
0.7222531079686999
-0.5543288499253634
0.5441061113835163
0.3539813467996985
0.4410809729451388
-0.19857282601215556
-0.5127239398937737
-1.0820524157035782
0.5485164679680705
0.7920911834708995
0.4282693040953724
-0.7072618252663428
-0.6492097183214464
-0.9722423819028845
-1.1242493170188692
-1.0713164145067473
-0.5571140853327581
1.1438055551903672
1.146974720369308
0.9086000687424932
0.37128167908020404
0.8132170490442804
0.28917512910339765
-0.17873479516021598
-0.5186803315148869
-0.6481606009265389
-1.0393557371217144
-1.517893619427783
-1.5288980774997922
-1.22015773015365
0.14835231818844358
-0.5778754851704108
-0.306130290825302
-0.990140578406168
-0.5742499485384338
-1.0928524260346146
-0.4741975869403179
-0.06933238852699068
0.2849139975645137
1.9217028670208456
2.7410045605644875
3.360360809415406
2.381931466749149
1.193509232712727
-0.30317599413128754
-0.7200089992427313
-0.470502890466282
-0.7674053770749266
-0.7916204804981243
-0.8398367607288847
-0.7597012690810508
0.13567723926911626
-0.07392815257616463
0.19227680628254887
-0.2629109404987576
-0.39500915365301226
-0.9422520907880786
-0.14161721842739008
-0.4664899496417608
-0.40013434397241165
-0.7219569523660478
1.0097333060352072
0.9526555773305999
0.7726745520879457
-0.5215957342184688
-0.5656652742345394
-0.5839717082471811
-0.6154641035181752
-0.9476042458500769
-1.2148058850105061
-0.48139587574472253
-0.6253510860109114
-0.40588724950415855
-0.951613746400996
-1.0302006491777056
-0.8747774572807068
-0.5612165468623773
-0.46859600312289623
2.9022138705101903
2.907630897442063
3.2651475638282506
1.7926499831181455
0.958945710387153
0.4226307396742254
-0.7836226020585996
-0.8135018706282352
-0.8733168396739328
-0.7130591565240717
-0.9277782042037972
1.0766077732882224
1.9446921158381971
2.0883866869269627
1.8731585353341786
1.0246683671679115
0.9440091031284394
0.7616507817993705
0.5470805950262352
0.3249792538608359
-0.3671596241994569
-0.39651000610330206
-0.4054195054054815
0.4884181378996722
