182
-0.4414757170664518
-0.34642154119162405
-0.45953474240998043
-0.07883178398614943
0.0723374596803097
-0.2758199804459599
-0.3732065798768049
-0.49797415289037383
-0.37231641897670353
0.07808231413637103
-0.3994477167269175
-0.5149268167424191
-0.1662867325562134
0.5276006647354524
-0.46501567407900074
-0.43521465567703677
-0.43277031021574197
0.9263936537085464
-0.28246621295600494
-0.41919450081607756
-0.4870332461413267
0.21999310082920884
-0.3818297874265393
-0.4709276272044101
-0.47548069864284703
-0.3434859441118802
-0.19274952356659075
-0.41729617965701826
-0.48983318214004407
-0.3491014493863016
8.336378543687562
-0.11475932075130948
2.383650815029135
1.9105226982548444
-0.3329306951508716
-0.3885755635255086
0.1580414601380197
-0.0036154184356849157
0.4417150107788255
-0.4159218892328671
-0.40485293086128027
-0.3866168296465871
-0.3856959384874115
-0.3453337072900738
-0.2251844121229448
2.006196614545454
-0.30486253327727214
-0.3417086758070108
-0.12329056535481045
-0.37329280036753915
-0.3469619680041623
-0.09083870822397676
-0.3935999876343215
-0.35349831723906794
-0.4379357456361111
0.25801648125175103
-0.40602111586056283
-0.48118307105434455
-0.40467838544244294
-0.3470444881981958
-0.41208722926587743
-0.47047709696558393
-0.32835846930337176
-0.17919630051455573
-0.40391073357337043
-0.4610140541723814
-0.4131288594449327
-0.43951664289085063
0.14528697694011597
-0.2090507904992163
-0.4518800541482529
0.540042218975815
-0.31798349028788
-0.19616747827021774
-0.3975771684102057
-0.447881768872964
0.38260929639899366
-0.43746231679645836
-0.2528042597203695
-0.3364300148446228
-0.325689838660629
-0.37277374856747586
-0.34427521199926664
-0.37674122681207667
-0.017247465564210997
-0.4824061863363099
-0.329256157362559
-0.43897216067657774
-0.1497138771050074
-0.35036340625754475
1.9843705617653526
-0.20178836955114646
-0.4328368230995523
0.6485013537447294
0.06106815195133205
-0.2850881747640445
-0.46135742977430566
0.38325861541877265
0.21534856807208738
-0.11874557599553963
-0.21629323072122916
-0.037137182638346665
-0.43903346340275745
-0.37594874789003335
-0.4627047328508257
-0.06864771939495018
-0.3585537236853219
-0.3083223586604729
-0.0303926532650996
-0.2142230407670927
-0.23896096344082898
0.45172706701302234
-0.35742538900075965
-0.2660688415117254
0.3641714852817786
-0.2972149535079279
-0.48750604501398936
-0.4700570312855623
-0.4641373086269071
0.8145940876117534
0.26592229822913727
0.49622027596461743
-0.26311606197869813
-0.41405770069789327
-0.4768002628830017
-0.35114768610688063
-0.45763464186173763
-0.07477599560582068
-0.3341319843559469
0.03792461625109412
0.2173811975141909
-0.42638534326906374
-0.4001503828400558
-0.2141602187488738
-0.2827905112297721
0.10714565766873918
0.3233204747276992
0.5856597717124774
-0.4418726390398036
-0.12714731718989097
2.4571830041618856
0.8566629399507475
0.05272111527383109
-0.353569558177379
-0.2194773893256194
-0.3815978456479495
-0.1173220603584838
-0.4734896605003132
-0.41840119153540806
-0.44020585647000665
0.6037695205598905
-0.37968616318248233
-0.16697654590797387
0.49643324793365734
-0.4592231533000751
0.2349634976948715
-0.059663014618504796
-0.33712007978692954
-0.3041365661911672
-0.3813791367224311
0.520957201708056
6.144449236316884
1.1472280040623983
-0.252337621707493
-0.3601704266046221
-0.3235725968684898
-0.44565486447067687
-0.36177083817887784
-0.3664915452285759
-0.04801367274282136
0.07240388280785387
-0.43383779284160995
-0.13926727975113654
0.4017354408913066
-0.17348453374909462
0.39582177681695213
0.7444067997807221
-0.23037702277056715
0.45860484769832044
-0.10366219121372745
-0.11678117704726917
5.092872531698623
