182
-0.2086262455226031
-0.4718241279520907
-0.9253451753276699
2.277564629835196
-0.3402200233552443
-1.374953103681286
-0.16023655014867655
0.17995976259426205
-0.9070029378162623
-0.4285713678178123
-0.2435242963857907
0.5340026051738243
0.7752626871729589
0.08212615649621445
-0.47212622464142917
-0.23850045890826357
-0.43743925209385326
1.1713240712529522
0.31283301411702197
-0.6538520996633372
-0.44378257867622983
0.5435236462835128
0.3888577353063579
0.8317781701567118
1.4879027020924265
-0.9889419291765913
-1.4733818873424627
-1.2576207059124638
0.9738120851733081
0.7500136604753292
-0.8799880812881692
-0.7285981064834574
1.0101802452041186
-1.0898264234807733
0.29410139103009636
-0.8310676338061268
0.6933991025406284
-0.20283577830443042
-0.7007628473892263
1.4808520939044645
0.3866206768577382
-1.5866550796345207
-0.8904033345626482
-0.6601454165098553
0.10715122148060685
0.7727655397369766
3.5794055143913783
-1.4083676203693845
-1.5292847772332838
-1.4427703187373422
-0.6805847122497677
0.7042787962934405
0.7267369830919292
1.3984923619566192
-0.29648296351255904
1.3269228347524604
0.9789234464271053
-0.0016131947170600941
-0.49219686779586785
-0.15200396657524662
1.3964693840214775
0.6046244125904213
0.09365907639898681
0.06046739527967998
-0.6417321512615678
0.07368542231933699
1.386217293258241
-0.1370759707008541
0.78080923230198
0.27306324469426396
-1.260629948378702
-0.7629569185640549
-0.8532972091193333
1.0660662014709243
-0.7944856091322468
1.6568196020147434
1.1992854762621927
-0.7571891176454785
-0.8285043345370561
-0.8610749478620111
2.957340303161489
-1.030661037231699
-1.6121362513316175
0.17647458392357196
-0.17132540986268632
-0.2151737292586553
0.4779877247489438
2.1690665592531255
0.350640389361578
-1.1779962772361694
-0.6410774310608942
0.1524947910303403
-1.1546443064819356
-0.07826397370911542
-0.849048604590364
1.1685388387046822
-0.6172132023851488
-0.7826062083960376
-0.6986680618398398
-1.0532425936583145
0.7325790703693555
0.47122371852121386
0.9891542980169332
-0.18782097305867962
-0.030491872814448078
1.0403746579312694
-0.024410886441813474
1.274724539684365
0.15698683757016293
-1.3883287025926778
-1.1388327124884483
-0.15208786898255006
0.9483724979296194
-0.7337918050007142
-1.046763390464746
-0.20180610565271012
0.1162475518859052
0.0517626320419034
-0.9712294103179013
-0.44020948305125895
-0.7635685652664435
0.4904353122043715
-0.02959657517431099
-0.5618400972830697
-0.6296507940164029
2.726342929516637
-0.7249848473482926
0.12285642205981694
-0.1006873113776598
-0.22409567225577315
2.690281675269205
-1.042194855742595
-1.1976530369811913
-1.026445671713464
-1.1895289735679715
-0.5992110272361933
1.9347635787658852
0.6578509487114534
-0.3455875529124824
-0.8159979257524635
0.5145057596955815
-0.6842612492138309
1.67264007388553
-0.9978758359565086
-0.4392684907213808
0.17465100138026796
0.06007858796519984
-0.29377386228343333
0.400529954546906
3.572666667932152
0.07818770123592199
0.1287271849752103
-0.7390335700798956
0.4284694633472183
0.8772146679707189
-0.8403806937420288
-0.17087390929994062
-0.9133297841024525
-0.6236050507000377
-0.3093348491042346
-0.40117145713179164
1.4255930625196556
0.42635933952111177
-0.9252864382349889
-0.25215658628656956
0.7391489683056762
2.0492835504128704
0.16329991677911543
-0.8720285547132728
-0.5815383973442695
-0.8910243669796049
0.7431801836008135
-0.11705824833035246
-0.6381083588272634
-1.216842805334997
-0.0019213118707506324
-0.615633549399374
-0.36857757442720995
2.6074512362930666
0.44874078948288726
-0.4874245988480978
-0.2013208031794525
