546
-0.4444515738879305
-0.5579462689709079
0.7112008622765558
1.254109423576627
1.0821730347038958
-0.2698565720775823
-0.4257843503366086
-0.5027993329076585
-0.6585996565256965
-0.8867270649812906
-0.8806306894984941
0.09454690385630608
-0.5489491301156563
0.3502508756739271
0.46656741940983165
0.1717099773472326
-0.4505441963424087
-0.7980068365589139
0.4339562522971826
0.0220816189481978
0.3800680398377787
0.15153219294095402
-0.7673855414053486
-1.110339432251127
-0.9795682973826428
-0.8605881527635004
-0.5677862973405983
0.07496417201029697
-0.1739066241446013
0.2211982919330717
1.8526440109935982
1.8098333571391947
2.3590459975037943
2.269282457529376
-0.26168485827424554
-0.4495161217649712
-0.8404800435322051
-0.1258728117122262
-0.386384292202336
0.13583346346217495
1.0291288899109199
1.8753243910159743
-0.09918778674323339
-0.0840354358630381
0.002992247329948575
-0.006703418076225725
-0.5720128848439854
-0.724205360762922
-0.9327622046807568
0.3856390793325857
0.3014647914443654
0.16659134985223922
-0.5276434001614229
-0.44147286789711615
-0.3547089241920457
0.6517811633324538
0.874817931211365
1.9643634155252974
0.7287142617985876
-0.623782267119327
-1.0246456126657797
-1.1028034325208298
-1.2144843586449883
-0.4392342287950531
-0.09980880702860254
0.39436523680453406
-0.4158270283012754
1.2574122163229322
3.4138313829335716
4.1936672652501725
0.1971267617256624
-0.7162782657941501
-0.07193711451901841
0.36370414071589946
0.03549068420992845
-0.6236067344821491
-0.8207388758216977
-1.072502353789326
-0.7471662517144226
-1.0503874453801705
-0.30905657799713965
1.077556355416751
0.9272945524277849
0.9561634428391016
1.7239085120732014
2.322834094739244
0.3630880574743671
-0.653220639294846
-1.0730444787063675
-0.46136094288326013
-0.12433905931430077
0.03318303222255992
0.5019271135824113
-1.139578486596362
-0.009915655326592134
0.7835460840645914
1.6943256758610468
0.3397258391031025
-1.0829168063561596
-0.848561323174986
-0.15236522380558476
-0.49388374887963504
1.2370424315940134
1.387476076091306
1.052009513523397
-0.7148889319625403
-0.3561976331015698
-0.36179665791449916
1.1037451327929675
-0.03846363575315033
1.280016890108189
1.1103444743479014
0.49018652841372734
-0.34780873239373156
0.05332936791761092
0.16292380043020926
-0.8622658633704592
-0.44786974622348247
-1.0360698449831849
-0.7806971981376435
-0.6899781819091169
-0.1463522845380353
-0.055166153598045005
0.0789054415803032
0.3137391473405864
0.5727983249883521
1.6080476571923563
0.37245191601943367
1.8090242417018991
1.3346215397873615
-0.11952394658035251
-0.14108644332639733
-0.9844108100245039
-0.33510400845161886
-0.5564805095154255
-1.0834238342275626
-0.7161609228380358
-0.6993018298912976
-0.4911453281290485
-0.28264537344048546
0.030164626514072545
0.016612810825492857
0.2532176730771172
0.5493692611148966
0.7065152759582437
-0.4750729300036031
-0.5780578366977337
0.8760110916618243
1.2618868444451405
0.18713783245014606
1.0033208921200327
0.46824256377079787
-0.42292732534102506
-0.2945940673378599
-0.021049280657730898
-0.15722651062662385
-0.03143825449982556
0.027432135981665592
-0.09065638165821047
0.07166564342004653
0.1386593829889068
-0.011983944997770718
-0.9513270658387779
1.593834006484464
2.0708826897734824
1.8881498284388532
2.3396963330247815
0.8325639920601446
-0.15683165600676233
-0.7051452571215882
-1.139200256895352
-0.6485413238459385
-0.9572262303592227
-1.1300790068789408
-0.25224884172901163
-0.6274074284651738
-0.6043893945252061
-0.54304072567227
-1.1430248508396703
0.3494312019460785
0.4688661818398058
1.3977264052167964
0.4168404172699358
-0.40850261982344416
-0.2637618904450637
-0.6818055077274804
-0.6115812300811397
0.45816875788463546
-0.04219513687363762
-0.5328083642509257
-0.8797535444353975
-1.062874470369601
-0.3242240823615292
2.2723026663639754
1.4129142668500958
-0.2158100899443215
-1.0704165235087704
-1.106857573435448
-1.3271955743535264
-1.141088164559354
-1.384047203837475
-1.3832167016858352
-1.3712366242754677
-1.2395610049381145
0.05430490993445319
0.7407026974238868
1.3794624607808537
1.1665547965843373
0.1309328245682675
0.02116267599127165
0.2358656914141186
0.356367362811083
-0.4110999986812963
-0.08364973554934962
1.120848575871489
0.37994690502766015
0.3466019828745997
-0.5674445258952805
-0.4088347609604461
-0.06176727978480434
-0.225972851205541
-0.3154010717597165
-0.45667569861392904
-0.29303891860571385
-0.8099906851062458
0.20412372316219668
-0.24846328942328164
0.8332861274558533
1.9221302374495988
1.875274483788454
0.45620609892716163
0.2567470281166139
-0.387166079651625
-0.09334694904371245
-1.2365267818769485
-1.2611434661816334
-1.3807503546722382
-1.214379610449058
0.34587214040497977
-0.60110112373081
-0.8407965681837984
-0.6380031779216023
-0.07576990972532122
-0.4744566856945419
1.034855628544889
-0.08608108677257209
0.2533951468354023
0.11391103138903026
-0.9634814573910916
-0.562400678232069
0.3844825432767072
0.294352678308761
0.2901858365045368
-0.3987717193343438
0.3045191587151772
0.640615280891074
0.8420833580784008
1.3631958439015543
0.9893955039672381
2.4703013409338364
2.5208221495247822
0.2850941812098313
-0.6423545014592356
-1.1203444109045428
-1.1368726107977951
-1.0475947491247044
-1.1562925831321658
-1.0084479849654835
-0.5098114303332207
-0.00048517653017609376
-0.06941377559720123
4.745851958829084
2.3839847314314437
2.237166278254392
1.1500399951234765
-0.38863396089668195
-1.452540279345404
-1.3763507536594182
-1.2526514040707313
-1.0750335334782057
-0.12426922076545344
-0.4107240842932993
-0.5542500385157345
-0.5671774804457972
-0.44588319004169963
-1.1402605646017459
-1.1025297367444573
-0.9084021646633766
0.23181029298852956
0.7322626319426239
0.9455012562422904
0.732516983129384
-0.5560423347516882
-0.41609926245345563
1.1895683190689774
1.2255937684511558
-0.2029331617704731
-0.7523286320387006
-0.9185068735221462
-0.7444211672399597
1.2101969645600783
0.37406221546967394
1.0796468995608572
-0.3520782977633958
-0.7656290254362906
0.5991965142799407
-0.6592860860054823
-0.9247075012303633
-1.0398290476571688
-0.9627430122760735
-0.9829057864089282
-1.1326502484051513
-0.6947868972449505
-0.7922244952850344
-0.7769670874630951
-0.08116226298353449
1.7803058115152146
1.9851479707608493
1.5363167333604864
0.7078421768167819
-0.10604018279976196
-0.1528321298516375
-0.35492368000050206
-0.8164058120638559
-1.1447176370757939
-1.0632213245388753
-1.2375206677866608
-1.1992396679626482
-1.2661288089717433
-1.248919908122209
-0.7438909473441977
-0.740712123285235
-0.2484314602394453
-1.0576694759384049
-0.9103072992500963
-0.43763093530725494
0.06519861440646679
-0.07809635294326733
-0.5716712711406376
-0.38757249610044486
-0.5175883982386695
-0.9665743223486589
0.7001249256836084
0.9008365604202137
0.5754884648154052
-0.9282243774754306
-1.2983224437323129
-0.9561745764610161
-1.274689500432977
-1.579251768421351
0.048829436366517945
0.3407839213550614
-0.1901598674267979
-0.5629497291059153
0.07335373771225918
0.16255096339324804
0.017252154920013286
0.5077186758256306
0.17598950330319754
-0.4796601504465469
0.48837636878034846
-0.4545343727805774
-0.5790627926429409
-0.5612491088486276
-0.49701791582375715
-0.42014364914405267
-0.9855868867717066
-1.084066247080681
0.0926230934390845
-0.4581768506796937
-0.6048836980896961
-0.9408327447993475
-0.9999014545607827
0.04481996205623874
-0.20136912032714893
-0.0609196098268958
-0.7652423409142999
-0.6972193836156744
-0.48657517316965354
-0.7505932616441048
-0.8868790962251349
-1.0154492999768723
-1.0380980228683505
1.2132618572280103
0.6707787308627602
0.7752047793174506
0.3734199309847794
0.5625124826749608
-0.11775949964929465
-0.9988515832520498
-1.243743301201908
-1.1532935244630964
-1.2741409396547554
-1.3144563772188667
-0.9577251605119452
-0.7659972656502482
-0.6096808107674543
-0.2580769479475442
0.20320869133546995
0.5228993296693519
1.0961695278510637
1.3124561282087848
0.8366695999997138
0.25470536812115974
1.1767750009926712
1.6464964273377598
0.5941123710647804
0.032582410999365916
-0.06305818380118727
-0.5975457127547054
-0.13311242183777397
-0.3984223399189708
-0.24130153898015433
0.048891459009841154
0.16948832651106122
0.15798369134040466
1.0520082354047346
0.5004345544302683
1.3803092954865253
0.7713161611566227
0.5502070623124875
1.2654632586660595
-0.5100814284591441
-1.0333465712254928
-1.0972915316148695
-1.1732948839471278
-0.9302100767161195
-0.5467139053348606
-0.43072306614696837
-0.7186621813273075
-0.07728593855050232
0.4169555061913451
0.04402676503262056
-0.5360045219622017
-0.2647878681706414
-0.1547364283826432
0.45422054713772686
1.0561363534191812
0.9568233558492545
-0.13233606654402882
-0.6493260467481952
-0.6899298992794758
-0.021333755332962525
0.9651530327660571
2.004490746767635
0.6300240876839567
-0.55328331849791
0.9337979632987152
5.951259612043735
4.826947253655365
2.4363650182507435
-0.4034310170353698
1.0269682971825043
0.798717198972887
-0.09231603594546002
-0.95027794939145
-1.4003634737568096
-1.0227206021678783
-1.0637782327305996
-0.699545243970162
-0.8659121390419886
-0.25085937463276337
-0.720231290921752
-0.6566430919507366
-0.0068900870387339965
1.1083340856195059
0.9534833704555148
0.8446021054693534
-0.019808166346602044
-0.560805902191121
-0.4236458875772246
-0.30212804001310467
0.12177214088972578
-0.4971030884095817
-0.04363473795207434
0.12242359128372343
0.28658875737576317
0.5131678246991271
-0.6102214158043578
1.195242668813043
0.8925037782943025
2.2378292582490382
0.5633118361382554
2.353845809544764
0.5666749076197021
1.487481178127321
0.6941630880603191
-1.0030633184821613
0.37756671797989244
0.03666242474867087
-0.5995201390046822
-0.5273378126623205
-0.3068736050519448
-0.6618968835615432
-0.9301605026443647
-0.4098871115062957
-0.7485123036059997
-1.0220757711275903
-0.2820367563018476
-0.04753134475676884
-0.40185768613471934
-1.1213088758987824
-0.617300085944422
-0.3124738173204117
-0.6966047386685089
1.2583718414070768
0.06946958945120776
0.2133023480135595
1.6128711790026589
1.555472377418817
1.1153180266603604
0.08068564276875417
-0.812800615684245
-0.8498479352728273
-1.579028944153731
-1.390910998915484
-1.3125339982237065
-1.2145213278383873
-1.2202233185490308
-0.742403861230084
0.23941896859860742
0.6663717451096779
1.178607274764852
1.354672233348063
0.05004953643444734
2.1220125430490513
2.359695768763323
2.440594919532093
1.109965730557334
0.11135966306318587
1.963137164015869
1.1783843992788663
-0.3642788852892811
-0.9743390787528172
-0.9223622298378525
-0.7073176822589607
-0.7117245576382281
-0.898488368343931
0.03476472654133319
-0.7944837035900041
-0.6490463287426913
-1.2118522039043065
-1.1419568494002252
0.840877506809445
1.1181038401673704
1.2578861691578322
