546
-0.102824
0.0581282
-0.0138104
0.199414
0.780031
1.01678
1.02675
0.693906
0.659173
1.35622
1.40502
1.11604
0.244484
-0.410846
0.94637
1.34666
1.38447
1.00645
-0.794287
-0.65449
-0.464546
0.0278806
0.453071
0.414343
0.55234
1.49126
2.00665
2.0435
1.92893
0.852641
0.176765
0.245953
0.0278504
0.220993
-0.306664
-0.207378
0.258287
1.02291
1.06532
1.42556
0.756175
0.809723
-0.0849291
0.268405
0.127796
1.00164
1.03797
0.962418
0.173081
0.713192
1.10098
1.14574
0.687241
0.115909
0.414882
0.16662
0.583453
0.119376
0.0988606
-0.308112
-0.0413026
-0.122643
-0.162741
-0.470409
-0.348037
-0.536532
-0.318058
-0.252987
-0.451544
-0.618801
-0.450015
-0.394887
0.134121
0.455203
0.146586
0.216111
-0.166738
-0.702212
-0.744313
-0.791034
-0.962977
-0.841318
-0.367818
-0.0967078
0.366618
3.42835
3.76273
3.53055
2.31563
2.06339
3.96007
4.25929
3.83517
2.25127
1.95831
1.98351
2.2963
2.1344
2.23528
1.47831
1.38026
1.85802
3.24578
3.37612
3.10792
1.15673
3.40184
3.67358
3.20128
1.23161
0.977139
0.768175
0.570067
0.544847
0.771909
0.908227
0.856465
0.284632
0.759254
0.503283
0.40904
-0.287859
0.0491787
1.21049
1.41479
1.45659
0.949282
-0.511498
-0.597923
0.385128
0.296378
0.154669
-0.784556
0.594983
0.629249
0.552966
-0.186346
-0.296721
-0.273591
-0.224547
-0.21056
-0.121521
-0.189811
-0.376355
-0.200075
1.00364
1.02079
0.703271
-0.499175
-0.809573
-0.949535
-0.775094
-0.186654
-0.225591
-0.498115
0.372921
0.339809
0.0328578
-0.356652
-0.336503
-0.383321
-0.261938
-0.263104
-0.38284
1.77946
1.98682
2.50769
2.06365
1.86031
0.266173
0.067121
-0.533141
-0.0757438
0.348293
0.56213
0.319571
-0.177352
-0.456639
-0.341478
0.111979
0.164092
0.0748642
-0.708397
-0.657873
-0.603963
-0.506773
-0.30341
-0.12622
0.582845
0.685947
0.617512
-0.00742457
0.181467
0.289132
0.265793
0.0383182
0.0738296
-0.20132
-0.0340378
-0.432833
-0.508584
-0.361653
-0.541979
-0.490751
-0.0344215
0.0619553
0.910041
1.06468
0.740252
0.287219
0.0797951
0.0556253
-0.275116
1.29651
2.33682
2.03385
0.722353
1.79333
1.87103
1.90758
1.79596
1.20098
1.12084
0.698373
0.357822
-0.950961
-0.542877
0.524464
2.89702
3.19612
2.74889
-0.509344
-0.359021
-0.405229
-0.217675
-0.215331
0.211632
0.34547
0.999611
0.622669
0.593123
0.701595
0.545487
0.597382
-0.356475
-0.178178
-0.249577
0.912738
0.884065
1.0622
0.918626
1.30634
1.128
0.838769
0.155193
-0.442915
-0.133301
0.325291
0.959658
1.16856
0.970783
0.629103
0.273267
-0.117615
1.82214
1.95246
1.90329
0.858
0.0532411
0.186779
0.0746322
0.0223016
-0.0917271
-0.50688
1.1446
1.56429
3.03094
3.30675
3.16003
2.09085
1.73993
0.496535
0.431775
0.0359605
-0.329525
-0.180189
-0.0289508
0.490502
0.363853
2.16554
2.26098
1.88717
1.13294
1.16993
0.85722
-0.156746
-0.0763172
-0.094976
0.366946
0.389225
0.207157
-0.782541
-0.622877
-0.34845
0.168635
1.2158
1.55812
1.24723
0.150745
0.355793
0.760003
0.671513
0.510321
-0.310106
0.183111
0.624605
0.668326
1.45703
1.63621
1.20647
-0.192014
-0.0777316
-0.295612
-0.35228
-0.374714
-0.466084
-0.294883
-0.00540583
-0.0460252
0.771099
1.02908
1.31058
1.48217
1.3488
1.63762
2.22632
2.2736
2.01517
1.16914
-0.0973017
0.572317
0.383089
0.681579
0.229957
0.242982
0.799757
0.901843
0.778076
0.421756
0.250717
0.503223
0.518169
0.401978
0.724187
0.651875
2.14449
2.09774
1.91102
0.718911
-0.212992
-0.12007
0.707531
0.970494
1.02253
0.589529
-0.0246805
-0.359298
-0.36572
0.125678
0.129555
0.412512
-0.258318
-0.426711
-0.523103
-0.428602
-0.426228
-0.318184
-0.245009
-0.34294
0.815256
1.1624
1.06139
0.491284
-0.472956
-0.298084
-0.263277
0.460495
0.479463
0.395
-0.418164
0.214246
0.214571
0.117966
-0.482833
-0.700288
-0.568827
-0.543631
-0.0541927
0.198554
-0.115944
-0.262906
-0.401346
0.442243
0.847901
0.898524
0.640305
-0.111821
-0.162555
-0.322231
-0.464154
-0.600176
-0.73252
-0.699344
-0.732801
-0.591484
-0.609002
-0.0892546
-0.152919
0.965763
1.97537
2.15279
2.77018
2.63585
2.32872
-0.0506869
-0.51723
-0.823509
0.423407
0.34925
0.478569
-0.256659
-0.365664
-0.470386
-0.624254
0.180099
0.304361
1.16599
0.713654
0.687568
-0.157206
-0.454977
-0.550541
-0.478357
-0.359982
-0.301455
-0.530915
-0.501556
-0.74628
0.225271
0.233951
0.306955
-0.17351
1.24403
1.33386
0.99982
0.379096
0.360337
0.209186
-0.62692
-0.75314
-0.340237
-0.163237
-0.0219612
-0.0181344
-0.399219
0.885681
1.65193
1.79767
1.55993
0.478768
0.513552
0.44497
-0.114796
0.701505
1.39692
1.62696
1.55783
1.14439
-0.123262
-0.101005
0.0291384
0.146628
0.100634
1.86494
2.11338
2.29548
1.48737
0.551821
-0.142835
-0.390406
-0.667166
-0.5807
0.538255
0.391708
0.795619
-0.0971368
-0.080825
-0.135192
-0.273929
-0.38259
-0.0549044
0.00386114
-0.0442707
-0.522525
-0.344197
-0.166266
0.0305248
-0.0089214
-0.0293033
-0.0747354
1.27952
1.17158
0.982076
0.132985
0.0703727
0.173508
-0.0340755
0.479762
0.657968
0.57154
0.369163
0.0333693
0.236379
0.0398318
0.00885062
-0.0575175
-0.155403
-0.0903392
0.495269
0.727071
2.35694
2.57393
2.30826
1.28313
1.48563
1.72469
1.42822
1.19927
0.901679
0.897773
0.735533
0.37691
0.374303
1.54697
1.47345
1.09861
