182
0.34301537325701675
0.47490473376311515
-0.7727125420028508
-0.009314635703455957
-0.6778449701618692
-0.1811570304546975
-0.7788037883420541
0.30930973249871935
-1.0016139098416874
-0.9998340023893868
0.39502240600534605
0.48437741063064477
1.3227559127467508
0.615672531859362
0.4270268697460978
0.614095131953775
0.1624878247353713
-0.4837109516045407
-0.7514639363874597
-0.8178053694578123
-0.20226780769666772
3.2635019898192907
0.43751487519317983
-0.8617892509738362
-0.5729370362359962
-0.8482944505328631
-0.9688111653094902
0.08144915312462346
-0.5292787253890108
2.497413275392784
0.2992858310846284
-0.6328227605931928
-1.2040227345566288
0.2523261517618326
0.07975112516152377
-1.1996860964402356
-1.19248038752587
-0.6283941447753693
0.023063155559559557
-0.4533603735556901
-1.0304100306264354
-0.6874193643436138
-0.003858454952548325
0.43962250949964965
-0.3152337342394429
-0.8241314842240877
1.4698396054373077
-0.9996822157002259
-1.3006548734411751
1.3247071563096064
0.12909289914998598
-0.8781888920907479
-0.4295645897218989
-0.47987544778480806
-0.6925430884192715
0.35805493850930814
-0.9485357057201385
-0.6591268482378729
-0.23194948784740235
0.04491867892899063
0.11542790710772083
3.7035440977201803
1.9092654467214554
0.5760449809398154
1.8355726873819957
2.0543522555805027
2.4322286454404742
1.206556994841525
1.4563723089216019
1.2464707104830244
0.5619194548050414
1.814367046674792
-0.03874545818233587
-0.9929057728777032
-0.5739045005739406
-1.027911371443698
1.8879063054549563
-0.4394203939380632
-0.3361052778613729
-0.9710655415456945
-0.7254316869204891
0.0894789069194516
-1.297756685339521
-0.8513206115404093
-1.2429785200380548
-0.38113025195185296
-0.06643124643736978
-0.8234212067634409
-0.786979946202816
-0.5322517990538226
0.02224552536599603
0.7250400374772045
-0.26459786581396455
-0.5999309373817229
-1.005322275299147
-1.4660517895648661
-0.6724112375961678
1.1497398652475515
-1.3110127471814323
0.6521859230445102
-0.7163886957418123
-1.0826072391681636
-0.36257053209553214
-0.8516176981450225
-1.0598178346046754
-0.8574985893313912
-1.1099941827671718
-0.6915460679062775
-1.1299597828909413
-0.9373180018238074
-0.9638550957673049
-0.6455209986958178
0.01842000267066484
0.7723957854516389
-0.76990887934245
-0.777206121105513
-0.6249641669644523
-1.0225677500564745
-0.39440977614824424
0.48130580475898344
-1.004156773974998
-0.25588288199683334
0.043662659271843554
-0.4119796713130159
-0.2989975881429557
1.9688440473582731
-0.948197218020643
-0.3401365345934161
-0.9191998661836306
-0.40671698947327
-0.7440282274891292
-0.36110328789842766
-0.6756710443803001
1.0119736894341478
-0.5438959631436088
-0.5301268410917875
1.3125265542093374
-0.4070533667344239
-0.5508162274553768
-0.5719967908861896
2.8265847145872485
-0.5244475201985023
-0.42804558240725643
0.6428310306288378
0.5430892451357728
0.14610601426710768
0.08294393280428938
0.8287041678989381
0.7423419419543819
0.11906662360887396
-0.1295940948552416
0.8402922436053449
-0.06870848476276571
0.9238060905984193
0.866823041561302
-0.12104117863931164
-0.6712649469606827
-0.6326592802312971
-0.979954708292986
-1.2460627820969088
-0.2908668729168547
0.5868188927995943
0.22346183986174004
-1.2006705761480798
-0.5641843633532606
1.3951658725094471
1.3251556808512586
-0.21248696332964495
-0.0959937574288278
0.8714324032439116
0.4556616831103774
-0.11269845154588597
0.3562193786187263
1.085492189348972
2.4768368150894595
0.8307795361123624
0.3808683755605519
2.261541439945392
2.7978325240050603
0.9247470008879558
1.1898378400084075
1.2815602252739844
