546
-0.589489144013209
-0.5758492925341172
0.05619453953721185
0.1093723812248
-0.2520572101793885
-0.8316668385188043
-0.5188359102120613
-0.8035789459501435
-0.47208366306797356
2.0572537324889937
2.5468165925327426
2.047683392094169
-0.007127044612553431
-0.6180662703814063
-0.26072183386166187
-0.6644820347042261
-1.0574678974443885
-1.0849734796026516
-0.1870622507218821
-0.16125064398084338
-0.2627553503686732
-0.18156471136985963
-0.4188556499124756
-0.7073003110535159
-1.3379166555666666
-1.2887341473448986
-1.0203326462310707
-0.8426931389852861
-0.44161449029181676
0.13541510704191992
-0.1614031581503393
-0.08737367260815919
-0.4246815987380173
-0.2859685690624045
-0.06463569570807462
-0.04359005308548356
-0.5025528952813368
-1.0553821137947654
-0.9901861889256008
-0.44300827614697447
-0.44277356874479873
-0.46506004859130795
-0.8375047613419602
-0.8792751876117877
-0.8764001114182797
-1.079047833672793
-0.9973967841315297
-0.5241772400901549
-0.776450780696911
-0.9327630663907223
-0.889226408569519
-0.2119129487382423
0.3130795519644806
0.3068778376033812
-0.4329049314570081
-1.0204970464514738
-0.46409953882555827
0.18642956131766647
0.7090381347512775
0.4211139906283754
0.34431690258116715
-0.27663808038124493
-0.6117382259661086
-0.17686394940431985
-0.49424461539160774
-0.23131370622286493
-0.5432382812968466
-0.1803129830217453
-0.24117358829592975
-0.8111631164493253
-0.6828239645527427
-0.5529424857892006
3.0004891508038143
2.8970731388576674
2.964294667649824
-0.6735734546748093
-1.2628255295227981
-1.2221322923215299
-1.0570356167074428
-1.0169285476271455
-0.8346230583755694
-0.8760311941608406
-0.894756537517689
-0.7891494729230011
-1.0468131656849688
-0.7583128128995916
-0.3908403012481085
-0.13219679827018532
-0.14097840190658495
0.8763910317027731
1.7029286410875073
1.5907219922238103
1.3293475912458592
0.05616745997194317
-0.2088734970469175
-0.2655503809028827
-0.0810143817039072
-0.333602741942517
-1.0037161113956035
-1.0949841905015758
-1.2104217309005012
-1.2516691470913317
2.6663824061890042
3.1778436921283015
3.747884402599532
0.21764671569199603
-0.2902067149334804
0.30377277045033024
0.3885377880652339
-0.5885722188416361
-0.7040558500526143
-0.8878951073049032
-0.7154057680243627
0.14751625818140934
0.14739317024956092
-0.0970484695439409
-0.7600579304184099
-0.5802809921816344
-0.996347976252243
-1.3862540820912235
-1.3695816361671656
-1.1729548664421146
-1.3298366371036852
-1.0445807426922435
-1.1029482547011429
-0.6648209144701989
-0.495118887199311
-0.16643841902994277
-0.36439235294276046
0.5122242897556951
-0.18073872616263242
-0.2363368575908269
-0.6902810759132484
-0.8493708119778459
1.2208873708618726
1.0283715814048666
1.4476408318434117
-0.501220927316984
-0.7690182132150771
-0.3817313184928797
-0.8556681252303475
-0.7118434764990327
-1.0728881687958558
0.7949484289611845
0.9377963313109299
0.8344436860633127
-0.34979611960679624
-0.7901582314462661
-0.613505147803119
-1.0550037535441226
-0.8634859439280662
-0.9761934378433921
-0.5797506406712798
-0.3108369956106171
-0.37539547540687057
-0.8337816444142729
-0.36439707999927134
0.1851405280021019
0.7738188096243235
0.4818024248552359
0.15358733002117209
-0.5595594285802872
-0.6196847262573705
0.0380508647988904
0.30548842761336925
-0.19499835466610868
-0.3015123473726947
0.21034170099162644
-0.078950019333022
0.34583924432664204
-0.05974205976090103
-0.13277863386842664
-0.20244258088632935
0.5766539536787681
1.4927533191599147
1.1445988318760778
0.3990828638180717
-0.5779827885212541
0.10105126193622406
1.3482529300303718
1.7859168916940154
1.2175534570630246
0.8491590841362662
2.641321176832249
2.554511829668562
2.6995006987493038
1.7372408019499708
1.8103494407548688
1.1826396536835064
1.2973188824550899
1.8733871674191833
3.9381978162028966
3.474055692572026
3.9185425531515934
1.4798091110981828
1.6623884590232898
0.4075610246272531
0.8131898520579947
1.357728400928715
2.5349365107209647
1.3738966658351621
1.0923606042591478
-0.06167509583161426
0.18592090935514644
0.39302276468143665
0.3314254034939907
0.5413598049283262
0.5184299319680769
0.3117415726821019
-0.8303297349957023
-0.9151677791930303
-0.37595963702146057
-0.3057018359874551
-0.05465685523482509
0.3224184260989741
-0.088768936498013
-0.33517216609410927
-0.8942468316469424
-0.8892689968473774
-1.0491216626103577
-0.7444146080741358
-0.8755724093253167
-0.9136518203741305
-1.0335094098494302
-0.9272165522336562
-0.621098969468828
0.20589581822169772
0.1416439815531153
1.0032284188119776
0.411572584373288
0.25036944371915193
-0.0028414672691182918
0.03415765808341481
0.041853505974788395
-0.31277371422511663
-0.36219513709508955
-0.3979842486168408
-0.5384685488638116
-0.30557821344521685
0.0270789959334811
-0.07595483125311071
-0.6627817025092843
-0.9439495129464436
-1.2676759977533762
-1.2117154858236043
-0.957304955658606
-0.9192354558970225
-0.327067332629201
-0.8567132875702795
-1.0955600897467639
-0.7781411440816038
-0.12143203906061627
-0.6934262033928252
-0.5843503716688687
-0.474003083980966
-0.3804499970682406
-0.6327293245182886
-0.7942476833081108
-0.46021675730229905
2.496788146731481
2.0170574915263564
2.1223077241780426
-0.05832525397654002
-0.016046669582812343
-0.1163695846507756
-1.04532207465889
-1.1090623169182687
-0.8100941151754046
0.07320163801854267
-0.17760527319926495
-0.46446656154662086
-1.2203955016543857
-1.2723924717397155
-1.175273580996833
-0.8446816358363041
-0.5662859373306516
-1.014959668505309
-0.8675890094170288
0.5231731983675206
0.4864287816612986
0.8546467980022946
-0.5622585174531439
-0.680941402300435
-0.3129448826312499
-0.7166929355480821
-0.7588423677169692
-0.6036388106005383
-0.7864006766738216
-0.5619362099437788
0.5934602008429882
0.4991173393031613
0.48644579537038196
-0.7411082131872408
-0.8593067764523531
-0.6047790769727976
-0.7494103301407793
-0.8076261977553867
-0.6069722180821776
-0.298768516753236
-0.3043936614734992
-0.2118594945790929
0.3259090288279395
1.0646573065995393
1.0044820611221512
0.9334625245580734
-0.27662034224474474
-0.4472246737536456
-0.4284337666420676
-0.14342986126702442
0.11318578317203953
-0.09444673803495329
-0.23922461064751227
-0.38738898566693547
-0.5922450992232211
-0.6261443260742087
-0.4429097324151242
-0.5286135244998155
-0.617276970104625
2.2092562602041155
2.8055208377497243
3.8782140272577394
1.8789613475669877
1.346890519199523
0.8852707727274494
-0.04499705687832496
-0.114928112147134
-0.03966295627680819
0.21780469936304164
0.2969077326966837
0.016268636282238423
0.5443103238442553
0.7578953717620978
1.2665426158227002
0.9461154553105131
1.2192075956810853
0.9762377389171693
1.0438100167723663
1.4923006847610494
1.2531122885871697
1.325336777919596
0.5862430590357158
1.612614538235018
1.8139726158630591
2.2468953608959126
1.6868019561208762
0.48944741034669814
0.6446744566743844
0.7033962816288437
0.15669151283327865
0.07744067510633158
0.3133075644448189
0.38093258718499695
0.08523950468341475
-0.2495824447027381
2.6616527919077573
3.659935852057542
3.727688997645454
1.557265938183828
0.09924240789410593
-0.3770786801692513
-0.665203560490467
-0.14747179442015734
0.16888789379621963
0.17215002701361926
-0.8927961066246398
-1.000745570286434
-0.8932071681373047
-0.8375919868712893
-0.6969235509859089
-0.1671817128134677
-0.6244319768927258
-0.2967117410726758
-0.8149553311612363
-0.6181076928841005
-0.6512860250950363
-0.3185056558197935
-0.6631799386859227
-0.1508890523912066
-0.19102270232621035
-0.12582272837260586
-0.22815586750691672
-0.674174270628303
-0.7399145008705392
-0.727491110221949
0.6227312800343271
0.8264620743431926
1.1830582989414318
0.3655240775684157
0.09048079937703452
-0.8891044087506217
-0.7229557127994165
-1.0525348518123514
-0.8472876838806902
-0.9084209003612375
-0.7996009687062329
-0.6700576444005006
-0.7539757082609032
-0.6717614564768494
-0.5654615700285867
-0.06840123222469997
-0.2501956789993801
-0.009252242139466918
0.3519932046420903
0.635302168561181
0.8529049236378115
0.7211034804340121
0.8306941356555733
0.32984743918320947
-0.46835108866731534
-0.6350729059862005
-0.8412377912491259
-0.8128123613666208
-0.5176205131409148
-0.4205280724622583
-0.4531074360313108
-0.2828504422331288
-0.21984387634264363
0.49515477775386174
0.26953719540186155
2.1157666016563317
1.9433909993862797
2.0559604270672125
0.13552965604647008
0.26805156250628054
-0.0649356238527361
-0.24146289289975664
-0.22666973318261108
0.11408542090093741
0.649668398797445
0.790450810160743
1.2922248366913216
1.1317541056001283
0.9830995740766513
-0.6067778421985671
-0.8901126263851246
-0.355206959726396
0.15076018569765054
0.25759318646330465
0.16501788328508102
-0.05805109303886241
0.29151070420894665
0.18281033427429308
-0.004019180110083885
-0.34504017365281653
-0.6670627307183798
-0.6320153043999478
-0.28490103883085893
0.33328175658584214
2.499322804857902
2.0089398552869295
1.4646802901578033
-0.9658752486269174
-0.7128768849643173
-0.7795537451531591
-0.8342180679683439
-0.7666145552366334
-0.5097351456536219
0.29756330208088894
-0.1729437888286617
0.04134099556040415
-0.4424774791952342
-0.49989785056328195
-0.9169583185541971
-0.8890592554553052
-0.731374741771207
0.16951061804905046
-0.07335423940693375
0.1857886121049031
-0.4973240183613902
0.32419257176864813
0.18075394758519014
0.16391146759103206
1.9514228535219273
2.198530421789921
1.6119477049563782
-0.6979797061065954
-1.011887592967619
-1.0269729819034321
-1.168302961592029
-0.8557066567179052
-1.3064745484627893
-0.6826307112154356
-0.6427175978113275
0.7930999775114093
0.9534486148637525
1.517583386759548
-0.030555084144086822
-0.3690877276225768
-0.8024378527345216
-1.0441844615798452
-0.474523164986955
-0.6698849213440791
-0.8780563152277308
-1.0634682443019754
-1.1442920779415817
-0.025976107148477142
1.004934776161147
1.1615658318427446
-0.05075486908295115
-0.7397002774657327
-0.969685296876359
-1.0362788914741057
-0.816192845127912
-0.8704223092263834
-0.8677080495072307
0.13348935263843462
-0.23072465474802822
-0.19017560295738647
-0.13944096417608273
-0.4094514152270647
-0.012347773573617072
1.5860303281648502
2.3620579437434985
2.182914420118912
-0.39626368193274314
-0.8142102415226325
-0.7897456864681102
-0.5461384481682161
-0.5283534258021043
-0.36747209647858364
-0.6865977101129721
-0.4839883568043637
0.3919281545515353
1.1958293479680042
0.5184462848899831
0.14260853458488496
-0.599865607575788
-1.1211804190145929
-0.6104124283103931
-0.3912253909174061
-0.20941316248575043
-0.025747163048293265
-0.42089291889342595
0.27534580557239485
-0.13300793191681423
0.6461546158253252
0.09341031213573105
-0.19347960198562547
-0.5964884048179319
-1.2440350383640983
-0.38661738354244635
-0.41950025151487486
-0.18731327506114387
-0.23699708188191856
-0.12639583991328096
-0.31725560748105625
