182
-0.6935484189531008
-0.09009546683204431
-1.0339124789961989
-1.1694104638409741
-0.785015694580777
0.7715985662397363
-0.2942295887405958
-0.3793344016121838
1.2545803463205325
0.28709295231267146
2.731085648725162
-0.6505521758143705
0.05704632220292385
-0.49826505139744254
-1.0067056505663463
-1.0811057741476973
-0.4109436035530338
-0.6360085998014909
2.220489787433421
-0.3316618366928926
-0.9111074135590939
0.43702994768137154
-0.36881504270269977
-0.10480476579891737
-0.501558721344057
-0.8107547261404529
-0.7377405571418248
0.28988634631171073
0.10205473002164737
2.0585915238110877
1.164874351887614
-1.0296681542041324
-1.1892442685344546
-1.2426386079215288
0.9581049071364727
-1.0309453017784111
-0.21625567710774418
0.12188430785402037
-0.3609431113867481
0.6913054046735273
-0.7092156576633554
-0.9738121526689352
-0.27417913855872506
-0.7681148706411889
-0.47334506725102904
0.445758121168338
0.9644037176751907
-0.23165520807701603
1.311945126833062
1.529907355034371
0.29810934463754873
0.3174045894105482
0.49475248702953595
-1.4954524616173661
-0.38609072097248837
0.15550300027086617
-0.31398828845134047
-0.1394877863103576
1.3681686839923797
-1.2494007383918724
0.9205783365099139
-1.5198015008639232
-1.3644783306903148
1.174375366909992
0.1445729863582338
-0.06655994872029174
-0.5179933110021134
0.38333081488342086
-0.011013575332795494
-0.3596254847831104
0.313066533666387
-0.3606677260694328
-1.069222775027864
-1.1228197287889128
0.12399803038765725
0.6269568645850621
2.4893733816696617
0.7812489401957539
-1.3584181966786926
-1.6717697845443038
0.5151584308730924
-0.9624068981328116
-0.5581843389000589
-0.6401271404371838
0.3480291669970059
0.01557477979372935
-0.25844586045247014
-0.5187469249202552
-1.107895931021935
0.0294935522782362
-0.7231384807111215
0.26578677926311906
0.03925609765487003
-0.22024046505975559
-0.3021842066300007
3.3574205055480246
-0.2553854417506218
-0.8677582065998409
-1.1231216495872516
-1.068837221564101
1.3704193242835496
1.815237511399753
-0.5247515008192292
-0.02391382741166866
-0.7744763965979748
-0.23594229793463284
-1.0490712727750142
-0.44248110596509266
1.40159837926752
0.7842149348943362
-0.8010517320112354
-0.8825252312313773
-1.2627069397424513
0.023471561647556594
1.8295803380585982
0.13660032230774408
-0.9895167395383514
-1.2772279822785098
-0.01762773077107036
1.387168459207935
-1.2084341032601347
0.13957405542621817
2.252237926310511
1.3619361985983145
-1.0439995620359281
-0.7521613687375536
-0.6047118080398695
1.7269797107053568
0.17074988909793629
1.1388630922732128
0.8234248410409816
-0.0004672064694335193
-1.118012891968377
-0.9154436075427812
1.4301888463784391
-0.07171626982279782
-0.11564838982793324
-0.26681451184815846
0.5333915165396546
-0.5329635611960502
0.33806863467897147
-0.3758369385605308
1.2784488818364583
-0.1621972833291621
0.8481046565239966
-0.9298061550935927
-0.9325345559836373
-0.41724770777636894
0.6606768804131985
0.7072365662760147
0.29104860048429143
0.8429041152400845
1.2836322564650988
-0.8920496996141869
-1.3472970067704166
1.067943583539221
-0.6957348668250124
-1.5192072712324305
-1.0474634128222629
-0.40303940005503713
1.1222003644519516
2.7185177010701675
1.2109199161143398
0.49016575119244954
-0.14349316900738382
0.3488710443366301
-0.6178586440645607
1.4539421526868928
-1.2198048379151154
0.4719547219923066
-0.021961786640216543
-0.962914852019555
-0.6447437963180506
-1.162422326762881
1.7994918660299428
0.5142890191439977
0.7857706624750954
-0.8250245515101454
3.3795274411415854
0.5241950918722232
-0.26347815437923894
0.08128827488701393
