182
-0.058409022130382904
1.9267777344063008
-0.8501342911419602
0.14197292535913522
-0.7089492732760714
2.624545645455985
-0.0926632501173736
-0.34440483603159233
1.113849939081572
-0.08953594946789353
0.022232905205951944
0.16070327717059407
2.611326015507552
1.0665347306483641
1.4226260001496729
0.5302503900118714
0.3077339340581005
0.4613736940035181
-0.0874345272550661
0.2049477985610866
0.45050596103181384
-0.4679038047225682
0.29645842574839376
1.306843085443588
0.4764855484238604
0.2856160267691727
2.8837961166952804
0.4936794590696002
-0.24465145934859442
-0.7722749324542569
0.6628217981535397
-0.3316872588277878
0.1876395441805597
-0.47151861136592566
-0.4359798279499955
0.6179174384443135
-0.15434591972942371
-0.6744590570664316
0.2126601773598301
0.17744504867746644
-0.9730133786520361
-0.6701615887877622
-0.09969588041211458
-0.5035058088352992
0.4608276122161707
-0.8926450679721175
-1.1085029002078506
1.0907363727831192
0.28786032622315755
-0.6791801850168085
-0.28617601302798606
-0.5820303953361631
-0.35788244551235254
0.40941327591703736
0.025470500063402693
0.24808907492632123
-0.09743044121733599
-0.25569961179620193
-0.5900033631484928
1.752031461783779
-0.2370998598601516
-0.31649547690089974
2.2511467971892176
0.4918037311961209
0.7241624603344242
-0.20877389851679218
-0.5110853868632481
-0.4202995668764304
0.5939350363327631
0.14886911842653658
0.1344078667986532
-0.31497627805257633
0.7265436474331869
-0.18536344774654337
-0.816760656789456
-1.2039152985783474
1.7557331241524843
-0.2660902673403738
-0.693652482894038
-1.0383371278202254
-0.5266369878712852
-0.23291643646860274
-1.1211317230948326
-0.3324808164788139
-0.7506059109776742
-0.7246092115209725
0.02130803894684627
-0.9749527989952066
3.037926839375592
-1.2855438013758387
-1.4496509773197934
-1.5567905017217556
-1.125399937522822
0.3672002056459681
-1.1384401705350564
-0.4649809785390015
-1.5681208203520554
1.245372772069588
-0.9680714938434068
-1.5677300518651278
-0.9002148711834507
-1.0615609767054515
-0.5984167293041713
-0.8442521570026029
-0.43764211634881744
-0.5754984807842202
-1.0320052714249381
-0.01929969988691596
-0.07509487329535577
0.3365549113373749
-1.1145885619439648
-0.6718008531550927
-0.6855425205145614
-0.29231057920729137
-0.3327965176537719
0.3398481829418309
-0.7222765828336789
-0.7938367800459426
-0.7295092367709043
3.031978162156825
-1.011939363448135
-0.32169071011638806
-0.40820182314788467
-0.25097096196087015
1.525128287251843
-0.6383999163736925
-0.1446139523616711
-0.9857952021208964
-0.4625376422811337
0.09789405150929965
0.2792873930247057
0.12472825869870341
-1.2038080508338922
-0.654768622398879
-0.8563075071437639
-0.11669397317307016
1.0581926263967316
0.3124071263360244
-0.7942513363202595
-1.177817230843904
0.8514941257732134
-0.08402905855884045
-1.345678226885019
-1.0182584245426078
-0.3440630704308182
-0.3727709258601958
-0.2059636688112406
-1.0385463761691398
-1.3413819543912453
0.6582075994965897
-0.7918183483644874
0.19578194554716447
1.5843773022899705
-0.039582247376212534
0.274701035776519
0.08583321622228092
0.485349306318216
0.956162940799927
-0.14577554742365034
-0.4650274174746699
-0.27549346137941033
1.6146103247464374
0.3409361713857579
-0.40955191514806216
-0.765022679072113
-0.23699161675240377
-0.16740688270568985
-0.03768818219194227
-0.35585914737724
-0.00884387712906162
0.14391637915810027
3.859344964977886
2.961658868978343
1.6623093791281187
4.065044987431707
0.15145833897515631
0.01155744687015967
-0.5130132397926895
0.18015370993206228
-0.49583867612124927
0.1492854341698811
1.496455153010446
