182
-0.22406412880748228
1.1513225460857477
-0.3444070405398375
1.3918442860138744
-0.4682855765092212
-0.7387281576983152
2.2725342195029765
-0.8294167081528554
-1.3265212892353373
-0.7080629319097999
0.6264526750764778
0.5455115387146797
1.0587299137221542
-0.8255017636731631
-0.5444157451354765
-0.3775346741463496
0.2590169454441927
-0.1610441568763702
1.9614901735990877
-0.3737924994698543
-0.5225789764822505
1.0031428522760428
0.5630246303695872
0.39855497314955185
0.684119009075596
3.170939041363058
-0.026391079195398275
-1.2137084323976732
0.30902641795829494
0.1932508262199313
-0.4499315567012232
-0.35542630555149357
0.9941569766373708
-0.7572358727521733
-0.8820308941026921
1.45177947991569
0.021141913550799654
-0.5864186596615822
-0.2528985177604184
-0.2539161636047112
-0.8003965571139738
0.24912446265770882
0.6676632025995273
-0.7645521571661408
0.9288079046081709
-0.970118329466334
0.7853641195732173
-0.16455776637193925
-0.26894793336729844
-0.8292689667467373
0.943740614384949
-0.2568141267915715
-0.11065365789656931
-1.4912119457423483
-1.090263356524835
-0.017356969238004512
1.651304229240309
-0.18441269262815005
0.5729512718870815
-0.24313604471385974
-0.502035638280817
-0.48824765139314197
-1.203503635252254
0.07135766969677086
0.6957019990572889
-0.6674378667071679
2.28433141728315
-0.883904674570932
-0.9653882806670331
-1.236807725172424
-0.6215806310210207
0.778420102709189
-0.7646075935911237
-0.10776370298005428
1.2058671432636197
-1.0216335186120153
-0.8273520859300821
-0.42214747217624454
0.22879820589310348
-1.0370873719736224
1.9651078403003495
1.1881539650493798
-0.8172444813590117
-1.2926964145798923
1.4474441971986076
-0.7282753456936001
-0.59766916635293
0.5609689208448588
2.7329663672118167
-1.0484660839922277
-1.375022218002711
-0.24065116321491423
-0.505537522412033
-0.8982463201549412
1.330018463636878
-0.6451351715105106
-1.2647022430793249
-1.0163550960041003
-0.20948209285523983
-0.027147195298241267
1.390082060178668
0.010610823989071322
-0.6512605796050972
0.4583121253980054
0.9460084475300267
1.1029303609399126
0.0076357838058652835
0.2934818901906621
1.7983592333757892
0.08246168962144985
-1.0723765693861584
-1.2168528321119476
-0.9961362528245538
-0.22171384877323666
1.0268743955142783
0.4769907546295363
0.3059653851800022
-0.5304457127396651
0.45753690037019057
0.9096027223053093
-0.5650740909762836
-1.3986788314010346
0.3390520891041423
0.06153954291968545
-1.0956548397644117
-1.1179673898250835
1.4236776807166536
0.2427272864030987
-0.8343997648426752
2.340474152987409
-0.5736965033198389
-1.2595519361124146
-0.8721770381201679
-0.9816392434138607
-0.18971268339907113
0.38608057189908335
0.05315158685903335
2.9631307235449538
-1.2070378902855294
-1.3956504826366674
0.41972082832238844
-0.20112819687764832
-1.0983061191893997
1.5612243116730309
0.6543253162778231
-0.47985801482655016
-0.9119235388309512
-1.1172496797284253
0.13803746792397895
0.47482411645586126
0.8804545685235101
1.742432947983114
-1.2815062314963825
-0.7028907098000554
-0.8665809890764407
-0.6696538734410068
-0.8645921156572873
0.7246187541154825
1.4093886775789668
-1.4741253401710803
-0.8418166343595154
0.9069312886937888
0.04531186313762405
-1.0949920668124877
-0.44580667941599744
1.5968393000885428
-0.12939987068657943
-0.9013167220529545
0.5319025918073219
0.7245461536510175
-0.13670723756765263
1.9723949597861428
-1.0346311664383472
-1.2730762242159912
2.14449946127853
1.8179802392764173
-0.28708014937257537
0.26347456558606286
0.7852730343154345
-0.005375193698963818
-0.5366405484209098
-0.8501833810649526
