182
0.24304922031245635
-0.32522457521601666
-0.8483042996668877
-0.33886775049339074
-0.3005280760116634
-0.12720370423448726
-1.0288732999285493
-0.2520649061600253
-0.2538125800958448
-0.8848332889085321
-0.4926491226971219
2.7469661373524445
3.189564281316664
3.457484210786968
1.4414545827539913
1.516764605358831
0.011872440487318217
-0.25530714173105706
-0.5785400065446118
-0.007697047538737339
2.5009026499245435
-1.0132104041353809
-0.09617206118802053
0.7628140562202117
0.37804524907158193
-0.2897855291609201
-0.413708226078494
0.4409989955175008
-0.41616853166347045
-0.6411071049890918
-0.34343326047770995
-0.38687283623059215
-1.0723351694782277
-1.073093227380257
-0.297307010870639
0.1105646233370419
-0.9249717470736234
1.0513258679428916
-1.0627348135238959
-0.9911587807858898
0.7647407204394349
-0.10130438119427655
-0.09648374336941522
-0.294893296640253
-1.0911034847473027
-0.5195285354701493
-0.49257974937365445
-0.7130660138413161
0.3613511644557955
-0.4918430423230628
-1.0019802131391005
-0.45389336673500064
-0.3912941686138108
-1.034609194657592
-0.9423117771088022
1.0416148065543127
-0.9933242416097707
-0.8130461591559287
0.0038259603362380285
-0.7349243692329064
-0.7299266816783747
-0.9938269412000542
0.7798039687705909
-0.4078659407468184
-0.4841576971160412
1.04519715056146
-0.9423252303434752
-1.0719863170576382
-1.1274797206557383
0.00533566480864962
-1.0794379579456752
0.137142048482662
-0.3203011219098736
-0.7184690243841185
-0.5758350837716176
-0.5720736574349192
0.7913809294303705
-0.13549478394271383
-0.43924843112070794
-0.9299852662862572
-0.25381301173988746
-0.4929581928324384
0.2100805100491338
0.11124401414319225
-0.394355628442415
-0.6228918580439227
0.03965430704965345
-0.9370232026347098
-1.0763762507884613
-0.8867812474935359
-0.06915549001153336
-0.4729812636337503
-0.7517081440835398
-0.49793448545232044
-1.01748849011233
-0.4511607659365625
0.32986616546704783
0.39082254133592365
-0.6129164918491219
-0.10901523620154935
-1.0139059675556077
-0.7838171922049625
-0.903660827353463
3.108301520182601
-0.33716108455987015
-0.011274665450839933
-0.9271684091407182
-0.5297501133259727
-0.543768976820661
-0.3726020825479269
-0.7651294716264174
-1.0389385797698238
2.141599915921826
-0.6462149766634276
-0.33357713767218544
-0.3497296708909575
-1.009591378646296
0.27025715053187194
-1.0686010356988982
0.9252401210622215
-0.9372724487122529
0.4647459519194315
-0.5190756735211804
-0.9313383727707013
0.7608888321433035
0.2417060491959399
-0.041554080205975445
-0.5994410471922087
0.5066916227820146
2.030070637337722
-0.4936866842379846
-0.8019602285627019
-0.8570036271703022
-0.28059639658987173
-0.18322042596104507
-0.07927461765780934
-0.11947693490576558
3.062372286257949
0.02129358033568215
-0.7112405426048259
-0.12990592644632054
-0.9736039773340883
-0.5652848994216435
0.499114742099762
-0.7212527817498966
1.1283894222859436
-0.7032608677820982
-0.5988648198649024
-0.46753393856497877
-0.11118717313092182
-0.4779760047904797
3.7627933768646504
-0.4157435698552213
-0.13073867547371723
-0.052193638464693215
0.10148373452736852
0.22505681599378163
0.3477012888825698
0.11390933855922687
0.06478720103129523
-0.36234406384490686
2.211472664398213
0.5516443294001738
-0.025588597851153295
-0.17261970973198265
0.14916704611704193
1.276788069991608
1.144943858072928
1.1515781503946023
0.89429908263264
0.634524105152068
1.872776060069181
1.810174006452649
1.1812727897436657
2.885740095119359
0.8866598975012618
1.193294162047874
1.687244714337423
2.2202599201870807
0.5512688697760444
0.2932809017315588
0.9185959653457098
