546
0.8138134897174185
-0.220413121037503
-0.3537078178762462
-0.44895743457653237
0.07036631478153989
0.4671781623287326
-0.033813574787355784
0.13469036637063905
0.4695182294784751
3.324899647672913
2.8368648907294682
1.2112815861621848
-0.15151038389874008
-0.975473482394506
-0.9868725789653007
-0.8876849106176762
-0.8651443664609443
-1.0752273778950643
-0.8363804715267718
-1.009132879694181
-1.2232047983592425
-0.32458131167313836
0.322894947013324
-0.016017857227567673
-1.177885157588282
-1.2460871996088916
0.747643852073591
0.8897855383969546
1.313701871557508
0.680146074829049
0.08543130606321203
-0.165242353015649
-0.36012690992181867
-0.22494540676050093
-0.5895438853475317
0.017171971502192556
0.33639698800153084
-0.18128778034210993
-0.2444987772374587
-0.2823251784913054
0.05657369018165536
0.4303801144964768
-1.2532937202289214
-1.1954665386321768
-1.341192591143002
-1.0290994558074045
-0.3701944980746859
0.17356961371675475
0.4764942731763315
-0.13720523621296724
-0.4731310079960486
-0.45036200230158047
0.26013851516474445
0.691679899409067
0.45844018538287606
-0.46935631264243827
-0.8603871254006737
-0.26312039732268344
-0.6068821251450639
-0.3636849612414714
-0.7030746294452556
0.5276685151199431
-0.32338976196843916
-1.0471493838703816
-1.2266210646412747
-0.5519896173638167
0.4593174249834337
4.605292657447809
3.745674040358134
1.1952750774818584
0.22855038368718167
1.2397331758908121
-0.2994531177065186
0.018543825318244247
-0.8680187785449339
-0.8620558822494546
-0.9060453930233355
-0.6723861800379238
-0.7173544256353737
-0.05755933001921967
0.3120161962772627
0.38893862663502843
-0.45005877184097903
-0.42645539003174293
0.18638580631570223
0.32637266054188085
-0.18396910545929626
0.03378132915619095
-0.3812979987206107
-0.5817319141419928
-0.789876234404205
-0.7158766652169097
0.07074851472031882
-0.12121426052481175
-0.42502732423244954
0.9669128954313669
1.030094221761873
1.1860091317515593
-0.4186020074450763
-0.3319658891187323
-0.04864921957532947
-0.41325277748222583
0.10170242430971922
0.591964220574063
1.1354071533215302
-0.7834425728615054
0.19705054872259212
1.2476088422590903
1.9923537840775385
2.0252750072386823
-0.33664317162718355
-0.13187097704780187
0.19467611156885914
-0.10339643816611652
-0.33715349975928344
-0.8004438457468755
-0.3508074426560214
-0.041887524929690126
-0.5130016644370646
-0.38145057537304217
-0.5851510488125976
-0.6536686704033189
-1.0909775059605682
-1.40953199998831
1.5160182741681607
1.615974868060658
0.6957481282473066
-0.772681767246028
-0.2571063218248824
1.3747587763207307
2.040437575422961
0.40372784448073373
-0.7257116572736741
-1.2765114144639718
-1.1073722602556253
-1.1397240851901191
-1.0955802632196137
-0.9886901111462141
-0.6785948479214002
-1.0397085390111453
-0.8887832203106647
-0.6516824601832879
-0.07802723523216738
0.9474414521966259
0.5200242779340564
1.2232624838173203
0.6209406351921872
0.3242685175298588
-0.4124001506395258
-0.09058891053600589
0.3269933182232627
-0.3601308796777009
0.19840825802492582
1.032559730676873
-0.48658483957034127
-1.319635088011438
-1.1805645829245779
-1.1073028016999775
0.554229918994225
0.13300096242570106
1.159138170821711
0.7003345879872395
-0.36481195824483387
-0.20944397508952203
0.16510054258995088
0.970804654642527
1.8055625582431565
-0.8416252631190105
-0.7770024768414204
-1.1252519185353609
-1.1014771077704484
-1.1930123545253206
-0.44082659986043327
0.30925293042661806
1.7227149734606957
2.6418006046862414
2.5748214922339603
0.8077949934436887
-0.6456972673085828
0.27750405288938385
0.016134888312905184
-0.6010614146132002
-0.23686778713086962
0.13985991972364462
0.43829934501213885
1.3365199982360496
1.0913797756841566
0.1368923414417616
-0.39490397402211214
-0.5943314996627581
-0.9960761777402628
-0.7832086488519905
0.5061705099918138
1.3474731311752841
1.645615460286279
0.22008410790893546
-0.6490915073870703
-0.7913374364044106
-0.33912458591852646
-0.17182674424866531
-1.4179724145925536
-1.1594579310176698
-1.1525174618390115
-1.1326363389923686
-0.45416781457150956
-0.7602097930197004
-0.667859914927117
-0.30222824843690715
0.3888524356565875
0.4051840791428296
0.2684462509010559
-0.10903299237146855
-0.19955652038142027
2.3756919641609335
2.7242802039948635
3.175218672304587
2.4329204987228863
0.20466898632828942
-0.24050965405770783
-0.5347881942179438
-0.9710124523436924
-1.2488485087240926
-0.6075747397988462
0.2510666089362606
2.865594235059572
1.7882925756809627
0.7473915866219322
-0.522056580877638
-0.27047610225829044
-0.12464377977266837
-0.12236536881419606
-0.1902105390490671
-0.9064861573234974
-1.2123906084654184
-1.0475348534959483
-0.9322923957369849
-1.0480757345126668
0.06090372256125888
0.3571849412293689
0.09130442210578635
-0.6645447765548732
-0.9448140962183488
-0.3853452650042999
-0.2233254195499232
-0.23040371450762884
-0.5977012176225882
-0.5431615684841566
-0.37871739241543495
-0.4547676400892558
-0.19829375643880237
0.17146571149976345
-0.22769910228502713
-0.5554313710574008
-0.9752311852985233
-1.110529733862949
-1.0251064166743198
-0.17282760626698776
-0.10316937059817068
1.3580730418693112
2.7076985325418828
4.948105581848877
2.3046182489964737
0.9109671634794846
-0.7404758230893076
-1.2172886291355431
-1.4495818944597627
-1.4239965783128996
-1.3152002022381468
-1.107024977103215
-0.2803291913171367
-0.21870880407155074
-0.13718105835891345
0.25239345824880804
0.6706085254967648
0.3051127501531463
-0.733359862696071
-0.7389336663511373
-1.263444515353525
-0.6401690215356036
-0.4179923235850943
-0.5135254009343069
-0.3000935899182808
-0.4487099830463438
-0.21533254549623998
-0.1800801995166115
2.5306651648821816
1.1894680835694416
0.14628917204685063
-0.7222210682579092
-0.5055910439823752
-0.4325944995924065
0.295873055183704
-0.8238560362508303
-0.10667337709004564
-0.9531643742750611
-1.057502537815474
0.03593326068882732
-0.09862741541347651
-0.18177088891216622
-0.9456711212997018
-0.7263274519038303
0.018454422621294053
1.0596809430528442
1.0419911215996367
0.2665077580872487
-0.23545877976122687
-0.3918521273329216
-0.3121456379836114
-0.14968218780083176
0.13890474536981096
-0.28623209161067925
-0.7339857471236774
-0.9139649280938418
0.47065583826106977
0.5598300845222616
-0.03800431134300924
0.5569418691458017
3.0289328883787583
1.7977710614084466
0.5951701230427415
-1.2747645194905297
-1.2039596506618166
-1.2355927123517765
-0.9455419547051301
-1.0688375926571345
-0.5972318592171857
-0.9385297064084983
-1.084336931995446
-0.7220915990816452
1.2306538755746155
1.1273980529474146
1.761176647801572
2.2575460862030594
2.199828309152534
3.002973935600682
-0.6641315689227459
-1.0196796979342184
-0.8552517837985055
-0.23429392838194524
0.1287266574172527
0.19713356358396286
-0.12753601699309877
0.7359828075064465
0.9948817951333175
1.028412242030892
0.9477054429780304
0.18974228328755358
-0.5169003275483889
-0.6202981769731205
-1.0092259178602856
-0.8917490576802745
-0.9129954788067782
-0.8651903264575717
-0.15369649024740237
0.17209783585275587
1.1622247869845428
1.2351674953346874
0.37423674084815967
1.9809110063170114
0.1767077506225804
1.6595857061387211
2.312305131685907
2.0304688948262073
1.7359821443561676
-0.6675134207835689
0.5031467476006923
0.15427886552180578
-0.3998265967240882
-0.4160652272284827
-0.11840731327383425
-0.1712346002532721
-0.6295191169664164
-1.1402721038088532
-0.5287730409244474
-0.7942381452256903
-0.7494626844381423
-1.0984078359928842
-1.126459707642218
-0.7484671737996932
-0.36915154963074265
-1.0035382134295001
-0.9429218975915284
-1.1378863225296698
0.10249033346655793
1.7519585891932936
1.2179533026192348
2.0206755817028874
1.8528416977318098
0.29207780208049816
-0.269819528805854
-1.0458367462566525
-1.118395010933664
-1.2389292128030236
-1.2721524619654925
-0.9849191829564792
-0.33884215388227773
0.1976056655711969
0.1070258800552292
0.08321344862016272
0.6526364285343697
0.9010018793332669
1.5308480494382204
0.16588689501770912
-0.6141039905336336
-1.0650077273423437
-1.1967615315190478
-0.16394248248225346
-0.36186405428940527
-0.75657239263586
0.8132847855236616
0.8715654185604513
-0.27081309167025475
-1.0877121121296962
-0.23877998818861945
0.023703874760653384
0.3797370284212722
-0.13261725987207773
-0.38983886254195826
-0.329885186780465
0.7900485836170704
0.12729853119584517
1.2632401156592072
-0.8490719889500548
-0.6586271475916966
-0.4683072783447277
-0.6123099142700591
-0.5883267881169219
0.5842499229636738
1.8342996841521328
2.271786110470216
1.465336236907676
0.3436367333776502
1.3659399107634882
-0.07203454314906181
-0.5983921423758429
-0.6499889366350623
-0.4096003242040558
-0.23381635767429496
-0.9041256369113786
-1.1532387722986013
-1.2210366356062017
-0.8842899999012866
1.7055050092356778
1.9412503802505818
0.7512311959439888
-0.26124771429566657
0.24091222214340427
0.24786878029164355
2.445561486877641
1.411239569265908
-0.35030470040848244
-1.1229617696355123
-0.39034758112505935
0.41122869117216876
0.34142815125552134
-0.6329794375198142
-0.9833643138851147
-0.6871792990281201
-0.5611611677426878
-0.2046721851309621
-0.6204433868181007
-0.834097203424205
-1.2225015683959017
-1.0058419393963278
-0.9805926771583496
-0.636738065850692
-0.4310804944820547
0.18187330932734622
-0.4328626980427152
-0.0862741567783094
0.9665912019632991
1.2991318884635465
-0.38610995318265634
0.11261249681743744
-0.4153969550875953
-0.791533083364407
-0.7683819411488785
-1.0344441334321752
-0.7078188220355219
-0.8320371225808313
-0.5560944075511155
0.08350949944450173
-0.4084506286288998
1.4406661620829033
0.9339794757342549
0.4454187063724643
-0.7478666162379046
-1.1822162982516466
-1.063172109523279
-1.3129217818861985
-0.9154221991956265
-0.5472327000264151
0.6547117352396571
-0.140649647128527
0.17619160495413572
2.1514978454066616
0.9357154601059299
1.4390194634768994
0.6133735561111068
0.26672489936206717
1.3539067548192285
0.9793596015259958
0.8758256750300158
-0.3564016872104555
0.2523162815182518
1.049470909395681
0.012807107456801916
-0.7104537059518028
-0.27082267780783265
-0.4285060381107877
-0.540300346805493
-0.7738981238756034
-0.2362279172079344
-0.34014947847548527
-0.24437146438265722
-0.8802029676670754
-0.9110282149781543
-1.0072704528609084
-1.2145586246775126
-0.23496180966454394
2.0231038318998094
2.044058646772289
1.0084042395832693
-0.23720888101213436
-0.0046772908463527905
-0.18014673660705388
0.13692306336683846
0.27649899139739553
0.7656609698970952
0.4957518073658103
0.29767319356217725
-0.04641210557309317
0.5601152005515931
0.5816016056591031
0.5977701267683929
-0.008050001159106876
-1.0504467620072395
-0.0484546814084616
0.6493208635716278
-0.16223996326440046
-0.7509421168226155
-1.080644773555077
-1.0244318660319087
-0.9241623968574562
0.5593001708050972
1.4750302608985755
