182
0.540106
0.716149
0.268601
1.60353
1.04783
1.42403
-0.485433
0.324119
-0.0162522
0.679991
-0.608087
-0.125914
0.851654
2.77436
1.09515
0.378436
-0.0483597
2.81636
-0.511038
-0.0340985
-0.306229
0.676298
1.79187
0.462603
0.791599
0.308159
0.428029
-0.120708
0.241709
0.49311
2.6626
1.00096
0.971127
0.0783368
0.345982
-0.00510892
1.4857
-0.361468
0.144347
2.04355
0.352871
1.49258
1.92486
-0.130644
-0.26636
-0.121312
-0.164344
-0.445985
-0.0430479
-0.567119
-0.798456
-0.0260895
0.114338
-0.143287
-0.244351
0.865564
-0.330422
-0.643665
-0.0455376
-0.365792
0.325696
-0.674799
-0.635002
0.23245
0.243739
-0.152654
-0.655743
-0.257005
0.0870463
0.31707
-0.289236
1.04559
-0.489205
1.27387
1.01358
-0.534484
1.66347
-0.704905
0.444921
-0.187165
0.0133147
0.629926
-0.477162
-0.302993
1.53223
1.4726
2.25407
-0.304395
-0.167921
0.287437
0.22929
-0.557364
-0.68993
0.353531
-0.20796
-0.628149
1.39663
1.54072
-0.706672
0.442672
-0.827794
-0.275134
-0.754842
0.164793
-0.440719
-0.295626
-0.576605
0.529559
-0.539789
-0.625471
-0.767366
0.381217
0.0509598
-0.199114
0.406331
0.293408
0.293926
-0.268246
0.914285
3.62823
-0.215603
2.24327
0.171275
-0.168615
1.41113
1.9565
1.33723
0.855352
-0.184442
0.721782
-0.110868
0.0238473
0.642509
-0.499165
-0.637599
0.916802
0.574621
0.384762
1.26352
0.737932
1.58102
2.1996
2.06285
1.5963
0.112094
-0.909222
1.1757
1.0787
-0.0655411
-0.303716
-0.501637
2.62225
0.250602
0.376097
0.566467
1.61996
1.35622
-0.29646
0.312333
0.35369
1.28151
1.90376
-0.220292
0.665495
-0.45091
1.35661
0.963592
1.72585
2.43833
1.89349
0.861434
0.85664
0.614578
-0.433728
0.528602
1.09625
0.0384927
2.36439
1.75164
0.955558
1.39187
4.17632
