182
1.45452
1.22073
0.916699
2.0158
2.96511
0.250266
0.723961
0.457525
-0.478478
-0.318959
1.49308
-0.205497
1.75546
1.93656
1.3978
0.0415793
-0.214719
0.0255943
-0.455577
0.51991
-0.562012
-0.211569
-0.273864
-0.112482
1.17285
2.27712
-0.612948
-0.00273779
-0.0921657
-0.454071
1.38164
1.93482
0.045284
-0.351665
1.44694
-0.544141
-0.504386
0.947688
0.308362
-0.0861327
0.0237877
0.764681
0.914979
-0.268121
-0.272059
1.90489
1.87028
-0.396114
0.355653
-0.0885909
-0.224
-0.0333519
-0.14161
2.16837
1.85301
1.99814
0.113913
0.362432
-0.163802
-0.658517
-0.18595
-0.441906
-0.304322
0.23284
0.0808997
0.172795
0.932327
1.08662
0.298013
0.114491
-0.439638
0.570631
-0.406011
-0.618918
0.332957
0.0314784
2.05439
-0.073965
0.0172368
-0.181041
1.24847
0.104896
-0.491955
1.13242
0.0101169
-0.410836
-0.252806
1.78365
-0.367958
-0.447332
0.171795
-0.400253
-0.46017
2.93445
1.84996
1.3669
0.92755
2.42426
2.02112
0.107334
-0.0570014
-0.698255
-0.266525
2.00244
0.746412
0.128753
-0.540772
0.280046
3.25425
1.07761
0.890242
0.32291
-0.317641
-0.0318934
0.630692
-0.447973
1.45695
3.67446
1.77752
3.58038
0.439748
1.17459
0.63198
0.41184
0.24741
0.375958
0.178694
-0.298915
0.146474
2.7917
0.0379175
-0.186919
-0.418353
0.24183
0.170672
-0.0777058
-0.152546
0.471939
-0.345068
0.440982
3.88592
-0.445769
0.677989
0.264754
0.0121156
0.582308
0.989117
-0.281485
0.253556
0.0543943
0.350731
0.726068
-0.369117
-0.530648
-0.395605
1.50451
0.139078
-0.270523
-0.212724
0.130052
0.290945
2.48323
1.20994
0.0351092
-0.0769143
0.348929
-0.384943
1.71674
0.0813288
1.93628
1.85655
-0.0701
0.313532
-0.360997
0.0629348
-0.490508
-0.33846
-0.365391
0.604886
1.14842
-0.0836837
1.31601
