182
0.75229
0.207741
-0.17952
1.1114
0.728249
0.107605
-0.561903
1.25685
0.842303
0.38272
2.57916
0.462488
2.61951
0.88335
-0.503795
0.0625465
0.0613487
-0.207125
1.85344
1.39795
-0.324019
0.118947
0.449264
0.125799
1.89659
0.528026
-1.02658
0.994331
0.00293776
0.801943
0.68323
0.944171
0.426578
-0.816777
-0.680026
0.14275
-0.25112
0.313846
0.483516
0.81929
1.2402
0.901742
0.866085
0.354701
-0.39033
1.68151
0.056106
-0.928609
-0.0682914
0.551008
1.74694
-0.125611
-1.08103
2.24743
0.117884
0.588295
0.900958
0.205137
0.204713
1.39187
0.490422
0.366108
1.43766
0.35439
0.960857
0.990637
1.75772
0.446978
-0.281851
-0.228391
-1.34534
-0.277376
2.4544
2.15212
0.37288
0.303111
0.580751
0.975134
0.324237
0.403838
0.585563
0.62838
-0.0663662
2.04328
-0.86471
-0.340692
0.765648
2.17135
0.133728
0.775185
-0.103832
1.14616
0.571001
0.77518
0.191586
0.674111
0.787937
1.7658
2.24671
-0.701386
-0.165311
0.152882
0.335127
1.20656
0.257008
-0.197262
0.223622
1.47814
1.48726
-1.23899
-0.805726
-1.31202
-0.608786
2.48153
1.90843
-0.943722
1.33661
0.643674
-1.08736
1.88228
0.485462
1.37155
-0.665202
0.582466
-0.571361
1.12671
0.0143678
-1.06407
2.02113
2.63396
0.181638
-0.623079
-1.18775
1.46996
1.18664
1.56381
0.726805
0.878896
-0.162971
0.624369
1.40185
-0.848554
0.903771
0.816487
1.15303
0.528118
0.618333
-0.707584
0.868336
1.22546
0.517992
1.50891
0.209714
1.10367
-0.11631
1.04296
-0.756476
-0.460412
0.310895
0.172735
0.639565
2.75168
-0.590111
0.815021
-0.082104
0.735308
-0.444327
1.23336
-1.04563
1.74488
1.19359
-0.313951
0.357945
0.288097
-0.469564
0.43896
1.23915
-0.0484776
0.604902
1.3825e-05
-0.508117
1.22501
