546
-0.31043095357957484
0.5564861160244077
0.531412508553439
0.7123283183172691
0.8272521846159455
1.68703832825288
1.8729602473741234
1.5017996684719026
0.34559018468287916
-0.5759552479982367
-0.25348052407857363
-0.11502998116018191
-0.1912337709437409
-0.13759300493114798
-0.21388435717474177
0.2503376876826604
0.45957204488828557
1.4348482442030863
0.8530122738318741
1.3444315257471744
0.8474477677779306
1.4331356581820738
-0.1995091777697617
-0.6319699490476987
-0.38989947938836533
-0.4678214095377877
-0.5364541744510768
-0.823583571717338
0.23588449378508938
-0.04990351518175698
0.46472028626055534
-0.7890898980394588
-0.6114891447230488
0.9240920260686799
1.0798881238467466
1.218621855205204
0.4638089858800063
0.280260344584272
-0.5459455735751544
-1.413501704729858
-1.2736176900494738
0.18360828163711074
0.670308259859635
-0.013859344380688027
-0.6879842606842094
-1.231369871469347
-1.103307196221604
-1.020524910039165
-0.4014057094266501
0.6361555482180158
0.680284470250408
0.876013798903651
0.05933084085079481
-0.37753440834201607
-0.6955862806817493
-0.43269005468015237
-0.328285834644418
-0.8053365519453122
-0.783468830134424
-0.9405060100055277
-1.1096808797775997
-0.6590094698977802
2.275784019102816
2.2728598789075014
2.2555059710951424
-0.2083364994160024
-0.7575000341994813
-0.48354978194095816
-0.5270772439235776
-0.7427275072348826
-1.3667270072263822
-1.5932842131487868
-1.3186754670391942
0.1278394962281727
0.5245635938688441
0.4368732575576556
0.12085479587900409
-0.4137180934522639
1.1002158958961632
0.16747429049770202
-0.10596361955178674
-0.690345394723836
-0.6981405887575116
0.2514489464647022
0.751750775673034
0.9628528036850703
0.13978406277833916
-0.615561972983443
0.18741992826500378
0.6568595772858469
0.4592423914685317
-0.5253145440530792
-0.35793075521007767
-0.5134444446990882
-0.7909036783358294
-0.6003433482267634
-0.19066859026906968
0.6569041330907788
1.3147386445754374
0.8756368866615308
0.9389688892339927
0.5459508021878053
0.6297748204281455
0.5655422174451601
1.1384599291370543
1.5412132336280484
0.951806645024408
0.6784685089753725
0.2743582601355476
-0.14313609279952233
-0.4933533107359516
-0.5182019027215498
0.3893100244559055
0.2874276077493146
-0.19207100885423078
-1.278272361649279
-1.2202918927897008
-1.2473791970731232
-1.0489632640797146
-0.7849862856461672
-0.7630234211190191
0.029614710006137045
-0.0521715174504586
0.7615841903840149
2.454227254668205
2.0093161606881957
0.8781045194152959
-0.7819799157712787
-0.31377511373683
-0.9818692075285053
-1.1453212958688148
-0.9722669500073073
-1.1314735225567905
-0.8271548170460497
-0.45645650819019956
-0.3774388829120932
-0.3362514075496663
-0.16915408399436918
-0.014885085242865744
-0.7573300373459932
-0.8165238502823692
-0.8825918824241258
-0.6833956503854497
0.04309404439939812
0.07446610372277572
0.8500443179391137
1.3340207927164331
1.607765128240557
0.5895191686205273
-0.8034577952808301
-0.761528265307235
-1.1083241487818
-0.10570041979902854
-0.05522142509946649
0.43188137271237803
0.20730196192322325
-0.2923595828586449
0.12648497155198846
-1.4257989734339978
-1.6570334579901682
0.33102519834622063
0.9147632649136133
1.0802080731484927
-0.30798762265013874
-0.7161798362333669
-0.7587316479135702
-0.7530235154271961
-1.4012615816322331
-1.3398225518134887
0.29536514264872443
0.08357436330674095
0.08008623532570076
-0.008787360649051052
-0.25538248509359524
0.14254760379899253
-0.3240941205285194
-0.6924866884289411
0.05700096463698991
0.882926195481005
0.32523646431338366
-1.1696287544634965
-1.2421039231873816
-0.6249499610322033
-0.8759514575186759
-0.5245870082225778
-0.8774484966667604
-0.8008114020928048
0.7293330527812119
3.1517378643726817
3.914549759344673
2.721626756493817
-0.02599853205751323
-0.5177919038150425
-1.3898815029828684
-1.3044189819390049
-0.948029475505404
-0.5743822164989753
-0.1313756565398828
-0.1030486365430964
-0.12180061231858068
-0.8524682143402055
-1.3145572094727869
-1.4307872329354268
-0.21604366218875193
-0.458227178511572
0.37189345088911285
-0.20071243079518256
0.7850414740725936
0.49683125848348914
-0.7166956410773785
-0.7163918646762492
-1.2038841541085403
-0.5879893822930545
-0.15165750797793662
0.07713070259533185
0.6152565182602112
0.8632682503164085
0.08312998997425929
-0.7764773650200604
-1.1093569742377158
-1.0202174159418183
-1.1709475421462483
-1.28749472903864
-1.5088928400879666
-0.8360828293944509
-0.5333113262151683
0.1327603276583152
1.8314617286055215
2.5853398519921598
0.7643310563683299
-0.3371580877398681
0.2485898558752001
-0.31928905335442115
-0.42504988452459413
-1.3458768560038719
-1.2905737579138754
-0.365748401334608
-0.25662247095833524
0.11894079590272197
0.08565966412510831
0.23614839778176336
0.11684200008329956
-0.9724618364816087
-1.185471222177639
-1.0930701354786294
-0.7315974965717879
0.018943711204790468
0.8311010114962153
1.0949660554612006
0.25855728293888536
-0.8955445987130167
-0.9417388137242237
-1.1088811571323496
-0.6992108222650505
3.0073495655294495
2.27714176470234
1.9852944410263094
-0.39684250180152003
-1.1914982711861708
-1.6149173600832927
-1.5623773875788416
-1.2830561333011683
-1.4039820390786164
-1.4204646104623542
-1.2524922071334064
-1.1653243526761214
-0.7968111624197406
-0.4581901187587783
-0.68636711529263
1.2657584951770153
0.39190164227909463
0.6627863737064811
-0.5494879755949622
-0.9307371460636443
-0.8371595309252859
-0.7314007136879157
-0.7559688798665584
-0.6974684543827709
-1.3346498791213524
-0.8481026851810388
1.4510852898634936
2.338037455646038
1.374243987758569
-0.10682761726484276
-0.8071959897823137
-0.9096662111665231
-1.205775426645338
-1.0695418129459502
-0.47956839752800623
-0.31856454098329645
0.3211451504396265
0.41225068550985083
-0.12136415046096308
-0.8174303490476336
-1.415981148142029
-1.453121526811926
0.02593176391238414
-0.26179168486472393
0.14731654958647045
-0.42661767590373006
0.9453974396279426
0.5171605547257737
0.8721244149917908
0.31505888455490577
1.0710485660402265
0.09065779191936692
-0.7854036681767023
-1.4852436466139451
-0.8858895368142867
-0.23890640029677945
1.1260911654460326
0.8145200741358437
0.2571669077167636
-0.44167038201620457
-0.4671618525162015
-0.023937986139366894
1.8777093725375693
2.0671019443696372
0.749113549326523
1.9543824708809099
1.615484816631623
1.432176216452564
-1.045659533209131
-1.45611606636245
-1.477516702987351
-1.2009964067301535
-1.197013620764788
-1.39101716904552
-1.142148795119363
-0.294834556043161
0.5636275310150844
1.119757658287964
0.4824303597531823
-0.09399951245716294
-0.40734436629738763
1.3274938883005796
1.561415962923582
1.511973452829379
-0.24227352253642687
-0.8384443559427182
-1.1286786130368427
-0.7478460176417395
-1.252614236320475
-1.1535541016980162
-1.288946424103941
-0.767840693698287
-0.29306154434326104
-0.23611947749207993
0.6845603121830038
1.6792818643526701
2.0923152609695346
3.1710633497669947
2.2685925167144463
1.5740558524530082
0.6106090554864453
0.47499166387044595
-0.20981002892561318
-1.0788979770277263
-1.2314092881628145
-0.34664528184639914
0.4053943318599895
0.3199750762564458
1.1116633483252736
2.502080052060592
2.96314038276073
1.7153580346556632
-0.002522319695514709
-0.7954464091067287
-0.19544863161875567
1.1972059223953075
1.0365912240802881
0.5936330788596749
-1.2964861809718042
-1.4148957862319826
-1.4344719454143884
-0.9894700781418071
-0.659439385617224
-1.0025607682809086
1.3612416320607978
1.0788542763541504
1.4913416629840006
-0.2680167280076265
-0.4435499470602147
-0.40025213590489944
-0.27711847007744767
-0.1121641181080311
0.5712018974066935
-0.45719668293707794
-0.013528220724880705
-0.7655246188570692
-0.9307543797805307
-0.7911304071705495
-0.45661332769302115
-0.1818103317503248
0.6322540706572001
0.26265479755017795
0.4702533268879619
-0.01692910948214384
-0.36668095188989197
0.4433925608032366
-0.12091529599216759
0.8808878699054743
0.12869845462359894
0.32105159843060216
-0.6910633749024322
-0.7641747426597477
-0.5840315079133167
0.07494558867062596
1.752234437433077
2.0333848121081504
1.8901195006827782
0.980313254132953
-0.7546812919687614
-0.8161146750524939
-0.687351845456372
-0.5370299060251823
-0.44685112804653637
-1.2109243349930534
-0.30670711157058417
0.520915525780024
0.9565075435814024
0.37728031743657736
0.49763521916148273
0.5633641328347294
-0.24388953665021906
-0.6305147727382904
-0.6869203708363331
-0.5209697043128484
0.32044537648032845
-0.2752199918318748
0.09971621887681244
0.33612575966611247
-0.2664456941210404
-0.0031359321170014226
2.247528750390301
1.4218722317171277
1.5961900734477974
0.10566305130249035
-0.5032921967907004
-0.36212506168136605
-0.7332542829517431
-0.8407205895385004
-0.5360518987249924
2.845395418719282
3.599952202591781
2.2867030598327456
-0.1464864324580863
-0.9391920980497619
-0.7891845191402213
-1.3828361827917377
-1.2195539469080103
-1.5473698780052147
0.20073335452462474
0.47957373424523114
2.1213792636174853
1.9908948186954967
1.7240453514944474
0.3543200904466175
-0.34138420895411126
-1.3847843859927331
-1.4666447202348056
-1.4721625293954017
-1.227662187587884
-0.9321143330332855
-0.17620688872921922
-0.2164919360736537
0.08518275636062035
-0.5917664405528236
-0.584190432469454
1.1255539381027393
0.7496086170820112
0.5784983423625044
0.19502025830202144
0.890697964250195
1.2129838044197896
0.33421975704472173
0.3385943978830112
0.16025333671335187
-0.01390191710896552
0.24592424625583692
-0.30172565922219846
1.1857719758282095
0.7789333315017842
0.5929723538922186
-0.08124709411951017
-0.09040867280248871
0.4440866164982028
0.07288914740888233
-0.007311522283961102
-0.6771603864805359
0.15893390906997423
0.6118006669247827
0.61175088812804
-0.05919377123908304
-1.2884167193279732
-1.0487726067347822
-1.2075795528070197
-0.8429345036518568
-0.05690979483407619
0.4530380540663974
0.5091986115139703
-0.08338139657741957
0.45236147637981655
-0.13039949147358704
-0.2467175519270623
-0.4976539680283615
-0.1638659271889527
-0.19905171971111507
0.866279329657094
0.6022798481913606
1.3512238770932155
0.5617525466203811
0.8699963061109334
0.8128471293426329
0.361338063797127
0.7406610536824302
0.9374114300549874
0.5689332298291305
0.9864766270372128
0.034165091943542156
-0.6145215030054539
-0.918979233848622
-0.8505507060028225
-0.27678386814359535
0.09377558349428279
1.829325250259215
1.398194613209689
1.7127850142931083
0.3834447608597322
-0.55643743358192
-0.2839963195281994
-0.2656669456636946
-0.37612361255587845
-0.6304355176425207
0.9885008844454818
1.4728959405534479
2.200300825435339
0.13447743697274178
-0.968724546622834
-1.5260700630587791
-1.2092621096457217
-1.496996601210613
-1.4139410545810904
-1.3263634708423242
0.4777559507446983
0.9974800743076097
