182
-0.8962887403518557
-0.13666702811883785
-0.25534667370649133
1.9382926901435644
1.0377392938950276
-0.7199530788755913
-1.206716074150959
0.765083158495511
1.0633932431651303
-0.34112767644303416
0.2927771605765439
-0.4573756091383931
1.0419784704323234
0.47797343831206796
-0.004002994883065192
-0.9932317297647023
0.17084724801162016
-0.11484148596076815
-0.5378168825988237
1.5398092518261846
-1.50574149428477
0.4070126029046089
-0.25435670207076916
2.6645860723840262
-0.27576936621168135
-1.176938491668239
0.2810037556029593
-0.4259387045856815
-0.2304138077006623
-0.9536313383023536
0.8718244080847186
-0.6540780767411665
0.9530601884830178
-1.620636134678219
-1.0496789200155874
0.9022572016951088
-0.35696212049138826
-1.1701276648264187
-0.45114364090193665
0.4662907970880753
0.08183616150834022
-0.8974465836087775
1.6802579304197238
-0.08028924642929883
-0.668027772132896
2.401754191311555
-1.2224954052175947
-1.7464737707316749
-0.5686674575399262
0.14924002190647848
0.6033823686956017
-1.0485776568064185
0.5231476890039777
-0.9021526073656742
0.6501823308082534
0.6505694906309115
0.7116727929729528
0.8927234377906864
-0.6575304176519046
-0.04622482043812832
-0.6034538608491846
0.13035511551150344
-0.47240820584953697
0.5134079188226198
1.9925284243673234
2.120802249960246
-0.6187205514951836
-1.5243901106818836
-0.5977677995204874
1.2474203620533644
-0.9943977350367775
0.31983490078621085
-1.1600198520830634
-0.4054563501461121
0.6010930676192464
-1.1846876729393734
0.9544424759446203
0.4129147657172691
-1.1509083328410823
-1.1593386044812928
2.91581743926538
0.9579593770750021
-1.0759697575538778
-0.8130446681595521
-0.9273218978908203
-0.2441673803305087
0.8427307302735555
3.686715466619792
-1.4434735891318895
-0.9208333299224462
-1.3571544631099182
0.3845771951650883
-0.3735408143521689
-0.34219261031971215
-0.21745674695677922
-0.07142840248631234
-0.1805883378487158
-0.1085251394812759
-0.9647738308535223
-1.1901536349079573
-0.5379774690269591
2.031893223407792
-0.7576867965896829
-0.26668141437320836
0.9685751528630802
1.1618466795363895
0.7940612789719439
0.7046433387889935
-0.5056630688594516
-1.2465315314432017
-1.0500365992960998
0.5172542526592554
-0.7501559601407268
0.027650135845659427
1.5735495758811968
0.05138729741826427
-0.43550712973213396
-0.8351781904117707
-0.13839294494411908
1.2758434165878854
1.5884570506224667
-0.004243469798644017
-1.0742106406833334
-0.36330534889595445
0.611730848611232
1.4046493743653639
0.37944180377067044
0.04825595461151783
0.7382367577284552
2.8235342535761725
-1.2396067287267192
-1.4184764612111667
-0.7560152826976918
-0.08545997884179819
-0.6661994835387963
1.2929260102727353
-0.7772029692815533
0.03596433351988534
0.5317526478924461
-1.1557132642238557
0.011728534988288
-0.2872237066866947
-0.4456971545837835
1.1388570474296116
-0.19123585859944994
-0.9034482067742026
-0.8708348769047773
-0.2073849357278513
1.1464699408907262
-0.13609207999594844
2.7030749122893383
0.047295661050817686
-1.4506555941883454
0.7423062328725313
-1.0755131550942771
-0.380135093290017
-0.9790023092320179
-0.2155006942510857
-0.3341575152698611
-0.4130981004836142
-0.9592315911491698
1.6783503223135758
0.1317401368710473
-0.5385611985046228
-0.6414395744783561
0.2408889318615857
0.041805216186737576
-0.058512841456941966
-0.7543505597161436
-0.1716969400646745
-1.0504637587694554
0.9358722847280101
0.9569653940960715
-0.5577600026531934
-0.3408886503539541
1.7849627592286132
0.7623665972027611
0.42180261232401084
-0.02026170858296778
-0.2273761208853775
-0.15537769876736734
-0.4464463437911418
