182
-0.49094220692038865
-0.5491028924281733
-0.14534128172006736
0.050980437522641496
-0.5784749666629918
0.3231862340149111
-0.6642463972978888
-0.5243760138420647
-0.3933199622727717
0.7270799059400881
-0.6046908681182032
-0.4277287208264544
-0.5583544680832145
0.2502066435632143
-0.2522512905994302
0.006942477963708639
-0.5521401797909554
0.04854998204192459
-0.5393704894864999
-0.37356173045027746
-0.2822288637357421
-0.6974604374041189
-0.4026759110614451
-0.6030182527222372
-0.2529916753714215
0.08781701537578328
-0.7090229545770063
-0.6774721762461005
-0.3973099888030667
4.865874561204068
8.161927601831767
1.0705050361395574
1.1100385407910414
0.21445725972071727
3.127614927651828
-0.0778742315784674
3.824498003675336
-0.2893444731188012
-0.2544886248012601
-0.4592100635901291
-0.48709363056389154
0.5029852800441973
-0.1631593015534241
-0.4118707777465063
-0.7081393752768538
-0.47793042566247046
-0.5039857509374834
-0.40906068819271446
-0.4990741826427607
-0.1956918848177919
-0.6719036404249059
-0.23334752098465764
0.03876355963840457
-0.27479273400543597
-0.6657678816357065
1.1872421973419434
0.6069226938355604
-0.6549435972556481
0.00510993428630247
-0.7162764168991862
-0.4699289084548596
-0.733785990103789
-0.5541633409963551
-0.49405842221525076
-0.5124034208302087
-0.6326185505167602
0.0480926131052983
-0.5103921696479901
-0.5476768187738978
-0.07053490632898562
-0.6178174572227
1.4655842372942982
-0.31781106367894474
0.5694907822240192
0.04826406194083552
-0.7156105495990108
2.6260670025285973
-0.6100399926225577
-0.4192518544975
-0.03295590856550382
-0.5260333892034391
-0.509219442729495
-0.35709629314253816
-0.17300738637385787
0.3239741624120342
-0.6658064094467975
-0.1926182394504166
-0.5345865346632191
1.1220107832125321
-0.346399473051327
-0.20796413913465317
-0.47287485276872343
2.2139189597399622
1.0535795082533743
-0.5216365345752476
-0.5235718200900435
-0.47539072630914075
0.993802918808749
-0.09098904543411705
-0.528979362662485
-0.22901077906994446
-0.44332780892835605
0.8609261080642495
-0.4058360604496125
-0.5046487462503888
0.1707659035895697
0.6965624487069899
-0.45077815399563637
-0.6285194398244021
-0.2233586742776782
0.21440847635006113
0.28948026818482336
1.0949600569595395
0.02235927140536043
-0.359080989007952
-0.2647111181431314
-0.4716617748427405
-0.3394563136880507
-0.002820219392129207
0.7757475538491772
-0.48088386500128605
-0.40582274554380426
-0.560097470216709
0.08960461321184607
-0.715183733419452
-0.5303401789478646
-0.30223529504271557
-0.14395135338354056
-0.5701000901997698
-0.3967929600784519
-0.020532409271588954
-0.6120859502231978
-0.43602629784910274
0.14077610029302698
0.3172059523575922
0.5346696570678574
-0.2846498227787001
-0.6755638707663433
-0.6290963799927665
-0.44413777951023037
0.56352776311006
1.6595162012353857
-0.7326448726196004
-0.2568969574328664
-0.5602533407946504
-0.10500609429637883
-0.18908910004888577
-0.39108021795196823
-0.4040539104869935
-0.718952840048195
-0.4273999952058799
0.21989225442876947
-0.5442647912206405
-0.7125145137208905
-0.6034828830068851
0.4557443029300868
0.4447489106088051
-0.6007404320757785
0.44946160289023684
-0.05175306339843019
-0.43706343863006475
0.8151594551820247
1.8037477086244362
-0.07476770570764683
-0.033419514413912985
-0.2552168194201721
-0.4648875356391547
-0.3462467338683409
-0.46155684621137283
-0.1922017561832571
1.6425265232639905
-0.12239757868019331
0.2097533934157387
1.0791183171219545
-0.11231606666549694
-0.1400493744081259
-0.08081263838469817
1.1692997180370142
-0.03766972818259121
-0.26511880070707644
-0.2374036090090871
0.8897814887218257
