546
-0.3965086197166667
-0.4860347913821237
-0.5784384365025548
-0.46664616417751176
-0.2780104494520181
-0.4976538137597726
-0.4538799163708155
-0.4634533536342504
-0.6596507867693681
-0.6676894762465122
-0.22408235303617968
0.07379891894938524
-0.10490770894452128
0.04031893729337081
-0.28700432261488723
-0.025090985803465193
0.1633337027583623
0.04675609395803321
3.203024330316963
3.0887402510442716
3.3174638779886
0.4258060577057736
-0.051404749694057394
0.5210756103703951
1.0404065109031448
0.7707913660794803
0.8971815667181595
0.5953372014964476
0.734258343572538
1.8431521926398835
1.467554313368327
0.926167360567461
0.1434168643514265
0.8460191579179103
1.7623848341322663
1.4893781693427945
1.9626743748605346
1.2972117711654978
1.458105557994549
2.230196953675914
2.591117076369157
2.2624222064155384
1.3462789525775465
0.777751357533425
0.6564536763311091
0.2524125160997755
0.030663194824016447
0.3206305496503651
0.2777207986998976
0.40604793838475434
0.4170025231287086
0.021534500033554654
-0.008537267384055835
0.34610743893772794
0.48910878995235774
1.2027028434122182
0.4283073106934393
0.44828703363433436
-0.240208673753697
-0.35640735412305796
-0.4626377742274805
-0.22384130286485832
-0.31345302352280274
-0.3273308705003675
-0.23274933814565713
0.184980724240943
0.3654578018724448
0.48248106637048693
0.30799090945217134
0.2541936544474836
0.25313264493126625
0.3872838836219249
0.06371780303577941
0.3809471630731799
0.4313964896877193
0.6607387545651773
2.096651697934645
1.3576855389955298
1.6529859361273145
-0.354350381347084
-0.3930129629070332
-0.6211901741162877
-0.7843143856918645
-0.9030181304036945
-0.911658980220605
-0.7894588681528402
-0.41373204654345547
-0.11316233709691624
0.19136642477126922
0.15356296961781923
0.343264018126562
-0.0019423024536220214
0.07259947314553276
-0.6518979605782496
-0.8828092069460625
-0.8090165588778341
-0.8656445927027773
-0.7595807040661189
-1.0611127796167317
-1.0863216644168274
-1.0212647495305784
-1.0421764373407814
0.374863163050934
0.4361299196084929
1.5648786455116186
0.14862355476356298
0.028778425779389993
-0.6536168781388092
-0.480293732229051
-0.7568704193991539
-0.9022104336648522
-1.0092163306277062
-0.6759821798440396
-0.05660469786652419
-0.29647516570931376
-0.608183922236596
-0.48809199107404205
-0.47425847667281806
-0.6947032316263885
-0.46248480923209984
-0.7431644596713647
-0.7288842096501317
-0.07814305546500763
-0.2582954590419478
-0.6363749662189111
-0.6446318844719037
-0.38896350966227333
-0.562046437116753
-0.49358806447210113
-0.9697806716451532
-1.1896594344892866
-1.049580439847452
-0.8196795723965364
-0.48524077978161034
-0.5035482490609616
-0.3038760157298079
0.5347113133204761
0.7578825307715111
2.8048870681360203
1.8633039898771393
1.778514994526323
-0.8170596425799641
-0.9080477097917662
0.09932763346662986
0.05980302537488653
0.2217946524940473
-0.5518021986731921
-0.7564391465336727
-0.898896960108497
-1.036894304244194
-0.9577415512978048
-1.0572517242821675
-0.22759293339183753
-0.8076410807195645
-0.3342755261782393
-0.435178855102258
-0.10681831573176212
-0.6517868558763447
-0.17622330061719516
-0.07812509562939444
-0.4285893690751056
-1.1148501548079528
0.06696140059686734
-0.06699702842924621
0.3904122821782338
-0.3639109502567543
-0.5510407266150844
-0.004416131146630962
0.10338064930259597
0.01529702343497976
-0.26600714666327513
-0.5495133704437285
-0.5862632199526135
-0.7905906360822793
-0.735863730480994
-0.8039335890572196
-0.849708916517734
-0.6394483609127315
-0.9527542074947255
-0.6260327986341163
-0.7785178589487447
0.12228487513396226
-0.005121509218627701
0.27527664238778077
-0.34206502255794907
-0.20534940507706229
-0.5439928246829943
-0.7153812962473916
-0.8733093437723377
-0.19406674953045952
-0.2824661834941995
0.05308754004431105
-1.0513439331230392
-1.0129896565801144
-0.9243712272864488
-0.752701386296517
-0.9649334562146901
-1.1098329188251788
-0.6966913830169138
0.20441389175929126
0.04713697846120039
0.8165393056650011
1.1715556898944732
0.9056409691390372
0.5303394779573186
-0.3571946455208498
-0.4658018382814943
-0.49487959551923777
-0.41534775779485894
-0.36527251564303365
-0.3746303441164787
-0.34692003665582544
-0.6152550713813569
-0.10704234130198417
0.4586677449218341
0.8157166470116364
0.19662198094848457
0.7441412515439465
0.5812467108989939
0.212895666051631
-0.0171759034903274
0.020336729029964917
0.0739441794201275
-0.20945576139771868
-0.42573904649497335
-0.6281500835082955
-0.03483220539276554
0.619980884189772
1.3349239815024756
1.0656888762654462
0.5968183372584026
0.44366384009715376
0.42529243813667195
0.15259620942974642
0.09998651344196822
0.32488886128039207
0.6139221649325494
0.434235919068391
1.1039144115382387
0.42400276209601867
0.19428513039919637
0.0053981649434783245
0.24076684007351837
-0.09793273274662499
0.11263830496900869
0.19565054599371157
0.15925760423831112
0.23155375232063433
0.12430006770465173
0.6696156293432899
0.974282705478129
0.750858339113615
0.7458005148403481
1.3936961227410094
1.351830684524134
1.5283784663847102
1.8463653051169098
1.2300700658415522
0.9569965356511795
1.044635352657596
0.8987454254921208
0.4952236427094217
0.40227486331225315
0.805620595072068
1.0714006331281238
1.4004544563574883
1.8468917070137318
2.352405653376391
3.9319394661330387
4.268446609444986
3.299047308557577
1.0790776214824516
-0.20149490739526416
-0.35110995946032236
-0.3598439879367169
-0.037059996909922455
-0.3424038469992828
-0.62387353900876
0.6954524527119844
0.5051391755075942
0.6213717141664764
-0.4973503805502598
-0.45134179713089206
0.462058250173064
0.5388254522960707
0.8968263357976377
-0.20187992456425108
-0.6323914006391703
-0.7855134232324973
-0.6257550595572994
-0.17762004981718654
-0.2506100604697784
-0.539384889939109
-0.5736200965402984
-0.4197919190477659
-0.6720478746620618
-0.9026909679380348
-0.2931793702363312
-0.6239366263532172
-0.5244843057620955
-0.6639424217671347
-0.5997634554524879
-0.7469826995108318
-1.0288023183236297
-0.8186493910491544
-0.5011995261842288
-0.23404988364617976
-0.03376123943575717
-0.20669694898546737
-0.18993548873081112
-0.24995271695155238
-0.3479769837886282
-0.9446106758598317
-1.327938165553637
-1.0560913770558362
-1.0131069859250366
-0.7954573653973659
-1.0084315806980975
-1.0929687953258076
-0.7897950193525873
0.6203460655671796
-0.10247698834466552
1.1286328661239875
0.08723151406927473
-0.023970816071365503
-0.8779130128406303
-0.49129277917692527
0.1011728179402265
3.1244014599464824
3.4399092488248213
3.0322054270674537
0.5178654145540502
-0.5509181175269547
-0.6093343794599504
-0.9400714537049196
-0.9711895436666904
-0.8517116990592457
-0.9351921323610273
-1.0565585483689983
-0.6353262237368753
-0.2865738244341331
-0.017827923811676544
0.701739660860895
0.5977724521562955
0.019419186255724974
-0.9487759510134934
-0.9327700613206913
-0.935124062872032
-0.7814207393579127
-0.7292666644621454
-0.4403225397139176
-0.7500225656440292
-0.7954974442891231
-0.7788097082365149
-0.6373701891098951
-0.7003628890578718
1.0045428924563895
0.8850481703602512
0.6587075133775984
-0.7268871224482176
-0.3527624267879212
-0.43405816251050383
-0.4523701246843362
-0.017541444012425054
-0.29484889895383476
-0.5481303664781765
0.2286182529054314
0.022204682742739637
-0.06098923951245377
-0.8250876624935007
-1.1628971800999144
-1.1387990184096164
-1.0450389518036831
-1.0902445672473369
-0.6537072230314629
-0.8566161687891206
-0.5898265062631288
-0.9031447695884345
-0.5751272700836536
-0.6930777032572745
-0.6533125362547862
-0.33696827590429673
-0.5832628757651382
-1.1904837111265305
-0.3055543162649712
-0.1639660896702924
0.7939477224610935
0.45978265592550943
0.5178646296682188
1.064639906040489
3.2957141052377774
2.57970108971606
1.87460020471928
-0.6361041293833885
-0.8356528426450391
-0.9823143402910245
-0.96667617296288
-1.1663068547916045
-0.7375648539419973
-0.8638374597024535
-0.9112373438410761
-1.0657736038515044
-0.9334700725549258
-0.7282046166490488
-0.331299984418153
0.7365424552543115
0.6838096773288294
0.33638811496595467
-0.16304264319083242
0.1319175959722966
0.2768746426400591
-0.1602412576305473
-0.20064467532553054
-0.7167644950845404
-0.7007070945555949
-0.9869353439589577
-1.0514742135915272
-1.1029370171719188
-0.5138881218958818
-0.7130340613610021
-0.9462110752227743
-1.1212720808909928
-0.7944675594954786
-0.6202917847309813
-0.5985633107140284
-0.22640716414634432
-0.24153550356450562
-0.2590240650400728
-0.675767567159374
-0.4668650515161643
-0.47406146163974167
-0.858594610545738
-0.8945984159011923
-0.9273714555592797
-0.8226773663208633
-1.0027370333125023
-0.5483890192925147
-0.08455209021284839
0.26996885759412814
0.15541483230866643
-0.4542577354661398
-0.655489105956763
-0.47239504294288803
-0.47557011548047107
-0.48976718698139354
-0.82942482304016
-0.9850387369799051
-0.43121577193649413
-0.39318805996954753
-0.5239846196843938
-1.079717710477551
-0.7524772351204739
-0.36391735678151327
-0.15675362215932387
3.381818155049925
3.185640390723209
3.6291461767659303
-0.2907741049133644
-0.8396204617302627
-0.7614725569105356
-0.28566758966324507
-0.3653055347751833
-0.4813021050793071
-0.004148714746659915
0.40877298431865466
0.1059000946387815
-0.23895359166173605
-0.5478772472959317
-0.6802425859284343
1.2332685449091638
0.859758182880746
0.9513766177907914
-0.9806110047970164
-1.1224302628081546
-1.1321622428950038
-1.1344561630288366
-1.1133091473202144
-1.2910622804684566
-1.1734737554608003
-0.49195849617414233
-0.5651758842377633
0.8431558997044303
-0.07086742625452401
0.969939587144809
0.05288195199685441
0.24339439904020999
0.1415484815333563
-0.13737375610286612
-0.328817933289966
-0.9872320518359603
-1.0449323967143267
0.2707322692885808
-0.06158912938614548
0.07639773395922776
-0.6975028415489408
0.9130427822510236
0.7546426513739967
0.38708442771894996
-0.4892768825299717
-0.8348300445215766
-0.627686093459011
0.22199960972066274
0.00462259294603692
0.0629079306723414
-0.8822029970103362
-0.49178074592736376
-0.6926868130564088
-0.6420982036753791
-1.0321897311417336
-0.9431506206845643
-0.6029631212761688
-0.4407723418772919
-0.600857639669805
-0.875459078904769
-1.123474722070593
0.4230902785293872
0.33922306266177465
0.2910596498645696
-0.7717467750096729
-1.1995053272754788
-1.0797291573887502
-0.9748896894281334
-0.09430871020501248
4.426811147444545
4.904081557578694
5.184259094287697
1.486909127345418
0.6129763387507476
0.9461239973865169
1.2935614582098331
0.7989021216017975
0.09884357885720789
-0.23781628256220996
1.4279646315680639
2.2646062899078063
2.7787859366067913
1.5608363100998375
1.0121651343086633
0.5118160410189412
0.22276181942097567
0.07272556743771841
-0.16563626095607442
-0.5096202369812327
0.2995305052629229
0.4880935153231723
0.43761580445744114
