546
1.023375604000756
1.8155811780322995
1.2104683765941049
1.1235186616018773
-0.18501513507518336
-0.2634319483589177
0.7876905266948515
0.8899688988866271
1.9445908317734728
0.35024496239614333
1.0866884702103639
0.3143861206535129
0.6059148344725711
0.32784062118848456
0.44098194635667787
-0.02718127118634686
0.12534176189992746
1.2023809288379124
0.5305368487527485
1.1962531293277934
-0.11114136818414617
0.2822644199058468
-0.013551015420946694
3.278356697336705
2.8338722905231157
2.7257684898704397
-0.5171581598526221
-0.8557068313210815
-0.8425493336775065
-0.7802133364378707
-0.6215545799190969
-0.7084734583638373
-0.7215740675275084
-0.2985427655250893
0.12075670586967358
-0.3949029902730464
-0.2743822509636101
-0.3041360840367704
0.8341058270912171
0.732068322511675
1.636634479250223
0.9123173854521358
-0.01916653750006911
0.08601288401843862
0.5485706464910761
-0.06615289195010716
-0.1550930295594057
-0.33023199742251813
-0.5262812506947369
-0.6372888178720365
-0.9761892155870012
-0.842286165854717
-0.25109560381095897
0.4567595490066783
-0.1995646462778996
-0.8849906820752584
-0.03583958463496863
0.2550997291940718
-0.4206679289331521
-0.7698884383051754
0.22378512978521567
0.4979711640824957
0.9346791287028757
-0.4592475543330756
-0.5719103986050501
-0.769568281868699
-0.4918633528044555
-0.5672141156666878
-0.5459259118855411
0.34581955850589063
0.3555107271184819
0.4907242700358897
-0.9694672871800316
-0.8365561976696427
-0.7040162495485144
-0.607592852327258
-0.869648452012597
-0.6593829979292589
-0.9013772180321432
-0.6289905110393135
-0.1368918896577244
0.47121001774720245
1.1635790749118178
1.3275400395958916
0.9314461600093858
-0.713381431120416
0.10424949717307086
3.581655113882622
3.4959773706168193
4.286240675238908
0.9381447030724904
1.7454318984276804
0.6707022804214732
-0.06084776761324011
-1.052075700093865
-0.6959595731690154
-0.5856556058457998
-0.9944890886277222
-0.8990092106354122
-0.5568501154616079
0.540232047035169
0.35919227717262264
0.1548408855702192
-0.5386125352371397
-0.8669939441072491
-0.8695725909479932
-1.1230516771108403
-0.506372742307652
0.008720124296553507
-0.21473252583521862
-0.6844361779236326
-0.7446719719840805
0.32521266757175077
0.11453885835073405
-0.4035981966936328
-1.3117405540003075
-1.4456754123982116
-1.6427819941778292
-0.5225050174993626
0.1348583288413991
1.1293547874410652
0.5425869606244659
0.16149310191501892
-1.0143325247868697
-0.7404880489546837
0.4406892731668973
1.060912263981918
0.6823258201996097
-1.1382088484048183
-1.2410735020165158
-1.1206770074105148
-0.7179601743513877
-0.5297027706328108
0.3735637765106525
0.4240014133373968
-0.0690698435442617
-1.3935477135381016
-1.5464348196903508
-0.19656297718333765
0.1623418827880329
-0.07897964989570999
0.685754741291664
0.3393880424079118
0.5452227602218795
-1.247964294764775
-1.1281821055973107
0.22579342313879
0.13635895463956765
0.6708812427301828
0.9650731123031147
1.1147155432357987
1.291211810163674
0.5718901938469579
-0.40336037985538625
-0.10591116135138556
-0.4595361939650592
-0.7456967961066989
-0.8023347808359769
-0.6546291905317292
-0.9205761523054982
-1.3642700505483252
-1.3040254553414605
-1.1715496067501243
-1.2311310453330357
-0.6612613988948917
0.00878076263167059
-0.4956477107061191
-1.2053646942117882
-0.9685903710521042
-0.8496628266454128
-1.1304975305590568
-1.3395382476330997
-1.5700043502033425
-1.5826177518485023
-1.484255955235832
-1.3438118008025035
-1.119000615779018
-0.637700492987855
-0.9354549861342577
-1.1223470405408447
-1.2680034785283731
-1.4075182415523544
-1.4618501443794034
-1.1907759542339038
-0.4322398263023465
-0.787205788421432
1.0607199977632127
1.2433847226648473
1.2439273534655007
-0.9389084124876795
-0.9644106347143508
-1.1610892150893444
-0.7059263295241811
-0.8913050540513213
-0.6302917654552748
-1.0876549180293453
-1.1872559963014802
-0.7638557806904368
-1.22593497453474
-0.9233000607415738
-1.4421305172203993
-1.3671571672210718
-1.5677757451298238
-0.8021959034166241
-0.5535498570654624
-1.0829711983674768
-1.2441332190050396
-0.7561006149897977
-0.5745093943866052
-0.750975374947725
-0.9484620929927877
-0.4649199942047954
0.8441707266089274
1.5235725108746918
1.1215922183430833
-0.5374245388424258
-1.385917592455976
-0.9985496124296654
-0.7137324484160363
-1.0027762861831453
-0.9527306925969122
-0.9917225834495575
-0.8269447685477109
-1.3717269907707126
-0.8793872246868333
-0.5807137174856879
-0.8682103853094474
-1.1672189498507726
-1.347846167615589
-1.1349451054683954
-1.2842395481735562
-0.6048631708926059
-0.4303387358858712
-0.22138122685383252
-0.10286457054404223
-0.2592132916913331
-0.4822178322311376
-0.50812483908322
-0.1425768174893398
-0.8407848260449694
-1.1984792580550616
-0.619443697445961
0.9673648389793489
1.5082416933309633
1.5663442522321454
0.15555537766711697
-0.23177603546055037
-0.46631407184445234
-0.475295851246263
-0.9847942442697868
-0.9571846182161564
-0.8474980976134792
-0.06073522256575208
0.372694209642694
-0.1978560176287208
-0.14878322062043936
-0.7974219221859311
-0.7809216855515826
-0.3328084964766583
-0.6599421308462423
-0.07331803165221348
0.7977294656935664
1.5861612813604389
0.8416128573913885
-0.14439265987970268
-0.5115070386556201
-0.17365251550770927
-0.36536673326257973
-0.6736028839323368
-0.21521515464742588
-0.2582680429133544
0.7300834422232407
1.1909887725396804
2.6803029065625745
1.8706935956592214
1.9714323489775538
0.5401046579004233
-0.765308670093488
-0.6017959834217423
-0.5968645248371197
-0.2174726989100644
-0.6490909887015983
-0.5005910037890717
-0.28337690522637676
2.5450070633448236
2.8566055363677174
2.959826207259035
0.3794253154720307
0.383408742118142
-0.5856462184769158
-0.5356565463153976
-0.5671528446389849
-0.4062835625041193
-0.4903682380006023
-0.6880049555308467
-0.8365516032164533
-0.5622391869634326
-0.29710744440332704
-0.6501310753473228
-0.7940315821651917
-1.1937595073195488
-1.2734451041693988
-0.6461140891089089
-0.4761495932305171
-0.04533737517329924
0.1524326187742984
0.4438460220980508
-0.0254405641010845
-0.40547039333899304
-0.31475416528513606
-1.0478389512403954
-0.8061095519582749
-0.4329285998457554
2.3142793788564164
2.5058032003162727
2.6031606053955096
0.11063202514290435
0.005506145848255385
0.3892278781625256
-0.13267540981835588
-0.15685994103811382
-0.6464912328755897
-0.4130760356317364
-0.5307161995701724
-0.552452756323215
-0.7821388116847591
-0.8785059696241092
-1.0244500100609604
-0.8979088301030067
-1.0371206769276295
-1.0932424102509821
-0.3345421214255665
-0.5251214389174746
-0.38944760342250473
-0.42740281117994566
-0.97253347585221
0.030534649331018564
2.7629276841963573
1.7011893857514742
2.5228594981977515
0.15470080040415207
0.0838233802652118
-0.23961002435024353
-0.038373894899239716
-0.3777629539406158
-0.23408723671853593
-0.25202499327709815
-0.06492400841296732
-0.14345034796777656
-0.2608472520335247
-0.45015777223931125
-0.17281808093259915
-0.7996523582642688
-0.7780628755272164
-0.7672686319347104
0.7454823913479379
2.0083127957557587
2.684493106201183
1.5945418521074104
0.47584629911773085
0.22053360944548753
-0.8562048124846133
-0.6931903646718489
-0.6593267676793562
-0.030059990042250715
0.299311167389241
-0.05658021102758456
-0.5747906243847096
-0.2984785717175283
1.098621268689238
0.8525828989132477
0.5927506684354966
-0.8886389498625272
0.9573556377650414
0.7913919327351824
0.5346363847657064
-0.15015775007246504
0.2830449323457746
0.8761016798405826
1.629072567144075
0.757898657520493
-0.21324093909329736
1.1168833239701972
1.7091572179849521
2.5802295787595613
1.4526790724150629
1.2055099874256283
0.3989673718878029
1.1712766118008149
0.42417213290550476
0.2076262521043372
-0.09584833530150957
-0.1592833198974045
-0.6289911772189845
-0.5983446608050662
-1.0354132381895123
-0.8831300459612669
-0.540672378424116
-0.6204486298552053
0.045477203645578224
0.4390351723855965
0.09035225115054316
-0.7297490227821136
-0.45184964455912663
0.7960695102388843
0.2199859988304825
1.3164767544223566
0.7837802339255824
0.45084828381168335
-0.6199772552841436
-0.1548946294057229
-0.07307245287981608
1.6736703076819468
-0.13384602217722955
0.43725106385837037
-0.7323476509391725
-0.5744752193539656
-0.8358768149330644
-1.100568725372313
-0.5790573632234484
-0.2135781487587548
0.28478945480688506
-0.06562046534455195
-0.8041840702385894
-0.8385867431734753
-1.0854667865952938
-0.6285663569301081
-0.33708232884709644
-0.022402636894379446
-0.95395425643116
-0.3662942966503883
-0.48906584351668275
-0.4743376208519089
-0.65686829967227
-0.319362028161855
-0.30898466310148975
1.036732385266531
1.0689538304440975
0.5761388042383405
-0.22142683168059768
0.31715637530990753
0.4176610881185466
0.19262207741964008
0.3902873871410692
0.023733154798915294
0.2393744660335814
-0.0751342594365498
-0.15318586020083713
0.6422251632171058
0.5872014552768828
-0.11968968527011035
-0.06734384477653561
0.768808495071238
0.7546302465735654
0.9800370053682926
0.5190193659700407
0.38559398720704735
0.30175962923794
0.12472928152641077
0.7315461495857448
0.21128683223865666
0.6065286449838829
0.7872907566951179
1.9722212522054157
1.8663467306333594
1.9110289936740363
1.0302779319501785
0.09357123273940081
0.17856216552656223
0.05052332039328946
0.29875290060808884
0.38968531416151525
0.6629109491159946
0.20767593686955277
0.6126219644433525
0.20073964520556814
0.4030723371583671
-0.0006166988124374582
0.44962617317319675
0.20964981356015772
-0.22856116779107616
-0.4297844193963565
-0.1689802479873476
0.2469635627506859
1.2645136574057263
1.5371704521672027
1.0880849681487776
0.7557629665328732
0.23566924218168728
0.052012549287063795
0.23232403273362476
0.514856927318683
0.7198058476618292
2.6014640211485727
1.9181047829193907
1.0086112839778272
-0.47574564131730745
-0.37684084051052785
-0.48251138298448126
-0.7279131575732529
-0.19010464759198048
-0.704971234965403
-0.05902814826292669
0.6939464106489165
1.3432672986113539
4.576991725457798
4.684085228128621
3.7058929933505187
0.6029800192067314
-0.5979769907403231
-0.6844703276096528
-0.40036897208473093
-0.22082364153288722
-0.23611289310231515
-0.39685183318400585
-0.6354464291225542
-0.3827255325754353
-0.46157362582069356
-0.08141542748657127
-0.029915860564211114
0.057811259148572415
0.0020356576753277618
-0.4412823654397305
0.6936981469934799
1.0974956126893043
0.8599932015517211
0.6879794120642523
1.897313772448509
2.027623171331787
1.728571080789813
0.8694525018153766
0.18029883128350643
0.22573665096221943
-0.5806648564165334
-0.386289131833541
-0.7474734079321823
0.15496256171480435
-0.5517857021398564
-0.18732853176339212
-0.5242009657152513
-0.1862729519018406
-0.7529565829280186
-0.9642272206038794
-1.0381985212690399
-0.9751156482215267
0.09214519127018458
