182
-0.5903516056593501
-0.424525941869372
-0.9646467571742133
0.5443083150243048
-0.17150339269560605
-1.0623941524970515
-0.6774136967182539
0.03158697525732607
0.6635483345733588
-0.6271625955897832
-0.9163437166727697
-0.21500202266244212
0.3391371672099138
0.6595041429392723
0.664728063832394
-0.6479542187297378
-0.8863381907290083
0.730882799798068
0.28450956670179084
-1.089481006958569
-1.0413919481290992
1.760228026123594
0.8160744736315865
0.8139615993222938
-0.5967132954856148
-0.9936674533724713
-0.7831749062462713
0.30810883911110365
2.2312010704616396
0.17780882200776954
-0.9469122083359007
2.311356987046738
-0.6441286606019002
-0.9863046744963457
1.174022385171067
-1.0693011967526787
-1.0447509998396414
-0.9641899845102033
-0.26724936007786126
0.6238213065555052
-0.3853639167871453
1.0288396348186395
1.7458940807110193
-0.9168438108697986
0.6182351506047593
-0.7536519252281798
-1.044850593514994
-0.8481042657695119
-0.10695747004433956
-0.15739375587163557
1.5310299187493877
-0.28987312803134396
-0.14348973583691657
2.8747219012762018
-1.0108888376901641
0.0592974767687063
-0.7924587141501442
-1.0007665251207625
-1.135661705713176
1.009725940741247
0.19059498473880623
-0.11388081281077395
-0.9272415932381911
0.5704677444705779
2.3462253543101794
0.925755389227375
-0.9646042554252242
-1.1488544537956105
-0.6352451323625985
0.3911809169568579
-0.5268088125039493
-0.9256747164160193
2.109792009435837
0.6258597459916022
-0.44184098662305044
-0.2935571048426364
1.353043917587348
-0.7222157275868843
-0.8267401812408143
-0.18478287204599395
0.053534555559715244
-0.4031599930280119
-0.5268944694388178
2.816526080846533
-0.374882286241898
1.401706197372337
-0.17280453018250144
-0.7948325506233255
-0.8295795644637084
1.5396269111846348
0.20458675462948864
0.7941932047939423
-1.0154946962135716
0.3960450116392674
2.695645421668877
1.2267316256627412
-0.8178567675263809
-0.26413299067810825
-0.8783397335374618
-0.6817324071622615
-0.20586440265849895
1.6124013774239712
-0.3776105433054948
0.055582288392350056
-0.7830897862487921
1.8833194129067012
-0.17409040710163767
-0.5122226569534243
0.8657518232065856
-0.8918506560690532
-0.6479191077356218
-0.9365133165927209
-0.1849600274972248
0.3529166515237282
1.954174062363797
0.8141638475261194
-0.9759990566050952
1.004917849371104
-1.0919728764569405
0.4240430183406867
-0.7628125396812909
0.21172129831190306
-0.9627702557049401
-0.4432704837356812
0.5053928627721296
0.14698974255547587
1.1097637138909486
-0.8022594598311106
2.1534947720877415
-0.3314214734408684
-1.1842019200023277
-1.066884144940735
-0.6905883263568402
-0.20705881228188733
0.8537716933232421
0.228460310085077
-0.22626398297925676
0.7461819380307858
0.9658372606465077
0.5677672122639658
0.3806372752909731
-0.9843445253751888
-1.0862544690944473
-0.9647006081505881
-0.07820979395022395
0.5481665698013631
-0.002648655366299684
0.05284140216822073
2.1369285682256822
-0.5896472739778071
-0.8848063948109556
-0.929762526508227
-0.18144324515053104
-0.26121557476072516
0.46991183493989264
0.03974730793664464
-0.3188370324914581
-0.31533709200619825
1.6815528846025902
-0.38934573483677537
-0.2704551026364313
-0.8444367024819278
-1.041115390693247
-1.0197492153415952
2.479831281357206
0.3340839185518303
-1.044095580056659
-0.5963153507470005
-0.3603534452623361
3.6866302622421854
-0.8132651491301921
-1.0862238071932917
-0.99669946412966
0.6638781907451204
-0.49264051921473656
-1.221315007456289
0.2602587567212819
0.9473218750336191
-0.6930618071587518
-0.394922527191407
-0.7960395633943491
0.002738736013866282
