182
1.933142428026872
-0.31795710305777786
-0.9103513950892553
-0.43625901762026237
0.28962375188956113
1.1079956896998666
-1.3424296467242496
1.5107461725680966
1.3769702959537078
-0.3387524766831673
-0.8310048574641186
1.0092318051047555
1.3772354441279109
1.1782292465508895
0.12155239916247843
-0.194127925287493
-0.6542636219019432
-0.6767901405068691
0.19598817728167672
-0.6352671343409912
-0.5953751353176122
-0.22416528066707547
0.10790731009418376
-0.9748128442145485
-0.8287969065739963
0.5146162199088675
0.06143429285030234
1.0121345558880344
1.4831319345101561
0.567779918269711
0.2088438796413765
-0.26519327580826063
-0.11155155806930118
-1.166147854898343
0.7947969865893358
-1.0788850098675642
-0.5792514884068657
1.0478864164486126
0.08332688311107014
0.03363038610222468
-0.6152132929077366
-1.0196479781879075
1.058171261065407
-1.1842867648919793
-1.0142957816703415
0.11179668701528284
0.28615905522530943
-0.31582070668577733
2.1282074114908216
1.0541231366573616
-0.9061543154619185
-0.8641948039776078
0.21525298097134402
-0.8042128318456313
-1.2044016208711448
0.5880817697352303
0.4513834795858377
-0.002306405083290327
1.3942118889295356
0.7096628395400317
2.2651735164068207
-0.3033878737817674
-1.6400325088008287
-0.46852167652458093
0.26511740091388863
-0.6942945128032201
-0.8898753899663225
-0.8809967987972929
-0.17688634907107065
1.3641795249153457
3.220060395068879
-0.5648190783059736
-0.693805512916512
0.2636337855973818
0.15695186089029883
0.3975887054535716
1.6258073841473704
-0.19522187503230448
-0.7712387970342439
-1.1786184421721233
-0.3062226915944114
-0.34557970076924494
-0.6456468291352528
-0.7384084663934123
-1.118715119225931
0.9447532543101631
0.20855455521794394
-0.3489562094729996
-0.7093216737303246
-0.7716016644408209
0.4607089515153094
2.2368530400518845
-0.06968054232855737
-0.5921992481200355
-0.7894427024953358
-1.1268031920805368
-1.0500587297338073
-0.015345303013732136
-0.9587008064701359
-0.7442727293468949
1.5646183177798243
0.5715104105779012
0.44450275168914516
-0.7104569308678611
-0.20468022325253787
1.1441579359345466
0.6392242379993353
0.23772922840938135
-0.5868177869194472
-0.8022219683731711
-0.3964965581085559
3.4547751430932654
-1.4317283685563906
-1.5005654707597358
-0.06044912342474417
0.12932161225947858
0.4684208470105674
-0.9997544917516598
-1.0423340247073358
0.32119343901171116
0.3779285677467597
-0.6024723695300761
1.652350511196892
-0.9088772129552694
-1.3470388283099428
-0.8514622840182848
0.2019287657287412
-0.2286832331779811
1.8566516291672766
0.7858780305455079
-0.22353392979348408
-0.45719310787642364
1.677287739378886
-1.607825070282668
-1.052720589277099
-0.20144351354915582
-0.3697516227079959
1.1616281230710737
0.33234332073236766
0.014888484290226711
0.5453010369359608
-0.8586083432394954
-1.0652209125325784
-1.384445791816311
0.7321876622205535
-0.6594317249949218
-0.1317210762353
-0.3855674175993493
0.3425474606031715
0.3466248340694461
-0.3766967387094801
0.8246992859414329
-0.9267674153858263
-0.9395587972746418
1.5153195655188407
0.42857744531060943
-0.4537625943494613
-1.5440198578300617
-0.42539340678421705
-0.6714209922920613
-0.45053081876417567
2.034499105135337
2.2434375283192054
-0.7083873622164112
-0.7562040758228018
0.4331250476168208
-0.2583399884393545
0.04016251298498369
-0.7518203678718052
0.44153199655913355
-0.5642469015119043
-1.402959650180193
-0.9157630401093597
-1.0137542359405658
2.9338160263372797
1.9561043967168161
-0.8507719170478689
-0.42020679996440885
2.0372347774427713
0.9669125672333101
0.47924643312152865
-0.37762532342170174
