182
0.06175601146398349
-0.8145425960776469
-1.1267683236112074
0.03603032956858464
0.3585132019381621
-0.653626012031704
-0.80763419579484
-0.303513532883178
-1.456303105565503
1.0820205568900887
-0.5273934082424758
0.032822513326342714
-0.05787809717479116
0.7863890289658079
2.131313523022807
0.49046428239849127
-0.5595385335380102
0.0023941385860168796
0.18680611327329474
-0.8779688601854332
-1.1540606240440765
-0.6579327741184896
-0.03181109615460357
-1.1424397533442525
2.602205659340887
-0.8734895737975032
-1.1737502827055764
-1.0180667678927864
-1.2931639714532372
-0.7608669699348879
1.465203294180469
1.153346595014379
-0.8958650525260022
-1.382407781535953
-0.4277994388855521
0.019982651080571266
-0.39360213479013934
-0.9863735161455356
0.31259547391114334
-1.4666763377080343
-0.895657960467808
-0.9020104775495627
-1.0491114954881975
-0.02873470886209934
0.36485341282606415
0.5046967753314562
-1.1483191229052032
-0.6292529419898545
-0.29251883737989487
-1.3871995276974882
-0.9443994920787578
-0.9392650692982828
0.902311307710941
-0.8309421179714379
-1.217531302849587
0.8396955136725268
-0.4354920126995662
0.6796174886539804
0.28086186695061993
2.9445255945749844
0.4463251338984505
-0.4799215312439014
-0.7265576793203528
0.3816104635009242
0.3330746856360671
0.43863114293356936
0.9641188552651959
-0.9558494425177739
0.21822440366961215
-0.457875263274748
-1.2513923259599198
-0.3539631245518766
-0.9731177677282749
2.812519639671994
-1.0786123136945642
-1.1460682543703025
1.7975614645608793
-1.1029229791917308
-0.765045326180549
-0.9320402734214401
-0.20934514941850768
-1.1894078266554964
-0.22612848781268508
0.12912699523684842
-0.9453121961435093
0.15857110414796005
-0.55672445055577
-0.5704622932537189
-0.7204910814195519
-0.9124692930676462
-1.2905561150121616
-1.260399083309275
-1.2139303828332693
-0.414409008869494
-0.3543734167293122
-1.3148156082567144
-0.5123967570150433
0.3351298475144811
-0.776307801585541
0.09114603383752905
-0.8425636696066118
-0.9201982624758461
-1.2118584999755313
-0.78985171816149
-0.6813127927506332
0.05632509240981149
-0.6681192128716197
-0.9291714089223346
-0.9529917265386797
0.9698847329645591
1.301587714792066
-0.8042102234636056
-0.7155238791382317
-0.08314088921138996
0.8522832681833176
-1.2346697123099157
-1.33895975166148
-1.0811477017237918
-1.142488248879143
0.7002724431285456
-0.616451083794853
-0.6389385323062796
0.21491160407208862
0.44513134975544183
-0.9417819425975796
0.37208974081182805
0.04610879229481476
-0.0068073195126788204
1.582420395876413
0.7269125222654073
-0.23502522114895463
-0.22867408565815728
-0.7450683831538074
-0.35895570730501425
0.9980486568230158
0.2979022981702633
-0.012437733882802485
2.1500528422386274
0.3030593290719262
-0.3466021470092259
1.2246581017873868
-0.6598403989972379
-0.307715121910618
-0.5418736013477454
0.24002504890494902
-0.12885278387814897
0.7941925218384438
0.5756990018271098
0.3266041694965976
-0.11561703222367244
-0.05807760093964272
0.8387049136748321
0.812712409327456
1.5224524145159053
0.40787164386952157
1.9784976094209277
1.432758899334953
1.9224649523337543
-0.04674212141206964
-0.03199606007304156
0.24942443026789285
2.3358444276068866
1.3470485493544084
-0.2645434635618323
0.3219564499837388
1.0787601385040175
0.27505808828677925
1.1273646273612734
1.477249746309644
1.0507196555017535
0.6689781402501593
1.2213960934585109
0.6369350234071144
0.7769364378876825
0.4905007047649171
1.3151508426763991
1.195644365339959
2.686820790672308
2.361924867596012
1.3169685808594205
1.0886085540698893
2.455642993272077
