546
-0.4616626737384134
-0.8745093378457998
-0.29493433893854004
0.2951766381090294
0.6546022154982132
-0.07561367300227236
-1.0380570324573877
0.6300521991062815
0.8300169752913588
1.6670976841860137
0.7814090728471716
0.6690846824244212
0.7993286426499461
0.17276859101259562
-0.0019388510877451962
-0.5219634104879234
-0.500999311354603
-0.9045278770114205
-0.9388473737906029
-0.7689353558800492
-0.9900511048807289
-0.5571023199613135
-1.1638213816810419
-1.321644965435693
-1.0146513787955767
-1.1760558179957523
0.1604237152732424
0.2681732287372126
1.1852807493118576
-0.6110248570806003
-0.10716440751878038
0.5327168484785734
0.5512816399114414
2.168479554543456
0.36118798520638196
0.6693926462014035
-0.6568371699425407
-0.7187363576764775
-0.7152190161939758
0.3220533289354011
0.39069486572946993
0.5677947613299124
1.9082501664267228
0.9866229071447663
0.24035245638920646
-0.6289301734942875
-0.6666539898810819
-0.5223484584762896
-0.7449714433317165
0.7467454170532498
0.5168472999305215
-0.10917883261089785
-0.2029963564519214
-0.1648021888334236
-0.7484129403971145
-0.5309024293420104
-0.5580346333522823
0.09313494023897814
0.45226443305885666
-0.09327515871284132
-0.245026235590337
-0.700878875670639
-0.3288697904310092
-0.24225620345204227
0.34324576187526784
1.8394270810644628
0.7055860693094953
1.5158056367045987
0.7438436744392739
1.409984569003743
1.2080443468693163
0.4291593767112719
-0.12644510336405712
-0.5530318488509754
-0.10547160409338749
0.04068716305976121
-0.49285954731508924
-0.5771649053223157
-0.8659027527738977
-0.7675927596935207
-0.7836216766473254
0.05333813627383092
0.5886416950685248
-0.029390364308832434
0.0620609474711579
1.0868820495052676
-0.37509402503761213
-0.09863456835451288
0.521041974782341
0.7671769477757991
2.4793128337235495
1.63232503473334
0.9792150791352047
0.16876326357058727
-0.6535610767475207
-1.1619832654124764
-1.1647509572586634
-1.154510372203924
-1.206936455885037
-1.217843748119733
-0.3733618213574661
1.1775092985824447
2.4948027366923027
2.5421952123245566
2.0553961040996254
0.15239444270163777
0.08130571348226355
-0.5580562001496886
-0.09408243998528898
-0.8973459624662186
-0.7357480675390935
-0.07436729290951957
-7.62540257895053e-05
0.08159423404666565
0.7846620783769774
0.050960121422579746
-0.6643617391637618
-0.5574461375075407
-0.355475438627186
-0.32932862646216554
-0.43220435276805186
-0.9048111745508449
0.26707031107029905
-0.04331199713128144
0.9184319325592787
1.4933978210861802
1.216026574271519
-1.130829131692204
-0.9470035992305382
0.5122212598189722
1.041730694687637
1.7228007788640403
0.48630965378865987
0.5542915844967844
-0.4007558044321013
-0.9711540115521721
-0.7867705981863664
-0.9471271803091884
-0.5556705740238883
-0.762446773058705
-0.5971866954314868
-0.5427306346858791
-0.9614943892360738
-0.7200368807498982
-1.0782764704520054
-1.2732692748416952
-1.1898718918774729
-1.1010490810522768
-0.8048387790256802
0.47363697208839767
1.1408674451963376
1.9353861252528437
3.202212699970937
1.1502108053496083
1.7356142306397686
1.2913606907863617
0.6222469187994416
-0.6694695265166534
-0.7771414225737489
-0.975870464554407
-1.0939835181614894
-0.8572186099661744
-1.1068749943450145
-0.8565773917100474
1.5675120287655446
1.0509492579469433
0.6857984702140493
-0.5847814648501101
-0.0003436713318534116
-0.4331917526756043
-1.119275825319072
-0.9146138494884086
-1.0849820368167942
-1.2562329839986603
-0.8661971271724835
-0.581117986827343
-0.3773871163850593
-1.0287049060782236
-1.1077574557755065
-0.037064120033325945
1.6802107912598576
2.9002439898559667
0.5826189224235718
-0.7563483519560559
-0.9768190344955161
-0.06696813369539409
0.10520494725416545
-0.3994260219715665
-0.5844183642488557
-0.4510730073132782
-0.8935891827022848
-1.1961201916539888
-0.97195601428136
-0.852278118481427
-1.194629544833388
-0.9703901390642607
-0.8685209465758179
-0.3847660419366771
0.6654836075890977
0.10996843041000527
2.0097818484636325
1.4827100178398356
0.4642597859851201
-0.3912481643661213
0.8430780874686054
0.9190301528529649
2.5841948612998857
1.3361137304094957
0.08178100019056157
-1.0036472440941115
-1.202437964240432
-1.2562185282713232
-0.9930715153672163
1.190744896194694
2.0045361239909307
1.330364103483474
0.8057869184791551
-0.10541709866725012
-0.08104379041194992
0.807250743932921
0.4287436621583158
0.19809853345666828
0.7944267937041184
1.9795172603545839
0.13748225697602384
-0.41412570169892887
3.7203810977665523
3.093099172396676
2.9677256297759675
1.2622224149990597
1.4141654630226639
1.539125533598043
0.6405264589750731
0.9586947628667514
-0.6757539391430333
-1.2740392204325688
-1.35211120506593
-1.1711457919164991
-0.4310713281561718
-0.6112077044515326
-0.7096372087071712
-1.3837651195455756
-0.39060872169252037
-0.08262320240898588
0.4928060837809941
-0.5285165113686969
0.36728145241114646
0.49891047685353895
0.60334280292147
-0.08983836235998838
0.16052826404904227
-0.5208152807397901
-0.17170885843187747
-0.4767554088898237
-0.6090214212497899
0.5342739013427363
0.30912572020736045
0.5572981669437908
0.9635901332081372
-0.08014754445974036
0.4876098852889233
-0.3213405407589532
-0.17675923607153488
0.0062298934636441285
-0.06255984517190373
-0.44849680401492337
-1.228249122607064
0.42726474212465215
0.011968190034430821
-0.06924155729024764
-0.2834568844204211
0.034795537981582414
-0.7735122877692886
0.28141297146470307
0.6562288251946968
-0.21630901431122065
-0.6165858606560279
-0.2972103159093005
1.6413259554870436
0.6574424224106448
0.21471823331015333
0.2259083883620657
-0.3214073915660298
0.07105256160750294
0.7041845844980112
1.4879230925285298
0.8159489495769973
0.015983222500701732
0.2480551275216418
0.5987294108104493
0.6265645069345763
0.6701564327902729
0.7109268090432392
-0.4798298894441274
-0.5418838581202319
-0.8621992788835036
-0.981918716896479
-0.2808021192877336
-0.7597691589328598
-0.6702056631097921
-0.38172807138723064
-0.8246767960908116
1.3085452684054253
1.4852340697061588
1.1541180292918527
-0.8158770805284188
-0.8468492078672081
-1.0173730887941943
-0.4617540699394528
-0.15413750735677362
-0.7153228140544364
-1.30035928105224
-1.3937051567066523
-1.2386178949439963
-1.3437563948818847
-1.2235936250082355
-0.9095864384516122
-0.9897210165218234
0.2535124403057866
0.6203151490106812
1.833575231479652
1.352752735611415
0.45670460224775006
0.31746796404589683
0.3669984755134591
-0.2755261579560158
-1.1094842183464548
-1.256941658714295
-1.3788398715657078
-1.2338786822990941
-0.21038522126981254
0.37396982011092017
0.5478409193922869
-0.10998394449558738
-0.8818148734157405
-1.3371952358783352
-0.7892472785028728
-0.12028962942886044
0.14888343060890116
1.2157956730138724
0.743550192661097
-0.2953511888724347
1.1413218369223945
1.3528802810983074
1.036374769963388
-0.7167515987060541
-0.33480405845105554
-0.8392534322676345
-1.3967832409568426
-1.402930873990612
-0.8126526010634821
-0.9231101216533988
-1.145895887892283
0.5224580443474186
0.8375021952182936
0.7487865157346703
2.084520698059467
2.4400005745088906
0.6694659251443741
-0.2602398007705498
-0.9379727768012598
0.14605843432067098
0.16169567823440179
0.7193343952507143
0.418591805194506
1.6918309860193539
0.5364714334281692
-0.7339635353480854
0.43010177782603826
1.526277308935578
0.9031729697792766
0.7101919361396826
-0.4022486662710498
0.1726344122131005
0.4760071779699385
-0.09136332840911648
-0.5928936341937219
-1.133781029292358
-0.23163468864911776
-0.2752721947332326
-0.6066302494452683
-0.7822770806834853
-0.8873432140233405
-0.5775484798346752
0.6961585832088557
0.6928493040550116
0.21915474475618787
-0.9806010006051007
-1.0211257474187512
-1.0484238105067998
-0.9670071881996115
-0.8425526922739877
-0.6665259720868023
-0.4998137041189356
-0.13209875096078183
-0.8689333711159969
-0.849687075939165
-1.2568005712907144
-0.8157823881498093
0.3672310238058327
0.7540388051540234
1.3802878722265157
0.46487044188375765
-0.4958214621618353
-0.5622418736456471
0.8599835123384316
3.112142660020493
2.4096962211494715
-0.267152699028167
-0.6442517864120995
-1.050772505586042
-1.131222887538118
-0.7726471136317512
-0.6484975894187094
0.21873817342032162
-0.9044524995940215
-1.3540332821974124
-0.9994370612512407
0.8938127735467801
2.8332420324189864
1.9635342382889902
1.1755341817226896
-1.3160562710751804
-1.3062210852238285
-1.2229417219521526
-0.8461642869000384
-0.23385291462528268
-0.5703260125025508
-0.5313841076402133
-0.8604972690206955
-0.1250671459587642
0.4187958014867695
-0.17241605354407133
-0.23266962654713474
-0.6101753839113572
-0.5474173100101529
1.701334059868708
2.3908513873702733
1.4800453628194823
-0.5084066137746952
-0.8563442661184328
-0.8483236684953361
-0.4615821156576557
-0.7661651434728893
-0.7831256792105584
-0.9217633260025604
-0.4537279930744262
-0.2709852979218248
0.787892731528988
1.0485711481240387
0.7013898680106112
-0.8114665333685408
2.6381493217420315
2.532422008930125
1.5604203246757513
-1.1588224851692759
-1.3356046450271197
-1.447525654510301
-1.0187009145837465
-0.5137675757494273
-0.8341814540888518
-0.7326258507109793
-0.9882233441949527
-0.9013408356306131
-0.2546866820363568
1.7878327826885962
1.4432869403571724
0.8295155560036015
0.5253981017359125
1.3368055834694315
0.6740858902683294
0.6416266043049359
-0.38938608821954374
-0.853222678444378
-0.3725072430805265
-0.7634257847642602
-0.2595382776390528
-0.1272639902908043
0.7753137451056532
0.5304518785169885
0.615904380757097
1.4282181682561181
0.47905261383270814
3.175879864920928
1.542649833821416
1.6931023822473157
-0.31316416844169614
-0.4049002829653051
-0.9427178618074168
-1.0931618596069281
-1.4173888629261528
-1.2859675404444215
-1.005963441554699
0.3457196624973073
-0.4373018214593187
-0.22172231629247702
-1.2651202031220603
-1.2280738366889914
-0.990951211014702
-0.7328148368300214
0.5310533935482163
-0.987761021038233
-0.9764315213951145
-1.0572907468683501
-1.217711153496666
0.5463283733440092
0.9760956527564871
1.7996638769804811
0.6891958912966896
-0.04237607035226637
-0.07821490460384832
-0.11423536142969397
-1.1757552916428982
-0.802382919139745
-0.07484957454453277
0.4116000856301271
0.3097485664607222
-0.540536378422892
-0.3840438576070185
-0.08313251999500548
-0.40227977863178355
-0.6711249202834186
-0.4229810736432019
0.08069373049396855
-0.08342387131635255
-0.16046903932831216
-1.3096354914567578
-0.6504768595666244
1.0837954433689403
1.8596283630707473
1.3295876303738645
-0.8084018065359347
-1.031312524589238
-0.8655439589784387
-0.7618983411273951
-1.2012742995128274
-1.1267522349173613
-1.0641669187230254
-0.3783745385285193
-0.5465100466215999
-0.30417814194001036
-0.8941766059280417
-0.8031745215048128
1.583818551942869
2.7994239543001265
1.9347840554841549
