182
1.15864
0.816319
0.951663
1.21749
1.66806
-0.793188
1.24766
0.0907216
1.96556
1.14686
0.843781
2.04907
0.512636
0.0161056
-0.243036
-0.476151
-0.734568
0.0357077
-0.181761
-0.0364057
-0.178921
1.01515
1.19076
2.20868
1.15841
0.185676
-0.822306
1.11792
-0.406753
2.30307
-1.15067
-1.10026
-0.149013
1.55506
0.210025
-0.050296
0.0376718
0.368505
0.454461
-0.339279
1.38465
0.567537
1.2057
0.153479
-0.215648
-0.131895
1.40545
0.402125
0.800414
0.262496
2.81166
0.251217
-0.942925
-0.583886
2.87121
-0.161032
-0.58471
0.417494
-0.239933
1.46017
0.203096
-0.125345
1.02461
2.24249
0.186342
-1.13649
0.214863
-0.187859
-0.143975
-0.28257
-0.587566
-0.222226
1.18047
2.49231
0.699465
2.11096
1.1552
-0.457981
-0.79795
0.3085
0.566272
1.28795
0.725952
0.409716
0.494994
-0.331529
0.867198
0.328623
0.76188
1.50938
0.475642
0.642315
0.050192
1.55068
1.20677
2.13063
0.150863
-0.682638
-0.266173
0.815311
-0.489099
2.10624
0.442662
0.963389
0.55608
0.0110929
0.68897
1.00131
0.378504
-0.183674
1.70621
-1.16077
-1.50298
0.283599
1.73807
0.359515
-0.109714
1.39541
-1.37733
-0.801275
0.112931
1.24539
-0.523549
1.3079
1.7055
-0.524605
1.55231
-0.109684
1.87842
0.123713
0.264245
-0.363596
-0.568804
0.970405
1.33798
1.32582
1.80946
2.36934
0.668149
0.236131
-0.582877
-0.150082
0.976917
1.0151
0.740962
-0.391778
1.01645
0.813068
0.328473
0.885239
0.143764
1.49976
-1.33546
0.397195
0.412046
1.39214
1.29674
-0.148372
1.19212
0.076297
-0.861177
-0.130673
0.620236
-0.116615
0.961173
1.55068
-0.106005
1.35336
-0.382972
1.18488
-0.0903232
-0.489353
-0.778378
1.75049
0.933222
1.00717
1.2223
0.454774
0.978272
0.727518
0.305328
0.595379
