182
-0.729189
-0.610974
-0.698866
-0.369065
0.596699
-0.447342
-0.056611
-0.628048
-0.359219
-0.321186
-0.399546
0.786365
1.13819
0.865884
-0.116961
0.282325
-0.7149
0.110953
0.0178776
-0.208283
-0.219896
-0.415042
-0.48594
-0.264614
-0.577369
-0.397769
-0.61029
0.367777
0.0122051
1.47888
1.34622
-0.270471
0.382335
3.15354
2.87956
2.05103
1.71434
0.85347
0.198448
-0.543084
0.31228
-0.185287
0.799475
-0.380007
-0.572245
-0.774593
-0.444657
-0.676899
-0.0516885
-0.0377818
1.31857
1.04226
0.789448
0.873131
3.44052
2.46572
0.802967
0.863729
-0.0616697
-0.12666
-0.353705
-0.655866
-0.678633
1.78234
0.127646
-0.590006
-0.319458
-0.555776
0.23236
-0.487328
-0.462854
0.62964
-0.458124
0.0806896
-0.466862
3.08817
2.79533
0.990395
-0.476836
-0.659719
0.208558
-0.496511
0.340685
0.522046
0.419856
0.427071
-0.420396
-0.171493
0.00604251
-0.336859
-0.235538
0.247173
-0.491351
0.819254
-0.465599
1.64715
2.63446
1.55562
1.85243
-0.17347
-0.206735
-0.286385
-0.450532
-0.461082
-0.50005
-0.200275
-0.282077
-0.458848
-0.351412
0.222734
1.69327
-0.632498
-0.687419
-0.413424
1.19284
-0.482828
0.846612
3.12873
1.11119
1.48928
0.0746771
2.05943
0.522238
1.19681
0.101609
0.0804677
0.0668437
0.162316
-0.099023
0.595292
0.0190331
0.339109
0.319949
0.386773
0.604601
0.583005
0.143174
2.76764
2.47511
1.96494
0.854202
-0.164812
0.281793
-0.160033
-0.00908797
-0.174198
-0.437386
-0.122272
0.331973
-0.0907003
0.179114
0.880803
0.0392922
0.13
0.0340013
1.44865
0.136265
0.335219
1.7156
1.86425
0.331017
0.83643
0.659555
0.044242
-0.314527
1.00954
0.931198
2.51251
2.61837
2.53107
1.11653
-0.2447
0.204316
-0.337042
0.56337
0.446506
0.900962
1.22029
2.04672
2.17809
0.702172
1.5387
