546
-0.353803
-0.669218
0.317484
1.06962
1.65223
0.721281
0.40523
0.60924
0.226409
0.983566
1.59454
0.729834
-0.0265548
0.290746
0.23763
-0.0930826
0.846851
2.0104
1.91826
1.11416
0.699813
1.47355
1.04175
0.0604866
0.463226
0.443416
1.19805
0.894102
1.0216
1.38186
2.59352
2.37889
1.36217
1.01779
1.77547
2.99763
2.69304
2.38759
1.29002
0.922282
0.581588
0.597138
-0.0881653
-0.0992269
0.601097
0.209249
-0.617712
-1.03493
-1.51354
-0.247996
0.466436
0.548736
-0.0889189
-0.121567
0.103122
0.558134
0.897932
0.987864
0.217713
-0.338312
-0.98303
-0.921514
-0.142801
0.281178
1.0329
1.66931
2.13532
2.24523
1.84369
1.93375
1.78083
1.63995
1.18451
1.11232
1.02913
1.1045
0.288692
0.578124
0.961771
1.02563
1.28299
1.35035
0.932023
0.457583
0.753949
0.274865
0.11022
-0.0025549
-0.314518
-0.440831
0.801912
1.20242
1.79358
1.25307
1.42793
0.577933
0.620641
0.051134
0.678577
0.458932
1.37249
1.10706
0.616533
0.493498
0.490677
-0.21652
0.0844055
1.05947
1.69579
1.19716
0.611217
-0.178065
-0.315363
0.332356
1.3339
1.35295
0.57705
-0.0787849
-0.242908
0.516204
0.951986
0.337751
0.0439916
0.378942
0.39943
0.158765
-0.423541
0.0793675
1.22909
1.5193
1.25311
0.791612
1.11167
1.1502
0.558714
0.531823
-0.343158
-0.545253
-0.617829
-0.322089
0.116977
0.766184
0.51594
0.557744
0.936961
1.67645
2.19508
0.973281
0.0475881
-0.0972634
0.524717
1.19988
1.15811
0.756071
1.59901
1.12668
0.563219
0.192967
0.0282127
-0.21147
-0.100937
0.488796
0.749375
0.34798
1.77742
2.17731
1.79761
1.07738
2.09662
1.95347
0.881843
0.0370092
0.0227243
-0.528199
-0.25788
-0.0425325
0.522613
0.094506
1.26676
1.34107
1.14911
0.531292
0.320616
1.03691
0.0788194
-0.392393
-0.139588
-0.00247306
-0.0509525
-0.496514
0.0262723
0.483596
0.840706
0.0548314
0.0495008
0.533244
0.332428
-0.337326
-0.653979
-0.814942
-0.709205
-0.780994
-0.153643
0.715662
1.98014
1.62873
1.86845
1.49181
1.38438
1.08214
1.47642
0.738946
0.120926
0.216678
0.27609
0.648382
0.819478
0.713638
0.952189
0.386483
-1.07894
-0.83298
-0.586861
-0.329835
-0.371823
-0.402337
0.297583
1.07039
2.49621
2.89366
1.73383
1.11964
0.290199
-0.522446
-0.477086
0.0388793
-0.069995
-0.112787
1.13467
0.873364
0.190004
-0.212608
0.364867
0.401375
0.0564992
-0.2354
0.105761
0.232902
0.86148
1.48267
2.06356
1.8848
0.607591
0.277331
0.338165
-0.343673
-0.256858
1.43184
2.68668
2.52276
1.90393
0.941452
-0.108792
-0.53282
0.184797
0.557021
0.141685
0.762658
1.43276
1.27968
-0.316572
1.60733
1.23683
0.211775
-1.04388
-1.16088
-0.701427
-0.0310741
1.31298
1.21057
0.493329
-0.523238
-0.618346
0.0052637
0.529292
1.23523
1.21762
0.591093
-0.438423
0.673422
1.40156
1.50387
-0.0917396
-0.292427
-0.446556
-0.119112
0.118112
0.487988
-0.306712
-0.0264165
1.16832
1.48697
0.740251
0.607062
0.58702
0.224139
-0.0776658
0.262044
0.0276174
0.301903
0.0352621
0.477667
0.886905
2.33231
1.43714
0.553275
0.354927
0.248355
0.0515401
-0.984647
-0.28101
0.0924447
0.284664
-0.459689
-0.84711
-0.693098
-0.933096
-1.49884
-0.944269
-0.634924
0.554049
1.15378
1.94554
1.5092
2.00784
0.932356
0.351251
0.919706
0.294915
0.282181
0.0877907
0.420298
1.76135
1.87535
1.74107
-0.220798
-0.431802
-1.1881
-0.673574
0.315791
1.29268
0.683098
0.300843
-0.688335
-0.281751
0.472268
1.8054
2.51927
1.60673
-0.00447362
-1.33029
-0.587253
0.304541
1.22715
0.80289
0.27511
1.19516
0.515087
-0.438005
0.023881
1.12729
1.03181
0.102344
0.641284
0.53637
0.245447
0.215073
0.482509
1.16307
0.637229
0.620983
0.315801
0.0670293
0.453249
0.6436
1.17166
0.965668
1.25535
0.677001
-0.387747
-0.518897
0.00632385
-0.281855
0.437998
0.584813
0.519886
-0.219592
-0.387172
-0.277397
0.731047
1.01833
1.61378
0.673749
0.164682
-0.221308
-0.194092
0.595606
0.733835
1.37665
2.17084
1.91412
1.39342
0.837701
-0.158882
-0.242084
0.424014
0.137661
-0.129796
1.11872
2.54176
2.71701
2.33004
0.668271
0.91156
0.474584
0.33224
-0.104991
1.41341
1.36989
0.181634
0.421745
0.262863
-0.297844
-0.227553
-0.544857
0.305722
1.31644
1.36084
1.14369
1.17388
2.03504
2.02791
1.42048
0.790615
0.383262
-0.608912
-0.267221
-0.0242677
0.183039
0.176828
-0.587343
-0.633258
1.24162
0.878693
0.404036
-0.743516
-0.903835
-1.14197
-1.07865
-0.344354
-0.380333
-0.146726
0.110406
1.095
0.516817
0.539496
0.434454
0.248348
-0.951413
-0.0650991
1.2579
2.27357
1.44233
0.640972
-0.0673577
-0.272642
1.17619
2.0342
1.59879
1.15532
1.69941
2.12561
1.49201
1.64769
1.13209
1.20816
0.58465
0.577176
0.517226
-0.480279
-0.309129
0.337857
0.428943
0.356426
0.518277
1.17883
1.27582
1.30785
1.08215
0.679576
0.368322
-0.167622
0.10924
0.6292
0.662574
1.74824
1.96043
1.30923
0.715422
-0.447789
-0.150616
0.568144
1.10074
1.55836
0.330112
0.61841
1.00635
1.05357
0.723756
0.0755708
-0.883643
-1.09411
-1.39689
-0.297317
0.0597813
0.139736
-0.788896
-0.583601
0.576696
1.69874
2.1967
2.55456
1.4179
0.86732
1.92688
1.94892
1.76754
1.29852
0.204186
0.00252818
0.827533
0.879556
0.26775
1.18503
1.48792
0.942797
