182
0.149479
0.867204
0.948108
1.02346
-0.227573
-0.644467
0.538997
0.710659
1.22965
-0.53862
-0.447619
1.78546
1.24988
2.29236
0.82305
0.822349
0.970463
0.963601
-0.065838
-0.237798
-0.686883
0.575438
1.48222
1.12356
-1.27143
-0.258322
0.332389
0.929771
1.3979
0.372521
-0.705137
1.40035
-0.700784
-1.32319
1.72536
-0.0550914
-1.23039
-0.190725
0.154526
1.77495
0.391611
1.96307
1.70548
0.0867303
1.1614
-0.61463
0.915221
0.229018
0.675523
-0.178284
0.959032
0.616777
0.490002
2.63029
-0.892009
0.898532
0.451455
-0.340795
0.560368
0.713193
1.03175
0.558948
-0.296634
1.15744
1.96062
2.24722
-0.764753
-1.29972
1.46792
1.79927
0.611667
-0.41035
1.9531
0.33031
-0.358941
-0.099469
2.11322
0.505235
-0.0604601
0.302582
-2.45387e-05
0.310572
0.773696
2.33522
0.264287
1.99061
0.574142
0.0678475
0.24058
2.14889
0.983358
0.782587
-0.642693
1.54428
1.32915
1.8144
-0.2633
0.0667666
-0.245495
0.741363
0.860262
1.62054
1.01314
1.4681
0.163734
0.828602
1.26536
0.38687
1.26079
-0.494021
1.06698
0.602286
1.03183
0.414751
0.626963
0.590415
-0.646865
1.22559
0.429513
1.47422
0.681706
0.485698
-0.239017
0.847187
0.732934
0.591286
0.811985
-0.317153
2.13318
0.479384
-0.616958
-0.721191
-0.0416252
1.11102
-0.0105451
1.58077
1.3099
0.102013
1.0256
0.646255
2.01149
0.385901
-0.812086
-0.3628
0.497749
0.753388
0.160585
0.580557
1.82542
0.432438
-0.655754
-0.254792
-0.483949
0.784475
1.30871
0.969953
-0.420275
0.857611
1.41257
0.0944371
0.25528
-0.191224
-0.0562542
-0.42695
1.33198
0.76592
0.312536
-0.178386
0.541253
1.88492
-0.288434
-1.16521
-1.0304
1.10338
0.860447
-0.623019
1.9686
1.48322
1.1625
-0.252755
0.476611
1.49986
