546
-1.162873782374736
-0.8194461601545735
-0.8101437665705685
-1.035858468319619
-0.28057850318705135
-0.24686342828933683
0.21490690980739272
-0.12067743787711506
0.3871946991316878
0.1734684835677098
-0.4347227788238477
-0.8426040267139019
-0.842735175564906
-0.404722126552026
-0.18907604470996414
-0.48907589001681745
-0.9846244926562848
-1.4439384440050846
-1.0621772173948465
-0.6883278639259066
-0.08179284522684019
0.30123329666406196
1.0379300463728451
0.9295600532490703
0.5720823237547896
0.07009157881547978
0.4475785075225977
0.152525360845096
0.06273799853940826
1.678041878303017
1.8132061988013766
1.1392805336465468
-0.7110820860314098
-1.2028020458381328
-1.195037556255784
-0.9428877678066307
-1.2139020211638456
-1.3069635690786816
-1.1331125812925256
0.05231583455237976
1.0284095590826503
0.9020675635436529
-0.2771578755645647
-0.5757346277317194
-0.566866758911117
-0.5150190720106336
0.19215147245226846
-0.4491806117764213
-0.5234156550019005
-0.3365742887863478
-0.7765221671188222
-0.43339230499342807
-0.3059763746432576
-0.3145194194322874
-0.030875419657306558
-0.3267962510132964
-0.3010984665093354
-0.25812811353241316
-0.21163201362347453
0.31993997478401437
0.12935052491440246
0.6391663623373172
0.1499471606192237
-0.10578502974529239
0.23959804148159494
1.0656750778550053
1.114787465948302
1.1317602941408316
0.06751771754262999
0.768348795877491
1.693157779564452
0.7222387255728484
0.14978742415840446
-0.5921776888151008
-0.5158489125705629
-0.26121013730511816
-0.9227788438521484
-1.4049803596498773
-1.4262665986024916
-0.6926205182585199
-0.438504982626451
0.5725735127533463
1.6617526506721332
1.0843861383744204
0.32932188344160146
0.48026089003091627
-0.04794563890389921
1.584616194058016
3.333202472145207
3.2152708367657463
2.384919869834343
1.1106664894896838
-0.3278047964494577
-0.42580347941823227
-0.6983079351180185
-1.0380383444784662
-1.4641491664866741
-1.6500521962756323
0.6273335768463855
1.342077642752258
1.5055391797165798
0.4448665005111013
0.1588173657656841
-0.2598913708581157
-0.5608872615709433
-1.4769735153440853
-1.2134780883034308
-1.0461445422421087
-0.41044745888512296
-0.8204003736396743
-0.6322591449066229
-1.1218018019568803
-0.2597592076895095
-0.1779215635343133
0.5883914771402894
-0.6912363984099411
0.20224872876206207
-0.4356338373710549
0.06778228035521831
-0.8866427250459219
-0.9739856901245042
-0.5427658621358652
-0.9788648896811268
-1.0010329336533104
-1.205272706486207
-0.057774057363915166
0.021281516729956148
0.3092907398902765
0.7325953616968801
0.7217686298388318
-0.239753167298642
-1.0263392333173247
-0.10309721127258997
0.5027065899327586
0.8737846067137659
0.0352175841948284
-0.10096341160773556
0.8215293452006329
1.5449343638941193
1.4191505990178483
1.643369181702024
0.960740282139105
0.06522553447026926
-0.40092618132452806
-1.1339317177482622
-1.3098133216930783
0.3968027594625344
0.5449647996046415
0.3238592200767377
0.32742827639221356
0.2867602142291981
-0.0958307144241435
-0.44405959094616465
-0.651147728433002
0.4809960199659703
1.3612184504406089
0.6203572808498845
-0.14507005728097339
-1.0533365523096831
-0.9507957357650263
-1.1375773246367076
-0.7657805932006331
-1.1748075976305563
-1.178675318994151
0.1670568324952557
-0.13834018875505075
-0.32695287645518845
-0.6262408407896278
2.0364728547639266
1.8694858966146966
1.4212604389556418
-0.07845263834496505
-1.0473632417740235
-0.8012218147383344
-0.9371533618446077
-1.154939633397066
-0.85464476223589
-0.7115987788856336
-0.7162894322862884
0.5640488813659696
0.95530153966833
1.2095144163050053
0.18030661791563798
1.860824140197252
2.032329278518364
0.8931037154381409
0.2043011474824025
-1.0194443386682903
-1.0876015198656528
-1.2185140949445605
-0.6732187275091378
-1.0216913569824528
-0.15230692341892366
0.11786364491032257
0.5902360861667365
-0.01646534240146657
0.07608972167372899
-1.1531175213552607
-0.7158052463619418
-1.1993276407422429
-0.8383134423707698
-0.29846707435179565
-0.28163336304191994
0.053739679912752615
1.9138573171670534
1.7699952524308724
0.9825706568850194
-0.10292748814484472
-0.4581832231734535
-0.2633466562471159
-0.7712213678178588
-0.7471055427829811
-0.7461323385621159
-0.9099942461310572
0.814674412381343
1.2744956477956877
0.7563946640017088
0.6624940776792023
-0.16654261351477798
-0.20208605827871384
-0.5634185255423121
-0.9232071742759609
-0.14474682647590376
0.47125205420374233
3.0416464610370224
3.2214968741907426
2.645632910935089
0.702334682464038
0.39505149178554655
0.296212016527797
0.48725457373989073
-0.0702847290057323
-0.7933952942547958
-0.9896654870205356
-1.3857390743139502
-1.622811198626171
-1.3514712774831312
-1.030918934247193
0.6246739513631014
1.6744528543746615
1.9264268632259538
0.6715988062579171
0.5006792888091626
0.7275832175281712
0.32403705134817823
-0.4160557384103292
-0.9119873502161329
-0.7261954120479986
-0.8348441406471173
0.4056510472652193
2.648447396262748
1.9974763524809325
1.0527057420644015
0.28420690176552993
0.526451087579937
-0.028707392525637542
-0.38107725248113095
-1.4060666822638677
-1.3527174376582114
-1.0712386205179403
-1.0672292135325308
-0.9081095837605352
-0.6287340536241768
-0.6606811238127078
0.39229140869319895
-0.6044479553834127
-0.6119992650615751
-0.8132380031968885
-0.9248549590589418
-1.2190220186681253
-1.1867325616617144
-0.29242837959533635
0.19916048276786985
1.6427454190338455
1.6758291306376918
0.8424376981259274
0.14517829423783357
0.11044587125854632
-0.6125701231699654
1.4182278388896539
1.1418896374192076
0.749537968268751
-0.4679996689305228
0.23461466545588064
0.8511548989587183
1.4597830050213971
0.34426213275775563
-0.411789907919792
-0.7474817780972408
0.1869133040275518
0.09891328042230976
-0.24175242999457985
-0.39022183082078615
0.8772073648538212
0.7913694032736183
0.0332947385879927
-0.9149689044424807
-1.1878824384984068
-1.3960735274098943
-1.4779871367728623
-1.5351613091948924
-1.526841573498077
-0.7229247663915578
-0.2918781382880422
-0.1031527068739771
-0.9862318490752876
-1.1058053729594004
0.39204770540448614
0.593355169274394
0.6031216303192647
-0.017038321515036654
0.05373170853670374
0.3782582922664101
1.58571185645705
1.320947584690394
0.8628044766618592
-0.5529693539339924
-0.48544223399463043
-0.5507729418756606
-0.359554308939383
-0.6067578046816996
0.024975249511266763
-0.785930497935045
-0.6849405015398892
-1.1035612679217424
-0.5328786402907423
-0.6660788107183531
-0.5768154096787782
-0.639919221479036
-0.7995975287511474
-0.7851427592703532
0.5400087787122518
1.1858375717727536
0.4393828408952783
-0.11273380697631936
-0.7089929770642258
-0.6960601057243324
-0.7632543404575668
-1.209802524060579
-1.2255135155717023
-0.9344367795704321
-0.3866128479074903
2.027473798000885
2.458040349479706
1.8771091618859423
1.137963362587421
0.7971455796683296
-0.47304780291372567
-1.2231794859073273
-1.1861191926647028
-0.3267215903868349
1.7335746546650237
2.0137720116067945
1.624152034249444
0.765808962771566
0.7024160917247217
0.8963455121956532
0.880063971568522
0.5931714376539893
0.26413799974908936
-0.16837360433556908
-0.0034528864286506532
0.14804185529194197
-0.09562999711853554
-0.08286713329272832
0.13579910847447862
0.026612879938532886
-0.1662497418744323
-0.7453489813529156
0.24697777004549606
-0.1880277818050747
-0.4681829309627881
-0.899554896211368
1.736621729655298
2.613078767696319
1.6988946462645123
0.06581533963130555
-0.8759980431785402
0.4648365523613062
0.5985052272964968
0.4030858864486027
-0.7366453873445685
0.1451044487322957
0.9848824501790033
1.5240201139800171
1.4767255830775452
0.9281594533093748
-0.46691015454680135
0.5071688880989391
-0.5223661182182143
-0.5326065598640012
-0.8156468015777143
-1.0395629340553358
-1.1621833562090291
-0.7070891715900554
-0.2872889876957218
-0.4308537794487579
-1.166786984181653
-1.2039058539476544
0.23333176552000195
0.24515268229963247
0.5120821962523915
-0.23331039219478045
-0.39280010224998696
-0.555558240439558
-0.26416677664939575
1.3011621445756807
1.1966738896759708
0.568149606086224
2.1795130696543614
2.0290466129660425
2.0355724074896195
0.5053938542218268
0.31997877251414913
-0.17782712353895208
-1.0562761923422919
-1.14311406399767
-1.6014899053295273
-1.3245579768455824
-0.4583233796830004
-0.20144210014075378
-0.40259995305582486
-0.9569809283861654
-0.6713752008576427
-0.0825062982416435
-0.3935412983926739
0.10769787758493245
-0.5997667522869135
-0.503877666510303
-0.5745686254287384
-0.905233220433109
-0.06332735724640107
0.4782357870273186
0.3779505361631612
0.2011598146537088
-0.4526610345837505
0.41024324569383874
-0.43469624239865734
-0.044200386282464574
-0.890177022216219
-0.7587409952335219
-1.2074362720528227
0.1788952052819343
0.2746772572810757
-0.04824983132008841
-0.10112294277847572
0.8699694510531696
0.5284657884702109
1.5960336860585238
-0.626034927199004
-0.289802551699845
-0.6689212737631728
0.03498041116143879
0.6883598848186705
-0.16721153612998613
-0.32425851749161205
-0.4694234543801755
-0.6741610961306459
-0.9105297136830063
0.018013214949149176
-0.44366687198520377
-0.47425388471981883
-0.9366745389328452
-0.6707248032831155
0.012735337775982045
0.6962070068991494
0.26297903376897863
0.616464440105034
1.194978450579863
1.6774691159378494
1.423757634562628
0.7398129403696349
0.1995699923247104
1.4620059470657614
0.28459715405495983
0.5921090616698476
0.6669348761420644
0.3600898806607602
2.5369278049536272
3.3687759901497505
2.7961823445065797
1.076386258842054
-0.08371669529299378
0.10838008395027374
-0.6653800762177524
-0.5965496890563323
-1.3128273406735955
-1.5066031999775475
-1.5063962607350212
-1.43935825594094
-1.4674383091928538
-1.6431528492339
-1.5791028552066881
-0.4015765761482516
-0.3121955856241679
0.42544771377058416
0.11851637278525158
-0.4130166049516535
-0.48075690948242467
-0.6885486376353486
0.5880456802348508
-0.048270820261719756
-0.14319019414176776
-0.2984911619980707
-0.23588758127615858
3.0727843453659447
2.9699710925515834
2.1896047784634365
-0.40044165124536213
-0.75995167847307
-0.9670471426052534
-1.3665878159314366
-1.2656558880618591
-1.4554343103962797
-1.573413483061721
-1.1783007737664482
-1.29207482264268
-1.226359013949491
-1.393887285563502
-0.9161759165431709
-0.23847044535143178
0.43894790614582413
0.22742047154722075
0.8734157830283726
1.640303891824044
2.6222597912959578
2.2812345611488367
1.9314431248725454
1.6518880496084085
0.6625030223814712
0.2610604127974005
0.09666630819628644
1.1159793911759273
1.4538020400556326
0.9608408145663322
0.5645546761280876
-0.6431604014793935
-1.1270661385820464
-0.9238347117711444
-1.3143305709731146
-1.1491867776247582
-0.9047046183393616
-1.2062684684847074
-0.40266753075576245
-0.8427001831555156
-0.13965383548890803
