545
1.2712
1.37776
1.16035
0.777536
0.974136
0.599411
0.546511
1.11393
2.53863
2.83467
2.71078
2.29189
1.90913
2.34726
2.09032
1.87266
1.34867
1.35433
1.01476
0.00927376
-0.173718
0.255261
2.67719
2.62353
2.4698
0.398204
0.0390147
-0.053004
0.0103895
0.264994
0.505029
0.47817
0.33502
0.414256
0.704251
1.14542
1.32493
1.58111
2.1325
2.19896
2.02794
1.54841
1.61477
1.24964
0.337997
-0.49064
-0.498699
-0.546566
-0.302002
-0.163935
-0.313475
0.0936792
0.0804661
-0.0037554
-0.305852
-0.10675
-0.0039477
0.0479038
0.0697094
1.02796
1.0839
0.834191
-0.0248857
0.0240593
0.119714
0.426112
1.39443
1.60707
1.83065
1.2248
0.528721
0.0774546
0.581037
0.403998
0.190314
0.0540228
0.66556
0.745547
0.340094
0.232587
0.229886
1.37194
1.63837
1.34694
-0.182725
1.599
3.55556
3.52895
3.4994
2.56427
2.51636
2.14388
1.0471
0.710553
1.0152
0.540536
0.548624
-0.146344
1.01036
1.49048
1.35479
1.66114
1.46091
1.337
0.53316
0.709378
0.96088
0.860179
0.739686
0.669196
0.747364
1.25291
1.1554
0.0087773
-0.135548
-0.0192891
-0.233877
0.305938
0.413094
1.40633
1.59501
1.39302
0.847882
0.847613
2.26093
2.48015
2.5658
0.369658
0.891082
0.954469
0.492628
-0.483393
0.8943
1.05069
1.63351
1.57192
1.42464
0.927865
0.782887
0.609073
1.11166
1.43278
1.13751
0.753853
0.581249
1.09985
1.48731
1.69588
2.73783
2.78184
2.74925
2.155
1.53583
1.38276
1.01875
0.0672765
-0.0147629
0.618597
0.706408
0.559704
0.85815
0.874262
0.881549
1.09108
1.14002
1.0424
-0.192393
-0.181399
0.0166594
-0.068467
-0.092005
-0.0581706
-0.0832136
-0.213615
-0.451319
-0.239357
-0.280217
-0.403577
-0.371624
-0.45507
-0.590298
-0.59982
-0.193481
-0.00445437
-0.118249
1.92549
1.93213
1.41551
0.6099
0.0562818
-0.103891
0.911335
1.40336
1.62941
1.31016
0.946467
0.16986
0.00209763
-0.109858
-0.210624
-0.263313
-0.449945
0.39523
0.290213
0.0839493
-0.44564
-0.152626
-0.0641313
-0.107483
-0.107159
0.808674
1.87358
2.53971
2.46546
0.175576
-0.516076
0.276775
0.283251
0.290994
-0.34411
-0.381371
-0.240311
-0.251369
0.274974
0.59719
0.685678
0.635537
1.50449
1.44645
1.40175
-0.266654
-0.101224
-0.242066
-0.952768
-1.08092
-1.09264
-0.131108
0.324309
-0.272483
-0.255115
-0.0930216
1.19672
1.50642
1.4371
1.34204
1.03299
0.8658
0.0661312
0.162929
0.418102
0.327871
0.682395
0.830234
0.731433
0.230931
-0.302836
-0.392445
0.366254
0.515296
1.57274
1.84639
1.86781
1.23397
0.84021
-0.118354
0.928287
1.14214
1.04658
0.436858
0.0612095
1.09734
1.39383
2.00655
2.17547
2.1336
1.62889
0.153657
1.04847
1.25168
1.45677
1.24961
1.21582
1.05977
2.71248
2.69891
2.58156
1.35294
1.20801
1.58666
1.73864
1.71212
1.31979
0.970348
0.962686
1.12043
0.849454
0.796888
0.633216
0.478854
-0.120517
-0.216426
-0.293837
-0.356551
-0.162469
0.475983
0.428162
0.280961
0.487479
0.450849
0.41771
0.170814
0.202082
1.94561
1.94072
1.69068
0.553377
1.01969
1.40761
1.29479
0.848903
0.923555
0.977633
1.71314
1.32883
1.29389
0.0409729
-0.0382129
-0.317113
-0.183774
-0.421059
0.116636
0.0536233
-0.166579
-0.709315
-0.622226
0.686982
1.91611
1.92498
1.96222
1.37685
0.8939
0.909206
0.800897
0.513669
0.317421
1.12565
1.25341
1.41955
1.40386
1.85504
1.95381
1.57731
0.158121
-0.047586
0.863681
2.57283
2.58988
2.523
0.0808778
0.0774058
0.346541
0.281209
-0.00822007
-0.686999
-0.857673
-0.903037
-0.793476
-0.807411
-0.164299
-0.19189
-0.265126
-0.934871
0.113853
0.063883
-0.0332266
-0.62099
-0.724105
-0.0408415
0.82684
0.256896
0.264535
0.493352
0.727901
0.495055
1.35299
1.78438
1.69676
0.999032
-0.242246
-0.442374
-0.467805
-0.738247
-0.580491
-0.607032
-0.593175
-0.798928
-0.857471
-0.809274
-0.194639
-0.286955
-0.391937
-0.640677
0.227609
0.234228
0.0949413
0.317652
0.0192268
-0.01245
-0.171791
0.0275297
0.180794
0.327299
0.439047
0.10251
-0.236262
-0.672443
-0.600379
-0.660593
2.51909
2.68735
2.62197
-0.38296
-0.619757
-0.748782
-0.814275
-0.64337
-0.50193
-0.708743
-0.717222
-0.451984
-0.562305
-0.584136
-0.940877
-0.710144
-0.814075
0.27215
-0.147161
-0.342498
-0.26389
-0.427759
-0.691911
-0.865535
-0.478121
-0.644267
-1.03676
-0.93415
-0.155436
0.37393
0.664419
0.291515
-0.257369
-0.46242
-0.305679
-0.519855
-1.12763
-1.42948
-1.31573
-1.15904
-0.428626
-0.195588
-0.339319
-0.703604
0.153846
0.25417
0.508442
0.25241
-0.0955996
-0.754484
-0.765156
-0.940484
-1.09706
-1.02161
-1.08608
-1.29472
-0.652388
-0.147403
-0.0351016
-0.26321
-0.619946
-0.630933
-0.651647
-0.559455
1.17934
1.40997
1.22955
0.160982
-0.0338367
-0.488425
-1.08791
-1.04757
-0.986903
-0.965897
-0.408854
-0.327395
-0.371368
-0.980615
-0.988895
-1.24663
-0.789825
-0.660237
-0.0606496
0.137147
0.226534
-0.14802
2.78233
2.39863
1.43578
0.550913
0.612196
0.593378
0.295046
0.156073
-0.11773
0.0874179
-0.245937
-0.452925
-1.19975
-1.14149
-1.18099
-1.07738
-0.899679
-0.716619
-0.603188
-0.451725
-0.512825
-0.560615
0.0427389
-0.0214857
-0.112553
-0.142174
-0.19245
-0.243238
-0.51911
-0.159189
0.135664
0.0519229
-0.232568
-0.648832
-0.709067
-0.650492
-0.66676
-0.682141
0.436603
0.504765
0.272353
