182
-0.456714
-0.72929
-0.257891
2.09359
-0.212013
-0.487556
-0.634611
1.05339
-0.256763
0.0282568
0.580113
-0.614708
0.647562
2.02822
1.38804
0.414616
1.84152
1.92797
1.99299
0.480982
1.81486
0.0518679
0.485932
1.73493
0.661134
-0.0440734
-0.323521
-0.63816
1.48249
1.39529
3.28418
2.1316
1.85006
1.45033
1.62659
1.41917
2.98888
1.77284
0.943247
0.376652
0.337598
1.06054
1.3768
1.48747
2.54261
0.608744
-0.423514
-0.23945
0.59117
0.37482
0.773054
-0.444477
0.393131
-0.599834
0.655361
2.37466
-0.294522
-0.225293
1.18762
0.424924
-0.711745
0.0649191
-0.737734
0.167259
-0.0222096
1.48283
-0.0214594
0.164263
-0.18282
0.513892
-0.595222
0.532972
-0.304174
1.97676
0.838006
0.932342
1.68104
-0.212913
-0.623073
-0.356609
-0.664492
0.220879
-0.417744
0.125859
0.188621
-0.18384
0.995313
0.186963
-0.298472
0.0419766
2.37407
1.77302
-0.429067
1.32435
-0.054544
0.0842028
-0.306627
0.794539
0.122106
-0.0127144
-0.27318
-0.392543
-0.482661
-0.340874
-0.460335
-0.539485
-0.317918
-0.383904
0.9049
3.29206
0.523218
0.154203
-0.627972
0.101018
1.60862
-0.208843
0.0144933
-0.763339
-0.320142
1.44244
-0.513652
1.41242
-0.106934
-0.225766
-0.310181
-0.000598931
-0.703136
0.947843
0.904021
0.295742
0.0023842
-0.43432
-0.778856
0.00834415
-0.0626475
1.28041
-0.549834
-0.255257
-0.288155
-0.645665
2.68895
-0.591789
-0.0575402
-0.47303
0.176823
-0.124301
0.690751
0.139818
2.39532
0.307177
-0.232889
2.25258
-0.0892721
0.828144
0.0374905
1.32817
-0.00245926
0.217357
0.000563132
-0.141759
-0.68662
1.5329
1.07738
-0.269667
-0.312956
0.763902
-0.221655
-0.427551
0.360534
2.94046
0.0624613
-0.0823087
0.844224
1.28826
0.291227
1.43009
1.85834
0.320456
0.958659
1.6209
0.42394
1.63946
