546
-0.47055124784086955
-0.3320223748020694
-0.4563524156141369
-0.36070104095473726
-0.2650772394493708
-0.31040922150475025
-0.30568258274796245
-0.13858498568077537
0.3148136431303797
0.1040217397464064
-0.4619072828011039
-0.47216382687437153
0.03291467996797486
0.1517006062581302
-0.2576804179242924
-0.2639238468283661
-0.33529256717304895
-0.07692471771500542
-0.26172126267159124
-0.26086711492800513
-0.30632144034377984
-0.506705637643715
-0.4730163394565323
-0.38508715773275365
-0.28040646881183284
-0.31123011101470943
-0.10070387231901295
0.06838489708445462
-0.18103078934809141
-0.13044907949887274
-0.40410865462629547
-0.5160331466269086
-0.49370795629911873
-0.5170894771984776
0.15063283192966034
0.19555664248015572
-0.26200675448857375
-0.37752152180613335
-0.4054557898497501
-0.06680478026024068
0.2212647818730188
0.06380801947095835
-0.3125393487859525
-0.42048928398224095
-0.3653192084862965
-0.31669306385901375
-0.389331498883988
-0.32411309425126916
-0.4464567186606643
1.3422962792555493
1.3046099232426718
0.6302837647602558
-0.1873817347269354
-0.007323446689230114
-0.3008174997642245
-0.1969572260348311
-0.36255651422338536
-0.3994528184048063
-0.38817759389425904
-0.3653364359806084
-0.4960216515206146
0.04847505332591263
0.24535783025475025
0.745017333934008
0.7934187155704984
-0.4092104887157036
-0.39846454262393866
-0.4617772390677561
-0.4558383388976509
-0.4548898486004836
-0.4878290299543918
-0.45282930905861896
-0.44999455940244776
-0.2874849347766596
-0.2756985515019147
-0.2559962287017427
-0.41134344822587293
-0.37040734828819044
0.5347923495612369
0.26073468696359836
-0.32310403013315253
-0.39641125071074845
-0.338205667595547
-0.4037257666347369
-0.4675570119014469
-0.36779369611213497
-0.4287813879273163
-0.36834717092211566
-0.23345507817129937
-0.28255254584694434
8.40425337709003
8.240008759981647
9.170603144319342
0.21817494908803295
-0.10472510399308489
-0.3523652263180058
1.0998416691946427
2.0006491776259114
1.520575557569393
0.527714351338952
-0.17028589685319537
-0.1743775939216877
-0.3802243146130744
-0.019772236496756038
-0.003965968492055986
-0.30107909337179
-0.15262411674342632
0.16324424585774286
0.45240456805574275
-0.04087459697240261
-0.3098527341349952
-0.1364223206574514
0.43059176968995644
0.9974534764843664
0.20274705978857854
0.20518932823666244
-0.012072009935986703
-0.10210033024924887
0.18305189456599963
0.247142557652829
-0.38222516019020936
-0.36296106665265265
-0.3344809476195229
-0.37296637904072466
0.33840758694462925
-0.1052266459718864
-0.3443125724723276
-0.41544449235645386
-0.29346682027388543
-0.3138419813507362
-0.23487245119852107
-0.288138768204222
0.1651820795520095
-0.05780287655296733
-0.23442289134008393
0.7350304656493178
0.4242034536976109
0.036100734386350794
-0.30977322752152237
-0.34134052505819806
-0.2908300159500875
-0.20541232904483483
-0.21301543547767487
-0.09452469754049705
0.18777479040656525
0.22650131538470655
-0.36466627701103976
-0.34324106164485524
-0.36258973811759737
-0.3840800099213065
-0.37918680241873365
-0.4060062546300462
0.09881460823263445
0.15846017542055843
-0.38036386731005456
-0.42677218506978265
-0.40782880037734903
-0.43950269888283194
-0.4727013012913274
-0.37711904252809414
-0.3010844712952222
-0.3204421163522175
-0.3971686286905766
-0.3526335185719398
-0.1914609166727457
0.26135200344201165
0.7259240589301467
-0.47838482833120693
-0.4409030251049092
-0.47102499008306004
-0.43234135404593127
-0.429125770841482
-0.4820795427417136
-0.3952241249623599
-0.3945926581787654
-0.4258939526632862
-0.3520155186999081
-0.41903719170972253
-0.3591181462216463
-0.338152573762888
-0.4207450136495804
-0.3981023354127282
-0.489689760472422
-0.46192909390706394
-0.3751489468713428
-0.12686339857004789
-0.1195302948628474
-0.012827051283243884
-0.19042902699466555
0.12312845373326049
0.0774298380080615
0.19313688152666555
-0.4032277432520635
-0.4143993976981433
-0.43122580433322455
-0.46882004561882684
-0.3957012231844666
-0.38373153334919047
-0.34086655090498863
-0.3607989132635812
-0.4470341026175906
-0.4166467383241706
0.22060347190551113
0.08880142654110951
0.3811953265443811
0.09507447582461478
-0.20322942968896002
-0.1197240102968686
-0.33055718842177867
-0.39973877534780544
-0.37104638831885134
-0.28006620070693145
-0.2802546850243398
0.9162229669938865
1.0814819222524716
1.0911793867989723
-0.28218099923387446
0.2938335258305124
0.06693418683794732
-0.23093263583344292
-0.43519153076197364
-0.36371413397534846
-0.3783313915282556
-0.22550638197769013
-0.1996648806908006
-0.3492748808676961
0.1862263468287442
0.12575310090889918
0.2031320025806244
-0.04962502835983041
0.1687866920707763
-0.38689881204908066
-0.4353854006426311
-0.27931260155543086
-0.1151442815384727
-0.2837743962650688
0.0384701060454384
-0.16974004670043044
-0.2750107274118274
-0.36106097573644236
-0.16371313177061703
-0.17749139275996795
-0.37168983405768424
-0.318386760781845
-0.3999345815515262
-0.4128223632293253
-0.2619621231812403
-0.2633017370876553
-0.31073659788853997
-0.1879364981220877
-0.16335981834677937
-0.4284003309051117
0.19122418165694618
0.21908351440047197
-0.01316822800278164
-0.46713213570803225
-0.4971282018263733
-0.40918989810034606
-0.33160717363278674
-0.4095575264776428
-0.38716714683505066
-0.3637633254835249
-0.3918770077314456
-0.33952150454924823
-0.17582894566966195
-0.17111304334825625
-0.3310209920870266
-0.30867404952883754
0.7628654065024506
1.970281569550999
1.913977543956664
0.1600478223470112
-0.2516310546495724
-0.04947666816298899
-0.27018835918408685
-0.41903572043162773
-0.4732720531271437
-0.3584060590265428
0.36420770414397124
0.16632010228576036
-0.10658385302271775
-0.31560344155685593
0.16931131270507824
-0.0229568082600561
-0.24010465631782849
-0.22114671056998075
-0.27389938539254793
-0.39268582242454786
-0.341139428793451
-0.07789529399440029
-0.03210761505737834
-0.1640518935980354
-0.4261594087152098
-0.24951116711960566
0.03007698019572404
0.20105535298287736
0.28508150036634555
0.012717149713424098
0.13539464394492604
-0.3737189236275709
-0.32067883065120145
-0.32684100093373053
-0.1104366036645006
0.0551870428694482
-0.04289068595025437
-0.38184367883705883
-0.4121648822403167
-0.2677587451475232
-0.34193602130554834
-0.24227387038980092
-0.3418624220095783
-0.42154079692454993
-0.4938222584889182
-0.42084301154872655
-0.4639787341414794
0.013397102083486068
0.198781060247972
0.42725309980691384
-0.06469617713036922
-0.023283768272589152
-0.3545231863321924
-0.23664864979859532
-0.13286158528956282
-0.007715101810394709
-0.17585455572684755
-0.15431802589255372
-0.29167798252805394
-0.1697473746490665
0.31932994942366427
0.05426191281935039
0.046964127175214004
0.6488702145920484
-0.014636075201548727
0.5349490785487956
0.7253032892989896
-0.3640832123743718
-0.3872158504639229
-0.3914102512901951
-0.10954411354978592
-0.17836988098536558
0.8531995639500356
0.22927606802727554
0.2887384080582246
0.12023904294032799
-0.2695684054249755
-0.33783782017065356
-0.45649165754919085
-0.4384339527968138
-0.4251993956235245
-0.3767861074968851
-0.35354158260229734
-0.39359962216130323
-0.324259128098823
-0.3962266671622348
-0.415613743822778
-0.38096552455758403
0.953769982836563
0.4134224789655144
-0.13249393867801543
-0.33714395423611887
0.2051601470490095
1.0060742943023995
0.41637058320519854
0.6563185149750975
1.0584578941329974
1.394534263155934
-0.28633258838130204
-0.363968333989509
-0.18958670601651711
-0.32950156354378324
-0.3333243135286467
-0.45762633866377533
-0.430149755681135
-0.44464200757306444
-0.3425632737960998
-0.31030059713052344
-0.3174478640099639
-0.4486928795897311
-0.4580839590072265
-0.21711462339044613
-0.3410501525188832
-0.09991066624907033
0.6819554773103843
0.7035019023369055
-0.09895577958731805
-0.14352553966462178
-0.04037182402918016
0.023959877509614952
0.0630076744013861
0.08750866026824194
-0.021245545803540915
-0.13373007759507471
-0.2895525217707559
-0.41162857625008226
-0.4198290984706928
-0.4357134675557533
-0.2794691026792381
-0.22331976712821652
-0.3090550456576498
-0.3251012695343365
0.09484444981051712
-0.18562632748889413
-0.20407154388027426
-0.05791270492753284
-0.4247016629350827
-0.21558671816333774
-0.17898465853145662
-0.007382200392109225
-0.25341747973336193
-0.38773493198364845
0.12293514467283002
0.07797472767441105
0.034693438230631514
-0.3249624718496847
-0.3746224664152327
-0.3707189006390151
-0.18068854996148417
0.032297669788025354
0.6894011360306151
2.4656246810394746
2.6405883506227186
1.66370375966535
0.18179364342694207
0.7742420638538123
-0.01884153035474085
0.11675000846853632
0.039574237380564564
-0.022461291386848124
-0.23988021855073446
-0.23630532683656616
-0.4332386182692549
-0.21121527248465538
-0.09589242642616613
-0.3895121065791792
-0.1458943438419255
-0.33527528656944655
0.14097995682178238
0.17984290128112115
-0.09025497919251874
-0.29343460185178444
-0.41201203996569513
-0.4789793646511108
-0.4393807441729918
-0.33882033465010986
-0.35010246155674796
-0.2585670107522083
-0.32984337830513066
-0.41026545121964414
0.03384676375322134
-0.04448108027484802
-0.17830555694700773
-0.43751419655837837
-0.34945014308491473
-0.33002886933119324
-0.30612372709298785
0.07768231583916971
-0.036469829550001935
-0.38642949440977636
0.34148466424904655
0.2814002835809017
-0.09933476091642436
-0.35377831607475224
-0.35854001410215264
-0.4303513497623958
-0.42165237880068335
-0.19164315955537511
0.11762493864561398
0.12457456703334296
-0.1971164313213737
-0.3365272381105615
-0.2575849640965586
-0.4329916429095746
-0.4893914724355326
-0.4827392234630276
-0.4073354180601844
-0.35600700529307033
-0.3524096946311434
-0.2674946523144704
-0.269935958766047
0.027310153565288754
-0.08833133696719554
0.026553523928349424
0.6278104942536379
6.381250342473124
6.237354397889165
7.560808204105697
2.049987417317991
1.2754489549722108
-0.0615338257458613
-0.34643381765897996
-0.35228980884738786
-0.19218619266348339
-0.34516395681323603
-0.3573391539011265
-0.19058291339208863
-0.25644907634027064
-0.39290666801783547
-0.46958281390244055
-0.2968711743325353
-0.38396524351487554
-0.34816312714019976
-0.33156003473773343
-0.37938257268511155
-0.4391946616960519
-0.378159678522415
-0.3238655861722768
-0.011173596001049923
0.02460454665956964
-0.40088418761591416
0.056273814785123874
0.16731254837695259
0.03922408182126046
-0.37470021372161605
-0.41714222616497687
-0.3987801988992497
-0.011376627805214546
-0.1269530494365557
-0.35946648931454017
-0.18459982829104618
0.15913231645179846
0.03433721106900138
-0.17955037572837426
-0.2575423482087039
-0.3866366552776139
-0.2590099589075967
-0.19693748432530003
0.04085740137968076
-0.09070606235991148
0.5909165359817692
0.06588539865492019
-0.04306799178613017
-0.003043573850221559
-0.09996126623043726
-0.4285247442385908
-0.15048519209248637
0.048148722539517935
-0.12771856731646797
-0.26839551125141037
-0.2013173849420992
-0.21753620816868452
-0.25345470140539866
-0.3256697403426804
-0.10914524532261452
5.1303096384178
5.005705715747282
5.517867819869453
