182
-0.598269
-0.834268
-0.388722
0.892999
0.327634
0.202207
-0.505672
0.445481
-0.345474
1.02085
-0.448918
0.102769
0.472461
2.7036
1.16452
0.143568
-0.776255
0.84079
0.149683
-0.117006
-0.235441
-0.27215
0.155595
-0.510509
1.66574
1.51277
0.373449
-0.587
-0.112149
-0.61259
4.02324
1.19242
-0.478556
-0.25567
1.49897
-0.645671
-0.00418162
-0.443804
1.46269
-0.650214
-0.718933
-0.609849
-0.360023
-0.358895
1.70301
1.23808
0.394189
-0.0740493
0.158706
-0.500881
-0.421521
-0.0685525
0.475348
-0.478383
-0.588777
2.72811
-0.563578
0.836153
1.48589
1.73917
1.11458
-0.345015
-0.348869
-0.0520398
0.1389
-0.431814
1.23008
-0.484476
1.50092
0.938048
1.01364
1.35971
1.16092
4.52342
0.501112
-0.243413
3.04331
-0.143204
0.510162
0.37045
0.665795
-0.638796
-0.604328
0.66911
0.430515
0.304027
0.950778
-0.187128
0.870607
-0.378504
0.565123
-0.0411617
-0.544962
1.06723
1.42396
0.226322
1.20496
3.37639
0.519713
0.078182
0.780882
-0.673306
-0.491433
-0.120302
0.12969
0.379241
-0.329473
-0.55651
-0.245635
1.6096
3.49748
1.76595
0.780182
1.45087
1.82286
0.591762
1.12263
1.52818
-0.403287
1.47701
0.851749
1.4729
1.63083
0.115365
-0.247031
0.979327
0.327779
0.400358
1.91671
1.17192
0.928008
-0.195945
-0.038511
0.199264
0.201179
0.267631
0.331808
2.1124
0.103652
-0.318948
2.20542
-0.539088
-0.419526
-0.526636
0.102223
-0.521984
-0.116856
-0.372298
-0.465355
-0.596641
0.394117
1.2228
0.136297
1.74492
0.777055
1.78489
0.878364
0.414195
-0.385804
-0.270848
0.108927
2.00832
1.50818
0.480771
0.235406
0.449869
0.722694
0.901184
0.75574
0.304053
0.780777
0.864713
-0.271384
0.466671
0.0599365
0.778896
0.740959
0.23026
0.988552
0.384558
-0.333719
1.70454
