182
-0.2955361198890276
0.07992421168694971
-0.19515632759719623
0.3285705557815901
0.11213593216001996
-0.13758253572273973
0.9178196301433869
-0.6101898093948167
3.5471794319042034
-0.6030346019794728
-0.5841518048774771
-0.3433438120362112
-0.4949428964051906
0.6129676011571347
0.8113061565006983
-0.03782731715702058
-0.5795278992603689
-0.5830775712658396
-0.3711389728078933
-0.16696669829748212
0.6282078591529636
-0.5344874997846405
-0.4710413515014885
0.8950866818559767
-0.5491982980406518
-0.5498232689000205
-0.48870462476960563
-0.16831734987868432
1.037737297177929
8.062811799158593
2.924427369042764
0.05745591558034222
-0.3541847234401127
0.15592863575799015
0.636186600479835
-0.19117639873698725
0.3353930831076849
0.13260212180784067
0.06015697576012362
-0.536275785486991
0.5978328249288527
0.12417717926616148
3.6711002650985334
-0.2192166313023414
-0.48970442378813367
0.15853257308134405
0.6904367206398468
0.15331232673485032
0.13995366931402928
0.5421547157026828
3.765752643994581
0.6928949893438388
-0.25996117981431716
-0.5287160226487245
-0.35138510743836004
-0.06088717695452066
-0.41804729400885227
-0.5307752579285754
-0.6369224813997874
-0.581194660056373
-0.6026953494039938
-0.1725138268181173
1.2102200541084063
-0.14246480895180422
-0.5212803942965614
-0.24137780773833822
-0.42134465767828727
-0.568487538935532
0.03047098386480507
-0.5419912405092823
-0.28605650788821924
3.968683625920516
-0.6390402033521165
-0.2128701852288544
-0.5790617719546923
-0.1999796897938375
-0.48177961124958507
-0.6281817801398706
-0.5161911240882373
0.23680926298665625
-0.4147595960615166
0.6719842487596878
0.4311611057665561
-0.4513608178847946
0.3080908034113447
-0.0979060960257877
-0.44493704980700755
0.41042348682193946
0.25929720683083535
0.24416778111668935
-0.41801565802059865
1.324320436155341
1.214822755466085
-0.30564869907748915
-0.03234852488441178
2.840251818720724
0.27029220493473616
0.46504972660318245
-0.15388802722697376
-0.02669697368940257
-0.637736568215033
-0.6063183328077683
0.33639098349901253
-0.6417962792226256
-0.39911211731115204
1.3803928168368338
-0.27624083097349295
0.1436133274981602
-0.60021091392954
-0.344228101996131
-0.5777104468811202
-0.5110520775903356
0.7219122950209701
1.2765354190737264
0.020840449918721214
-0.29226209984345514
0.7024018296681775
-0.427558530937661
-0.5682646483697529
0.2897874901546342
-0.21803001589260831
-0.41449489493490044
-0.583405425138559
-0.22182904449604718
-0.6277745445965233
-0.27173531348655483
-0.18624823795456522
0.10165486561714401
-0.32154407294700565
0.003716077753608606
-0.4934869375446542
-0.5140316519381987
-0.5491204158712967
-0.28377226064107103
-0.5544437108531972
-0.46661215895383734
-0.25894594864257797
-0.27885237828970477
0.04402727594230232
-0.4524896121241817
0.5753110875697115
-0.5300156476450971
-0.5130066591563347
-0.5636178049464626
-0.504853655025369
-0.5702897503847356
-0.46920045840062485
-0.5011768889765182
-0.42507526557584857
-0.3580240295897959
-0.5506515960065487
-0.49274420280688636
-0.5073229657683287
-0.5761395154663985
-0.40781321484202404
-0.05606373718719086
-0.3088660721214071
-0.4980373024615604
-0.5042074798257439
-0.3867104196460523
-0.6268822656643586
-0.4950230533815221
0.6554219491053476
-0.27477883694246524
-0.5725587046902832
-0.09448113720111022
-0.45515235434809437
-0.48668351178720426
-0.5271199542788968
0.8100548386450177
-0.6221497864862989
-0.5814178356359285
-0.4829530321792764
-0.48602524067126973
-0.32475943118771805
-0.5495006240834356
-0.4271232565737454
-0.44815130312084334
-0.4731571494451967
-0.5176251123600902
-0.4644107943520861
-0.5837005082100399
