182
-0.106231
0.514002
0.154163
1.54803
-0.441196
-0.31849
-0.669118
-0.415799
-0.642782
0.523929
-0.495977
1.14247
-0.506047
1.89774
0.120585
0.63228
-0.395369
1.1262
2.01478
0.150403
0.53805
-0.391859
0.473239
-0.29635
0.0793103
0.71761
1.18199
0.393578
-0.338442
-0.489691
1.96066
1.48566
0.486699
-0.752714
0.313735
-0.00674888
-0.234382
0.246528
0.550002
0.61926
1.62843
0.506745
-0.266278
-0.336759
2.18553
-0.352615
0.33859
0.326366
0.121857
-0.0169288
-0.671038
-0.673599
-0.196403
-0.125047
0.0574782
0.605838
-0.933774
-0.850499
0.0857435
0.819039
2.80444
0.713721
0.426823
-0.0472987
1.3438
-0.512543
-0.388056
-0.846313
0.261925
-0.703925
-0.804456
0.9651
-0.798278
-0.228626
-0.32948
-0.678744
1.83745
0.343285
-0.971125
-0.609044
2.20756
2.67157
0.979664
0.576261
0.260434
1.86498
0.557965
-0.297736
-0.171047
0.529784
-0.333213
0.258838
0.572542
1.55443
-0.0748485
0.0812317
0.0979694
2.59041
0.1907
-0.235165
0.521957
2.98051
1.17228
0.533973
0.17157
0.760959
0.643891
0.979631
-0.239238
0.835525
-0.241744
1.83401
-0.544167
0.286915
0.7399
-0.596958
1.36734
0.390048
-0.444344
0.725589
0.234463
0.994937
0.523917
2.48827
-0.0244619
0.0173346
-0.420845
0.0202402
-0.0238051
-0.149573
0.180881
1.19394
0.652907
1.61989
0.194139
0.569037
0.0192833
-0.238417
2.11053
-0.294321
3.64138
-0.641261
0.667194
3.54692
-0.364215
-0.0962671
0.885121
0.187731
-0.113083
0.0682647
-0.563657
0.454043
1.1515
2.07091
0.557927
1.42987
-0.253251
0.51902
0.737603
0.430098
0.621512
2.7778
1.11506
0.0929782
-0.072045
0.641597
0.0205272
2.49513
0.689693
1.17489
0.0548687
0.77086
1.19695
1.69602
2.95147
1.49332
0.708962
0.351864
2.67616
0.636519
-0.191989
3.18547
