546
-0.4586114641023881
-0.7234776043712992
-0.8312148753969408
-0.5900339699530794
-0.7101024604469683
-0.7739366967431377
-0.8274921782243838
-0.2215498044881357
0.0679585413981718
0.7651385854906404
0.2750277195441494
0.3638573187776584
-0.550031103476241
-0.3655468058209603
2.5346520882171366
2.326013883940282
2.037002684155709
0.2527513436603547
-0.7386593231880766
-0.9474517126222923
-1.1486483602858395
-0.8180869028814858
-0.8645537994814937
-0.770283589079005
-1.365082676096566
-0.8476264203993338
-0.8546388586427192
-0.6868532862897019
-0.8310554577500229
-0.27359216692212573
-0.7468912024363902
-0.39542196309731825
1.0165598747493496
1.416800134544558
1.6619558314991796
1.2651260948174714
0.6216505884588303
-0.2544957637795943
-1.157616354168537
0.029554517311098677
0.6074094048727412
0.034306012588653165
-0.44335688200212897
-0.9055839061597131
-0.7206704557973482
-0.9440350720781567
-0.37289990077204105
-0.8421402791763432
-0.8754282795510883
-0.39309431632782843
-0.6273610628025137
-0.5150358477859466
-0.35102950305596314
-0.6720034023889887
-0.41321713889985145
-0.8662441082861976
-0.4179192725058181
-0.5804342070983922
-0.21603612138737766
-0.36687571766009575
0.25148992415804877
0.3726954163439852
0.07186623913526985
-0.10566442179160357
-0.6371388437877632
0.16472686840446538
0.3194467723985723
3.919642600431521
3.1728157422929355
2.231141717927802
-0.4236427867555863
-0.8834969178758639
-1.0258048012412255
-1.3994056466674862
-1.2916668380947494
-1.347691783174797
-1.1339223369948233
-1.1134410153639762
-1.0181260051178045
-0.5201068762161349
0.3321262710466778
1.4261192674331165
1.5709507062240928
1.2663292661585817
0.38337045142827086
0.1379813727934533
-0.26703935294699194
0.7587708734666156
1.0640790565087093
1.5021583931046505
1.416029478632845
2.1127317569681447
2.598062151445284
1.2311370401628887
0.07435963594804028
-0.7829992509317061
-1.0543191530456557
-1.0312152782651047
-1.2276707846028665
-0.8706436737648452
-1.032099068669748
-0.010850681531800544
1.9477664890287798
0.9721386553470017
0.944533706636818
-1.0409338603591702
-0.7113874185917586
-0.275196566016898
0.9152740578397791
1.1188411263650961
0.6745009378223183
0.4468543258276221
0.10914881010790968
0.9763719667197879
0.6392224319130356
-0.5389137357091215
-1.057881879554244
-1.2859268607783154
-1.3498466776563895
-1.2367757458307733
-0.9563386098034059
-0.7445933110409378
-0.6300072329416259
-0.32899757109232824
1.4472255335330444
1.3903468733399937
1.039269068224614
-0.6000089110976546
-1.1849995023230633
0.9280630613319543
0.7855328886608813
0.9744769592716768
-0.8484820672362426
-0.993738156035366
-1.3148323207874761
-1.4980855277071112
-1.5642814788769681
-1.3393159661640623
-1.4134160626456294
-1.3804194459012629
-0.8157280510474018
-0.4336650839944189
-0.015918391024530024
-0.1874886599733568
0.06399870442153134
-0.07357130896681364
0.16917658127384108
0.6165654461382036
1.5063872664258822
1.732247120539732
1.1596605866898075
0.26771057588140795
-0.0647015571954364
0.046213321177796446
-0.5699963341116554
-0.3006510065476523
0.02503383683718946
1.2198373040174455
1.8432659308453685
1.3745018446013189
0.5379772170605116
-0.6379729574996531
0.5745568647365783
1.1505434285192562
0.8737564627026725
0.09106115984700472
-0.45297678486396353
-0.38039698709549236
-0.6706445026928648
-0.6884172134529011
-0.8599184021238562
-0.8237167674966079
-0.6034246342465295
0.12893481365565743
1.295438965647024
2.331023671319767
2.5037237577485247
0.8656847319509549
0.04627232064268081
-0.16180309806969834
0.16841400202015175
-0.01648036439165013
-0.40781337742311974
-0.8319247698936576
-0.8899987297441712
-0.560345548714692
0.7966640348925248
0.715336440685016
1.9389190875385753
1.2652505923654733
1.7505485995071914
0.31764183778921384
0.2746409690732315
-0.26042407661682954
1.7060242763585454
1.8510263945122325
2.0749918488030654
0.16031082832872046
-0.5414238377898902
-0.4271533066987586
-0.9001039741461692
-1.1501962570488857
-1.179446072088825
0.3769847019167436
0.834890870765697
0.7631496021788801
0.02019911317989102
-0.35131556012978576
-0.9762113469463957
-0.8645871403220241
-1.2905613341267954
-1.3842687990598406
-1.08265278460895
-0.33729628936212164
0.12921404113152815
1.1834645123714012
0.04318605267453454
1.8128250680805016
2.4028256896304456
1.9022802636826692
-0.22405694137560392
-0.9448655866850704
-0.6960498094273113
-0.9947125895643388
-1.1676413892770405
-1.020887701824886
-0.7658209507672734
-0.2917164644760654
0.817593249383067
1.1356098297971045
1.0455659175502743
-0.2920825804756569
-0.6544598344210659
-0.12346689202511872
0.32998515025238045
-0.28951083852398435
-0.0006225311503105204
-0.6107341557535938
1.4777275939175776
1.3977520378238941
2.166602707133539
-0.15170771560239002
-0.5585822480954233
-0.9400552541479542
-0.7216018707601133
-1.2793422084418964
-1.1878549496190824
-1.0936494454641787
-1.353148995624444
-1.3171621100781643
-0.8753485287531784
-0.7699408893295957
-0.14550907461797138
0.6822607505698997
0.8144895499276918
0.3280276332434672
-1.3794816091168451
-1.2045481029692888
-0.41590130019856886
0.5136940075073397
1.349165080609389
1.774088038577474
1.432079452515469
0.3816606568585443
-0.6624905999700305
-0.29244762952118786
-0.33301267818179553
-0.16080604407928256
-0.7091733668764415
-0.9414204282534298
-0.5399807024648287
-0.4153694328304592
-0.22313213609613855
0.08797055020648901
0.09607532109656901
-0.18123490574946813
-0.8890373175308677
-1.0738500735512226
0.09413924882688886
0.9760912371104676
0.7243920530997107
0.004096510082993679
-0.3957749856186719
-0.06448363526199545
-0.2632555228827473
-0.7685702047685385
-1.1545036243978182
-1.2171047999908906
-0.9241281555153813
0.8363131947419291
1.0946341046058203
1.0761190194037156
0.609974505784135
1.2544762837758598
0.5040725959443619
0.0601162122680332
-0.8981331337818357
-1.0712834360240089
-0.9393246452894879
-0.6050962732905175
-0.4959040535966937
0.8848290058916953
2.60637966759442
2.747568418954004
2.2884695240981023
0.2235038965436913
-0.5022102878397179
-0.7585451498648101
-0.013640888590618305
-0.400057844935105
-0.45841036253961803
-0.7767162254462749
-0.8937643228755305
-0.8386983464479374
-0.812436810902665
-0.6968513764749051
-0.9763110064724553
-1.0419693206223677
1.679731902673981
1.6601012452356418
1.6470383271871056
-0.6919184374499784
-1.0757227894460255
-1.0458695851040742
-1.150973905272562
-1.237355304705637
-1.3702387100947568
-1.192246340205755
-0.6738075996186058
-0.5304413911269703
-0.7353924255544761
-0.5525111574944955
-0.45504908860748416
0.08115745921071413
0.44133190499533886
0.47819066225764956
1.343175937042709
0.8730218004984819
1.1513306942895216
0.3900842516436489
0.19591653262854006
-0.02957382108179662
1.9033760702327724
1.7789188943154604
0.7424747267293392
-0.687293489176668
-0.3921892628363738
-0.47523898310037244
-0.8841857612688013
-0.8957945201896855
-0.49832460516603094
-0.058846336716085045
-0.8461774011354988
-1.0002979424781253
-0.8831666008691131
-0.5264054714073599
0.2834271805248821
0.5732373244165475
0.17962350287465528
-0.7778387114225619
-0.7766609169240761
0.687628374897559
1.4257483850206552
2.100814005646596
1.8358212774006792
1.6144740493724428
0.6072422735779465
-0.19760911363273725
-0.913478544485993
-1.138917958446468
-0.7493971490035022
-1.0303192369002074
-0.35554226746529966
1.393163477747496
1.3519509615127714
1.1022933221306497
-0.3790987801583949
-1.3695075515473238
-0.8591159090700626
0.700549780701028
0.820942031296516
1.231537829561555
-0.3621508990728976
-0.7128971566332454
-0.7479225541864702
-0.9528746120157697
-0.8520854068440189
-0.8057846133861997
-0.9694816565125207
-0.8663096934539556
-0.6239828786865532
-0.780040266600939
-0.16659074231817558
-1.0822701173552438
-0.8662040771914918
-0.8524317136464548
-0.7432446049965362
-0.4395866836352599
-0.1344566838024728
-0.641187592633111
-0.3158345247292341
-1.101855414527737
0.18585739706500806
0.05408349901060003
0.4369722083574144
-0.6369721190484051
0.1412011704059745
0.20243981679927864
2.024502757901606
1.3931056162427204
1.1036661569556803
0.7906655542926236
0.8673501866669152
1.4268852394958227
0.04259093681918138
-0.3604068525997884
-0.07907416379485145
-0.5967898497004218
-0.882301466061131
0.3688535894188013
0.06721610663827986
-0.08333445513877671
-0.29101122886879965
0.016980207313766447
0.9883551977890609
1.0781810896826085
0.7036810174039023
-0.34954411965245774
-1.1079862755179821
-0.7906781011840011
-0.9708960409015065
-0.9372300805433622
-1.0208191493116472
-1.1170045452766186
-0.7842995952690909
-0.49807145022481975
0.8053321977497865
1.5860688973417616
1.8057965753678302
0.7384744899491303
0.4622413103885989
0.6584902902342111
0.5294544245163169
0.2740307587628822
-0.3851085379658584
-0.03148920963921277
-0.32902178232559626
1.3094005044355672
2.6679751895881396
2.3103146428091197
0.29358143656729485
-0.6258906128673257
-0.7354410570519759
-1.3066844228319334
-1.322940819604589
1.7960834835313932
2.657440180550374
2.3372843189480554
0.15126942150848605
-0.0629796563910332
-0.2980843996532317
-0.5355305349681799
-0.917638961273825
-0.7979789600428829
-0.22858635553651913
0.13016207430629975
0.35198264180463407
-0.5376627879308089
0.06077343117405172
-0.13693033011230749
0.3694070273585561
-0.3555381467302649
-0.22188769071296433
-0.5318605547827565
-1.2841030961854554
-1.0386274464543976
-0.3297813058134262
-0.015913682533292596
-0.26850589497758887
-0.45333680604197024
1.23392079354478
0.9661878197482712
0.7124421525974808
0.9446093592443925
1.0596577945782564
0.7474447518264078
0.030470207502190174
0.1514476310370842
-0.6532077173402833
-0.738217663086784
-1.3421923699928129
-1.4622554561299232
-1.0098330119020134
-0.4429830228358307
-0.19086733215367105
0.4197727300253621
0.1581380391084664
0.42460066766129856
0.6977019165748614
0.6994279970346748
1.4296115919174837
0.31857344745875776
0.5776801456419624
0.4640483662715243
0.3607248955785809
1.0331873738221145
1.1959200496276376
-0.15384243761339578
-1.031246595464313
1.7738893149761503
1.609371060164131
1.6647266836627153
-0.4042780499432409
-1.2640041028671265
-1.2833050335194323
-1.2503104080781053
-1.118072387702581
-1.6335765732368195
-1.6114366360050958
-1.4324129112891921
0.26923371797088386
0.46360695415031794
1.2787797417556832
0.5548859165503972
0.24731243175391868
-0.09778479812094544
-0.3870104260167359
-0.3660693305072891
0.8069135147937625
0.2676120650240104
1.4918507434202133
0.2964336039896858
0.1464308131865168
-0.7871377992309811
-0.1230550507223393
-0.07247587168045566
-0.26506365169273155
-0.7806041078738276
-1.0783705749249464
-1.108239628340707
-0.7932342333864665
-1.2352297665730434
-0.8507773552792985
0.2482087386971208
0.9086211591410343
2.672022430825309
