182
-0.45569029687028795
0.130298691609321
-0.39624156085014695
-0.9265130981697467
-0.9669054124402334
2.690392295672767
-0.9517524203855605
-0.11945576029466734
-0.8423792290538772
1.111752419737516
1.2630285877421479
-1.0326201269642616
-0.2617750995576593
-0.6431172737952826
-1.1792601115772152
-1.0162481053635568
0.8928297850838104
-0.48690526858224037
0.3508173901927712
-0.37922781162490926
-0.29303053120555705
-0.7027877693550787
1.2642024103140874
0.04794645563242392
0.6040395856510533
0.7525410242831856
-0.6847406648256817
-0.8777131484978609
-0.6120854842856295
0.39878373298268954
1.731037746767173
1.6248552767641298
0.10090015558744748
-0.5395386419580708
-0.08124477468041402
0.4952996840420573
0.35717551409181514
-0.8814246371587285
0.18217070919905037
1.435143628225513
-0.30532943892900627
-0.27138904576436423
-0.29500418275262297
-0.8060756677593796
-1.0644845190880077
0.6093180687256727
1.7211182240905025
-0.18790900026451712
-0.7775956178183425
-0.03213448542350066
1.1474948817247255
1.2258064919774188
0.14510423632871491
-1.1558821808601545
-0.7429943566149603
0.5032645913867192
-0.4809850513431081
-0.5088541285304152
-0.6180308664939637
-0.195237321457993
2.24670279842198
-0.5167690796591751
-0.7212824853687182
2.214727781268692
0.8778355535635654
-0.5000371122541954
-0.2643155274843428
0.13873502284331587
0.797815018874442
0.016165521614100693
-0.6815761682884389
-0.6593918768376187
1.181465306350442
1.6315826932475346
-1.1139339452162718
-1.2038821881878219
0.4038071038376921
-0.41885763553875466
-0.8064580167181555
-0.9672015473597869
0.7535406558151537
2.063385061837071
0.41427393500787085
-1.1815088691097775
-0.684168172511748
-1.1749231854636553
-0.5023978441916265
-0.19754588381545163
-0.4312284276191457
1.6947607088386798
-0.542632918821676
2.0789905591980977
1.1617891437956798
1.7690410336620708
0.49515408739456507
-1.0071493472273634
-1.049562990388006
0.44530636510788146
-0.5761363664669928
-0.3581080090577094
-0.12903808791414312
2.40352156595101
-1.091858205360636
1.8386905035025827
-0.7184746729718551
-0.924362637829174
-1.072247343726087
0.3020606734951215
-0.5260304388217512
0.6015918843573373
-1.1607641611810726
0.7138669364837374
-1.0306976996931925
0.5057506921207415
3.609485538826682
-0.9400254491854054
-1.1336147929889158
-0.4679152683590337
-0.5372557647389044
0.6742849143219058
0.25427420855780813
-0.9262771551062828
-0.9352188513572139
-0.3523735022671832
-0.9993323325262518
-0.33684774417757724
0.9523088325652568
0.24253572250931665
-0.5926359475358174
0.025261253768726285
-0.15867568186345632
-1.0389832265788883
-0.6782213305714836
0.8118247733212788
-0.27813179729045545
4.237760720674727
-0.5707712646940433
-0.738464481873176
-0.16333565285357743
-0.09317210526893244
0.8037813588813078
-0.9077267204277404
-1.0810495896909769
0.18533034307848026
-0.0944369004174379
-1.0820140892573142
-0.6580226109677612
0.07267320190827288
1.3272825628316625
0.6244175194095967
1.2214027963985
0.4840212238991884
1.1087445902529545
-0.703110562977112
-1.0563305410956099
-0.50383886571451
0.06314136582095214
1.7791170177778064
-0.9441223004401431
-1.168695588911115
-0.7666767878617531
1.338452644056773
-0.812438110072797
-0.9887602508909007
-0.6107453759868016
0.8915259573480725
0.524306914488576
-0.8279976081740967
-0.4188010750869513
1.474414440385903
-0.7385343289807889
-0.2486632599019137
-0.7937150817813222
-0.9389606898533122
-1.0143283761486577
0.5147751396015354
1.6108299818291876
-0.3782405643011384
-0.16613677251255307
0.6500509714993016
-0.8723298450390407
-0.3158540070062567
