182
1.299957723571507
0.2184074160089195
-1.0859770763743133
-1.2991756093348972
-0.2084152906769816
1.1555104261421394
0.18841938545438783
0.2919377655770233
1.7596616441890542
-0.23141806139412233
-0.716094444946933
1.066942320263581
-0.19828849834320667
0.25488827225763644
-0.6955687492594795
0.9660600602316577
-0.7289974466241098
-1.1679889254281268
-0.7816800346567555
1.4702845430670508
0.556947853778896
1.3189803401981517
-0.5761359439717395
0.046822471681995444
-0.34918100080158476
0.6966725687105728
0.6638374913684507
-0.8570228090691993
1.3206520198310312
-1.276179803966134
-0.44567188206016245
-0.9099347038659823
0.01677467163945868
0.46374895809893857
0.04271778343046486
-0.5127721310021017
-0.3170076999663475
0.4274688485771725
-0.3694027506580325
-1.4675719968303065
0.3429296179749598
2.80683018320695
1.41814955301934
-0.5255095481914461
-0.9629827638562284
-0.9929866464818641
-0.49254429840989244
0.9097991746842019
1.0375042971485742
-0.08533605122750577
1.0101001922612476
-0.6944674343722157
-0.9292945609502945
-1.3623849028501704
2.055561583879066
1.1140249890977856
-0.7269745455181406
-1.14122216521018
-0.8236107346586296
0.9158795941394225
1.0732139324105765
1.6180939758137012
-0.18449173306764283
3.2239799645512535
-0.9913322026736812
-0.7912307125304185
-0.7056749142281904
-0.8803727538000707
0.27089084104119754
1.2833666437734743
-0.7396101239759847
-0.8296482664197856
-1.132193933293636
2.635527225622998
0.62956260361993
-0.04385138249353864
0.5684546428555242
-0.34866224925211986
-0.8271814495251947
-0.8032737756261498
1.9710277619843388
-0.45297565271513734
0.2246945214265156
-0.9324416318569578
0.006121930052297653
2.018293385178759
-1.0249838912343296
-1.5601247519521946
-0.9926271990660263
0.3437743573825675
1.1958342267266877
-0.9112451082120816
-0.9173185180492994
-0.17243923725217175
-0.10863175672624582
-1.479728077872998
-0.7197593308640222
0.05383017727038026
-0.03661777240711734
-0.1371249783775525
-0.16037554010546728
0.983204064430367
-0.37479487161546826
-0.36085803690889084
-0.07427654809353523
2.6556903330666084
-0.5570430675831889
-0.9266342681132551
-0.3305197436055435
-0.5879807616881721
-0.176796226624237
0.06833972935304418
0.6261305324939145
-1.1613782574378115
0.21732860551348293
0.7714046830935968
-1.000428933321031
-1.2635272288367676
0.30557591692042646
0.3791955129349451
-1.5174207641432884
-0.8400667387592303
0.23711805170535
1.9166918798806913
-0.3983447010154861
0.7368743533043136
0.33274168163935214
-6.881725360763216e-05
-0.5320237693098732
1.4762719721364659
-0.11227989301281163
-0.04032502260838423
-0.5000185746118142
0.4003951987762315
-0.09376325208957842
-0.5115539274140675
1.2585303576146798
-0.13184127655198863
-0.6516785827601274
0.4298165634057116
-0.7894489189004229
0.08864719628154938
-0.8023485339279853
-0.2863904871610488
1.4669288964535816
0.01783100670758286
0.9304157657313652
0.27846634696717554
-1.6844854231682103
-1.6987714492700003
-1.0139141258780417
2.5185037781994803
-0.13382519806713847
-0.49070676328564333
-0.4494097107998367
1.3068244224101324
-0.737120397233757
-1.1943514168918437
-0.7850585389934069
0.15975076625124357
-1.5917627236651424
1.2295934957987782
-0.44868813404658037
-0.04625787529329065
-0.26082123524132206
1.1611481035399551
0.5252406359310875
0.5223572587396226
0.6578006313422418
-1.5782599122873522
-1.9318711603174767
0.5648652117324979
-0.12382498048733323
-0.8802302907210107
0.7438890699858332
0.6574110982929537
0.22718529244783686
-0.5497515162988922
3.002817868995537
0.12043681646341983
-0.8098223920910755
-0.683101135820826
