546
-0.047646771283931286
-0.9607432391732305
-0.318217284667177
-0.05403659073597789
0.9699132582834947
1.2250098924807966
-0.2526157443993019
-1.0648530704149473
-0.9984914482553686
0.2739544556630402
0.7929401292976191
-0.3001254000222792
0.3921768901307923
0.023731668750346647
0.8981230100552435
0.029252896343286813
-0.6410360822007434
-0.8792962958823216
-0.7028576197880795
-0.530566643138873
-0.35347789687387066
0.20147363154441447
-0.048300320679991196
0.015692322081847586
-0.027442267387406835
-0.19227379204063755
-0.8841195952429667
-0.6352875722458695
0.04094518483489462
0.6838732493225744
0.20511851819932717
-0.590633509428667
-1.0088395950705744
-0.2802477251481336
-0.16692499060946692
1.308800807612554
0.8242555146550432
1.2722167280164196
1.861232070449726
2.245446104386093
2.410207617885213
0.8559900326112089
0.2604699009956088
-1.0833428678792936
-1.0304224696062796
-0.9011437526624035
-0.889614962096401
-0.6879780384557073
-0.6527793502208099
-0.19014169671409822
-0.3653387618163811
-0.773635867462921
-0.9969132717639669
0.20297365219184682
-0.296128082944605
1.134412635531533
-0.48675687145586816
-0.3670326797720697
-1.1847843580934345
-0.5002745023619855
-0.8733268034556889
-0.7954538189646254
-0.9136072340405887
-0.22143997878595414
-0.0679040862662515
2.1233416735492843
3.8051728779243432
4.33858697801037
2.1190949748439345
0.1443348965501804
-0.7214366179232665
-1.368377207311103
-1.6768817125297582
-1.5958552007059972
-1.6730623839448977
-1.4948911632104878
-1.1940299323907742
-0.47452627948049003
-0.308336123692203
-0.176198902560214
-0.7228020974720178
-0.26426549346020695
0.5291373241452582
0.20532017700820193
-0.17688882167763906
0.46966836048113375
-0.2763320081179298
1.9105018853543778
1.700191085290631
1.5903500854160249
0.4585298459050939
-0.2254310626055475
-0.42957629627860355
-1.0391226742792727
-0.7699428797563436
0.11663584724343029
0.9592461081233982
0.26726909908348667
-0.9060405856147713
-1.3159242651315617
-1.3826763428530215
-0.24368240135663935
1.1134982696364004
0.884783102666202
-0.04912718835054184
-1.3882349383940424
-1.1052420059520989
-0.769158437964902
-0.6876584826671363
-0.8791637491237709
-1.1152584031819957
-0.7995747481549643
-0.29662407240805483
0.2295274509190369
0.010077495337901567
-0.3907581330093531
0.665972262920428
-0.3322548518974806
0.7957311619009001
-0.2666866901369552
-0.6461375415494359
-0.7905982516587245
1.627670219322764
1.9417060452352863
1.9782160961428272
0.08930143273540027
-0.43799393328348807
-0.35585728574148684
0.46622051224063205
1.2639918935020933
0.9542384498301504
0.18218413401928826
-0.5519940944089784
-0.3097416142738207
-0.3213923300371195
-0.5353931991866884
-0.8452851716359459
-0.9180034965847068
-0.7525709058424032
-0.47085241284517665
-0.6570132512844378
-0.21702076665343642
-0.2027821650922128
-0.640237809276876
-0.9110440393957672
0.24283700426561264
0.5295578430919421
0.8637195336105912
0.09139448647021568
0.6491781345043142
0.6158930072623631
0.5428492316088438
-0.6259013785364709
-0.5183738750098185
-0.34142598935275564
-0.8412486822611097
0.015117162071483229
-1.1916884888267474
-0.8872669654797781
-1.1589373410569395
-0.611507023314645
0.06914879245149365
0.22894919388387558
-0.23724148410638804
1.1100061033010966
1.9083353613050476
1.3166450691958278
0.42561472241404963
1.6158826192633589
1.1439439958536812
0.6866568172659382
-0.444292372693784
-0.3450358897829231
-0.9039312298996184
-0.7489714286252538
-0.356902831175832
0.23667223113407923
0.027593930002666283
-1.0177091660149322
-0.4099544093902279
0.21423956083590198
0.259440155132293
-0.7621509994311229
-0.9191810645380644
-1.4238346994987092
-1.3840975126933086
-0.9311215520109155
-1.1793930839366926
-1.2194226472332426
-0.18633235187276312
1.00742185182359
0.413628300489812
3.3910890578710786
4.18296475203376
2.7853321195882343
0.8876817622290915
-1.1086444400978548
-0.8290381609603786
-0.704281864834178
-0.9788419620723081
-1.0435905312981961
-1.3940273949380277
-1.2307047146396772
-0.8281742288485832
-0.22403289637353416
0.3900777372649187
0.22288703180961772
-0.12925850994045102
-0.7090658272858015
0.7505083803580418
1.131148948081641
1.74959395528186
-0.2474403997410259
0.6060676318694371
-0.3151737578132153
-0.3006503883748966
-0.48311948777680414
-1.2467453429829465
0.09610663981039481
0.5113883746491326
0.9416932413068715
0.6363902997708755
-0.33911148381642914
-0.8824439027544301
-0.6096650571193883
-0.2136630571223345
-0.01803567014342371
1.2068231388560464
2.372745053973012
1.8984455020251279
0.40133782048044064
-0.7752222197526641
-0.9632775566731754
-1.1612893857048954
-1.4205574717533396
-1.0389256096674309
-1.3561414348854153
-1.6388045041176038
0.7365447730909385
0.9069357988986562
1.354542766035631
-0.06841989180624387
0.532601294924031
0.17785263913258706
0.580936826690552
0.3818850005487275
0.6184712032321796
-0.10972411676929149
-0.3614042980380907
-0.8691935135374017
-0.9810570058043556
-0.07627891307045916
0.0911922494374722
-0.6019732849344834
-1.2062932797756238
-0.41589844389645736
-0.48204370145844117
-0.010730990357037569
2.31134986989904
1.8763328135061912
1.7126020214930917
-0.3121154668957896
-0.8484555336978542
-0.6730036432029184
-0.8559326934960515
-0.7568135717640523
-0.7760448741911995
-0.4019394573284411
-0.3477575399147906
-0.8359963346873635
-1.0385069100709081
-0.8443332823883296
-0.8398258596990229
0.6388808345434724
0.7902712372486137
0.18817436281186473
-0.8529547218403594
-1.2504939181101595
0.7284418256158219
0.4044188260894182
-0.12094549935805321
0.741248764008937
0.9726501412181268
1.1096193339724019
-0.5021492435174224
-1.1669396377459422
-0.6642708191618582
-0.6198233443561182
0.48041904158069487
0.7977182571235484
0.9987790311064184
-0.9497916298557452
-1.7359036142660544
-1.0758582058233608
-1.0925409980595056
-0.7944087163269968
-1.129586713519668
-1.3205935345804012
-1.2877977395422402
-1.126780202043938
-0.33612988129429555
-0.6100051883806591
0.18908282730683404
0.5518258195296973
0.5634547311970493
-0.03319356855621889
-0.6378156299582407
-0.4312020410886658
0.051728265130101314
1.2603275680347508
1.5492475812388167
0.9696335571294749
1.624814775529707
2.161331627299103
1.575739423434788
1.3199948709364129
0.4090735731180146
1.4554553574505782
1.3035613604722298
1.3410308759871474
0.17631046940260725
0.28851273727778215
0.3069407922485206
-0.2576164212828525
-0.9922299239409232
-1.419165573051513
-1.1965964917980778
-0.9938176190312622
-1.1390632319088545
-1.3059769447122527
-1.4736200370110775
-0.47425203795473214
-0.37555942351691135
-0.20343099437828566
-0.38046888586941024
-0.5637549003081084
-0.8537462028686019
-0.19584367925681145
-0.44711596394141534
0.16310185599260577
-0.9874154160273652
1.5191046775322017
2.980759920180222
3.061523651786088
0.829717474104112
-0.171720180772344
-0.40672749208050857
-1.0856621587503752
-1.4623596927825926
-1.1245382065823575
-0.4005120924099066
-0.4096500972961956
-0.6211134119777345
-0.4006464029042071
0.15833707453542484
0.23931615509637252
0.2867263157000793
-0.33333462343122633
-0.5148062844024867
-1.2953785413923347
-1.7208742298317299
-0.31483174181253404
1.4852435867523968
1.4654560970247688
0.982187753501891
-0.06602775164730815
0.339677281089893
0.38682904320070555
-0.05486954410054287
0.4409183916105904
-0.286286466882143
-0.5332825109187881
-0.9115918766192161
0.14075202867715553
0.17266252003584087
0.038698810976046376
0.46895007497206215
0.2644610771200027
1.4948399455162156
1.9653555611746254
1.9083879005496036
0.39688192106554027
0.5834225791279766
0.615023763084199
0.3696882925823829
0.2147650541786654
1.032861878291461
0.678168562697212
0.9803960587388254
0.670826300552127
-0.4875864752105035
-0.4880035438305122
-0.8173045093607649
-1.1587118417652236
-1.0019120486508106
-1.0866713872719815
-0.8008882301192027
-1.2114697177571467
-1.1381819251366967
0.25592771911756135
0.3084207959641771
1.478127079600177
-0.3520058872789782
0.28052484424467206
-0.10457771936297947
0.3658820995807763
0.6269806547668499
0.7928641773281547
-0.3044839730082329
0.18961907637784178
0.28673599992156007
1.1790656782579625
0.9144289340010194
-0.00435521742475464
-0.40654546362112387
-0.7863316646018658
-0.44551653706328637
-0.1203926984405115
-0.4069828520107951
0.8695165801680418
1.1374005888296128
1.3212462470163717
-0.16109581990739416
-0.5752277413000878
-0.7912559516898457
-1.0124738089443164
0.4211802732538892
1.2031331593581311
1.4006652258066636
0.24177910047599963
0.967018048067124
0.5615757246966625
0.5772230879835912
0.15789407529071156
-0.8197335172620579
-0.748315409958298
-0.8653719315836595
-0.15082972793245794
-0.372272186256719
0.01559767505375129
-0.9223345416957688
1.9603317087561258
1.9313217855129186
1.6651787169244168
-0.41229815110649937
-0.8862161191569973
-0.9977496559449681
-0.6973871435398201
2.911145687938495
2.504253668023293
1.753646729235842
-0.6226101077968338
-0.716590681972366
-0.8876032594877346
-0.7628560548319279
-1.5462314108816642
-1.2883916932704798
-1.1993364218530158
-1.1591752172276202
0.3123626277486385
0.09301937126321502
0.03069843088086711
-1.1528475454542484
-0.723326967521602
-1.1137361815613562
-0.462596830958778
-0.17698574731295438
-0.3824795035575229
-0.4583524144580095
-0.04947835034432564
-0.5270559312446367
0.421059765755201
-0.25047449448954195
-0.44452860799441474
-1.0835517316692789
-0.7825450125644148
-1.4924627323823105
-1.4759894112631697
-1.1544432467172396
-1.0222922076346885
-1.2377926773190115
1.405762458396817
0.8979902600525445
3.0595573342735722
1.6206570039270192
1.7400833963701323
0.07374963339630368
0.4421099730929549
0.19248581378266866
-0.3283001173470641
-0.346245032458475
-0.3760920350088459
0.6550775664606512
0.29443140430419795
-0.5885162780514961
-0.19051950529066683
0.054591240028294664
-0.13355475772655098
0.44627517167900677
0.1370625126077651
0.027204953757618534
0.22365892058275813
1.366858075497789
1.4961378504795297
0.6556642587488232
0.27334686444360906
0.598644786530348
0.024538743864037812
1.725437523531227
1.4249001171002331
1.145968377538119
-0.7433835340792343
-0.9443997426910355
-1.059617254615346
-1.0028256443415329
-1.463216971801332
-1.4759107369598892
-0.9177774781872283
-0.33963001272511123
0.18554513537211922
-0.1329958846065913
0.2670281466739332
-0.2304515947297848
0.6137333028828933
1.448099684765056
1.1232441000439373
1.2960119000171644
1.474685963502673
1.4960719927106572
1.4421835653923567
1.2570947259553662
0.8128587498873677
0.5644116828767757
-0.06102756754623704
0.45355726284772047
0.316628314735726
0.22919761845196843
-0.776598730647583
-0.37550771782389436
-0.7364464415859181
-0.695756723693016
-0.9643044156611963
-1.3528499622520018
0.09321014298382227
0.6826192608364634
1.0179092163805055
