546
0.3191998273514163
1.3924059226965515
0.7143427877185765
0.20068268263092204
-0.9543021047247591
-1.1197324080446196
-0.9241438072399711
-1.0904231243760762
-1.0385714871127114
1.1970385646310056
2.003150281865516
1.6220061376579475
0.48109477207034795
0.9829254753652126
2.0924370607801945
1.4934769174406626
0.8971611074952639
0.01810222574414577
-0.5306394511911242
-0.7951902775167974
-1.181484343833193
-1.1065169927881084
-0.7689305073143017
-0.07537146239699839
0.1517022916302691
0.35624193376911306
-0.03618308748454751
-0.31562685718003775
-0.16859135409164405
0.45575514433429515
0.6601172225795391
0.26542059405854723
-0.4514410892878786
-0.24762901283505814
0.3693762498501309
-0.2708836262401478
0.2515283776823504
1.0011311319491647
1.7322743665329612
2.1385472073119662
1.477804868929112
0.6469753337204563
0.41679318115558256
-0.5482160027274319
-0.56084981916085
-0.4075902744388599
-0.05456214172886717
-0.5247014333160832
-0.9593456822969513
-0.5576489423566514
-0.2508840755837751
-0.42147366092839306
-0.6824083890250704
0.46737813063868944
1.1876102494779819
0.7230093484470799
-0.9713653011964899
-1.2805548723821543
-1.5685087696450168
-0.46948393467064914
-0.43125985053597843
0.20630781075426616
-0.7815960889533977
-0.3589529277918513
-1.2617941173065748
-0.10288201131715886
0.3029914328647654
1.616979603138367
0.9517863563595915
0.028083216628709606
-0.5747458107890271
-0.5948020553551752
-0.5169760109732392
-1.078417129221425
-0.614471824569663
0.3766802478693528
0.736203808138475
3.2517373391364783
2.4654982637253924
0.8094412491393116
-0.07346089223427582
-0.998017051897756
-1.0402534374623533
-1.0735726403397523
-1.2800851590585556
-0.7810851340378977
-0.9702300060889082
-0.03382938232013541
-0.5372318639418961
-0.8426158306306551
-0.5504983188069985
-0.9065725083129457
-0.7138649013848375
-0.46607202813975906
-0.6930996259641814
1.8048998305120854
1.8376772022483872
1.537552774529951
-1.132856550945057
-1.282389987296926
-1.3836635103199635
-1.4704324877794799
-0.798389765454136
-0.722996861581624
-0.17878818272843217
0.6667842221242272
0.8394003199273502
1.619558547326459
1.0533234547698216
1.2603145319249993
0.613228193143359
0.16976308531628187
-0.16006224357663434
0.11972321683409051
0.4868377528369346
-1.042272091153142
-0.12497888138822326
-0.45656021325611357
0.06334087035752693
1.2715417405252114
1.6082298874526164
0.7332461487975261
-0.802668333817462
-0.8002618581073083
-0.8011307303868692
-0.20640710676052004
-0.0902961392598458
-0.06979697746135775
0.9835607344749626
1.5629277359337552
0.41110968533846437
-0.5185060305793078
-0.9929988162500923
-0.8220059095121199
-1.0544879168863175
-1.218806342418597
-1.320686720391731
-1.023163648397276
-1.1873129370929538
-1.2533110038510884
-0.9653343730545803
-0.3983269850905098
-0.25620753698249105
-0.009232487762160525
-0.007243714710123715
0.8225884887825651
0.9403286289416902
0.5071034693111427
0.41805982714985007
0.8237119572038495
0.6345796171316358
-0.2461034864736675
0.39549244979693166
0.7221237785296665
0.42822793412634325
-0.681275379094442
-0.881440048722157
-0.8201060070121998
-1.1287256969239146
-1.2329554720750147
-1.2804874909990966
-0.9431622220631668
-0.4121310722237674
0.28953308317128607
0.8071017432938852
0.1627001718958333
-0.0769071326062087
0.8264696607591038
1.7317504236341406
1.9477569278613143
0.909595728961809
0.362188971053523
0.05046058663744655
-0.4349001177847585
-0.048971267510781014
-0.1537237343084265
-0.09318139337080437
-0.49765745636570213
-0.5748454956372278
-0.27993638094262396
-0.04436779862002225
-0.04454607221055401
-0.11078443843667325
0.10339752507006432
-0.794496743972805
-0.7192206905743079
-1.2114689240888448
-0.7806771413998098
-1.2323440740647054
-0.36094288555317733
0.36452259803892195
1.4803292682738722
3.8782088054252606
3.4801910231651263
3.005890807191793
0.6105394208977996
-0.38450453204063395
-1.2120030458382651
-1.2399488128686746
-1.1594392767703896
-1.0634802810788615
-1.0609600411056774
-0.756164234690778
-0.6270885717020347
-0.5445268024864235
0.17378574093607935
-0.031371706882635395
0.0070894288060503385
0.7260931225768287
0.5437874643842847
0.40939884982225305
-0.20054511650562015
-0.9626748886702713
0.1490654153404338
0.040361520325749314
-0.022548878269700104
-0.12031957932162848
0.8726254083112202
1.2890192653268648
1.5399045060869403
0.9953186103454857
0.4389516491845532
1.2702340656158897
1.1508648040311156
0.3299949478651971
-1.460176408794943
-1.6548725267122801
-1.0212538741069002
-1.128075720310475
-0.5836877828230378
-0.49339612320179255
-0.27764082199931656
0.27723335961443385
-0.1374547257955306
-0.7342463992829708
-0.4491986218350357
-0.566503904986715
-0.5068895693930793
-0.6230666660782591
-0.8506662170501696
-0.07892263649516414
-0.06610420903497481
1.283893156409696
1.0458651147116222
0.12333064875362232
0.5899813072447933
-0.09745529965669557
-0.4361400858739018
-0.6854480799877068
-1.0418674962325323
-0.447266403371084
0.09360139493573222
0.6090123945452475
0.1413205302921134
0.46605110597978083
0.03823851657160903
-0.6683656460107739
-0.45252087485402936
1.8204282031692531
2.8446023481501825
2.036930959444156
0.42762394746833005
0.04122718822712279
-1.1914921259085882
-1.412552388319786
-1.0990096121432749
-1.3424141954533972
-1.4315349807751785
-1.6260445491831867
-0.4471429493301312
0.26284003785849436
0.5459983675027976
-0.40548561987745063
-0.6394395335272839
-0.6685480769119619
1.3260317820682292
1.5177219266903252
1.4958975618609984
0.4659722981405163
-0.663682345639554
0.6424124094881231
-0.06693288959591386
0.31203382966022203
-0.3958896496941068
-0.515327605048473
-0.19407231997512017
-0.6573431292023117
-1.1225938949769072
-0.01152260061358058
0.3340517213176095
1.9159044345777827
1.7790333449790188
0.9087796297700547
-0.3607798864317944
-1.197085126978103
-0.7237890342974242
-1.2331976034162557
-1.431980141004094
-1.200916473584565
-0.8217036508554015
-0.05002819691325836
-0.14130412775148254
0.1639710777154431
-0.1426315314229901
0.009580016287923123
0.1835180222044497
-0.6133902029064259
-0.4270048513769859
-0.9669919666869531
-0.5606417840970913
-0.5936576709283475
-0.8013277250825201
-1.2876544406219192
-0.43875039633637725
-0.5694314360553951
0.15385659020923154
-0.5640914766873684
0.9314216226490183
3.277904281799941
4.082796125794027
0.9324829166245729
-0.9270497088767945
-1.4008650054132876
-1.5459760439588177
-1.0764110492121919
-1.4427718648910708
-1.0072475729760784
-1.1349685204962403
-0.8843647728762563
-0.478113070503743
-0.6969124628535842
-0.6613834727094257
-0.6133834985762926
-0.2835787684828538
-0.5153201413589302
-0.8013930513845784
-0.623711526647447
-0.24188940166519865
0.05247718685962909
-0.05807663528666642
-0.5303203064034117
0.3987698409695001
0.856814548553994
1.2441006519826165
0.4330390311378478
-0.7737495098369919
-0.43082105563162687
-0.5325197849295518
-0.6839278693900188
-0.5960079128384825
-0.631131149979148
-0.014972333363083486
0.2399715115990066
-0.14080798225514754
-0.4470090439491581
-0.7928564458494771
0.9845139877926264
1.182784063825143
1.8690504568706274
0.8178632802905028
0.1214012889437456
0.06616494558708984
-0.6932574233985813
-0.38707491638229363
-0.9875351445709256
-0.071130304463018
0.7069601755616145
0.39584879405599777
0.09227287386656882
0.15239403463249512
-0.04423420492820583
-0.05599529941351148
-0.5135814870930202
0.03655416389289619
0.4264176164850552
0.6249091748324319
0.7953940973778073
0.10813725981776627
1.2148433031464245
1.7453870342407376
1.661116661244687
0.8547241584131351
0.21513220974192646
0.26262209979384293
-0.9227696128577564
-0.9732210927445111
0.4348335949078054
0.4671013715147528
0.8987431043429993
-0.4950580884022689
-0.9723259758114783
-0.7969962275575764
-0.547832337593385
0.2411563367329608
-0.3155781794596717
-0.3856590668096342
-0.34350742541858437
-0.20678237130910848
-0.06490090319072996
-0.717149321663483
-0.8117316826709896
-0.6071242382570727
-0.6493248335927408
-0.1367304830107394
0.7105608832311826
1.0895873996525514
2.0851433977875367
2.2292932023187633
2.2937079270188603
2.1357585467144733
1.5164727997004561
1.3633786347708652
0.2032015194373231
-0.13342994419248055
-0.5030779671807365
-0.2778332173072311
-0.9503597705444429
-0.9652469416296297
-1.3279403173267346
-0.9538312084719736
0.036403190153133896
0.06108564816767885
0.11157742477844679
-1.4964272900515003
-1.2639039217699548
-1.0466902513778291
0.10898959880694398
0.14462383529658798
0.5463918427859815
-0.0048643027807664385
0.5512080351433464
0.524112411763093
1.356780784332917
0.3585339215899235
1.1928729345392455
0.5450062733849399
-0.6719800992645228
-0.9177579367386801
-0.9204835330815774
-1.0987642686565104
-1.1475290356918257
-1.3101906647223633
-0.06944255125256531
-0.08111922929476334
0.3750551950723055
1.0243612945634646
1.807810963981588
3.048413657701048
2.641906854860029
1.4222740396120621
0.2736192703693471
-0.7851864924557702
-0.01414943083621495
0.005082720906998459
-0.059963969838754086
-0.7624277825873694
-0.803074293065612
-1.1271372595654847
-0.5301664283139752
-0.3481340748502833
-0.453033780141173
-0.4949261125870088
-0.42524209345378655
1.8561912473761226
1.967203719647638
1.9603157545530214
-0.43375994919924804
-0.86397926339451
-1.0416570498348723
-1.0353522981598615
-1.0353205825705345
-1.167784923501966
-1.432022572305799
-1.0557121312686073
-1.1233543042139127
1.4230992160329228
3.6851910703952497
3.032499745059093
1.0729135496143836
-0.04414394822651883
-0.6496849924867462
-0.5135991721480789
-1.0493852156205772
-0.854955606942348
-1.000938008082808
0.08273701688295634
-0.024077414266714607
0.07213428998078586
-0.5743002061565864
-0.8113018445222504
-0.8293358009371864
-1.1539985994544468
-0.10877511736682254
0.501324605360206
0.6408941665793776
-0.506153279926461
-0.5629644721400171
-0.5950467992281468
0.20619766136800982
0.22805402826782278
-0.3292565149976721
-0.337080707225185
-0.8940692195768749
-1.2028258004341188
-1.1480486138845791
0.7198226987922992
0.6582440030184354
0.7790320495416102
-0.2418354924106886
-0.22375157277541935
-0.5631127492949116
-0.37239237913547457
1.5745457524847937
2.1625461179213405
1.6799498541720463
0.38252302112538156
0.10248533267544237
-0.7626144738407975
-1.1784235038985906
-1.3403766753684228
-1.1242033283143462
-1.1330162051436898
-1.2550492425549564
0.5596413647150587
0.19268915687390173
2.5515776255237146
1.8458256547414063
1.8121469639704615
1.503407465844829
1.3124606586194278
1.3824473032294076
0.805641911187624
0.21021434541668688
-0.4231719735075465
0.42095873586925225
0.37975673268821764
0.3522124398877473
0.0665756015474365
-0.05522579092379542
-0.3026138230615737
0.29337076224262965
0.11389317528510333
0.0001907133324633128
-0.7013029487286342
-0.6119970696065209
0.6091412035285072
