182
1.30466
0.695761
-1.18379
-0.977396
0.389596
1.11045
0.606564
1.0121
0.925331
0.355715
2.2944
0.729003
0.514494
0.753509
-0.369091
-0.442006
0.941742
0.824799
2.2337
1.40247
0.428063
-0.257166
0.554463
1.12538
-0.0775176
0.886788
-0.128424
1.32464
0.99453
0.947669
0.681105
-0.871387
-0.330115
-1.51153
0.524942
0.730393
1.60623
0.0423021
0.29998
1.22381
0.540713
-1.5103
0.942038
-0.122864
0.715614
0.841203
1.90764
0.1679
1.74635
0.347243
0.431102
1.33857
0.666348
-0.573527
-0.893582
1.20209
0.624507
0.985941
1.82532
-0.231978
1.57935
-0.228343
-0.206852
1.24526
0.0614261
0.210086
1.27013
-0.534711
0.914613
-0.909771
1.69375
-0.637981
0.397805
0.642007
0.197583
-0.61384
1.94448
0.577402
-1.16441
-0.937545
0.816832
1.07339
-0.291088
-0.561652
1.38238
1.41268
0.624334
-0.668077
-1.51893
0.407203
0.694274
1.65537
-0.513387
0.890954
0.14959
2.37991
0.454504
0.0268641
0.358965
0.743046
1.53371
1.04546
1.04569
0.48665
1.02588
1.08319
1.51192
1.10011
0.0122432
0.511217
-0.354858
-0.435493
-1.53647
0.902648
2.06126
-0.638412
-1.5581
-0.71909
0.0255205
2.17288
-0.161686
0.818618
-0.115273
1.19336
-0.310285
-0.0963106
0.434789
0.327329
1.11901
2.0482
0.41707
-0.7497
-0.614188
0.165347
1.12404
1.09221
1.03136
0.809941
-0.00875713
0.23146
1.96714
0.93481
0.93432
-0.0417396
1.44076
0.350736
1.41199
0.979655
1.31539
1.50785
0.130748
1.4127
0.363046
-0.0928905
-0.0532304
0.508001
-0.839973
-0.151022
-0.318365
0.55197
2.67425
1.42639
0.259962
0.423737
0.377414
1.82674
1.34611
0.0714902
-0.595165
0.48733
-0.092066
-1.53963
-0.782465
-1.13709
1.93206
0.468559
1.72946
1.40957
1.27608
0.125238
-0.177819
0.651253
