546
-0.10122794013983741
-0.18187339408358835
-0.2961212458524522
0.7690583388313967
0.053823374796984846
0.020684856021520818
-0.11692993203845364
0.11404530576624698
0.3446119828377177
1.523529512688027
1.3022556196120985
0.747950911582706
-0.7297771878259035
-0.8874890894773221
-0.9720149589593965
-0.5048126877758405
-0.3219189483624363
1.9115121104864827
2.106276620060107
0.9038101699292609
-0.3807801597304809
-0.8942384295601561
-1.238439683810877
-1.2036296530129664
-1.3096412091243104
-1.1332068321270892
-1.096515498674272
-0.934002240107894
-0.08290419304020315
0.39558076032927064
0.4524471000519532
-0.3653002079834547
-0.5021553445280691
0.3435026482040607
1.1798439794043372
2.2276233042454483
1.1429500051326755
0.42146183116520586
-0.8879397649119694
-0.9669868557859734
-0.7348655478655041
-0.38352346982491964
-0.5782061073121813
-0.6613214974653827
-0.5528064682392222
-0.2675141583148209
0.13861098039369862
0.031204863502855507
0.038875715194413026
0.4838569377041073
0.17766215817533676
-0.14510423710931836
1.5751110668348003
1.8465618366745908
1.7404283107751501
0.18955379917183765
0.2141119831899734
-0.11683391385277088
-0.45362607785448755
-0.6489041668665217
-0.6411988704118248
-0.37468908401317763
0.6166965743182591
0.7360255063636073
0.35884881569592003
1.278710089511924
0.35179436489696403
-0.019633359323194877
0.09811774268978768
0.06487569523419465
1.0775206675765683
0.36284461373634247
0.3648517452132489
0.06352749981680264
1.2683441007549223
3.358045184977772
3.2303791033098035
1.3760132166227932
-0.4236215257351249
-0.950202121109233
-1.4150208218497162
-1.2798359264285846
-0.5816507253548303
0.29480135601434226
-0.24517768009622484
0.2977515678155549
-0.4243338767469018
-0.5525598712880226
-0.949843460831485
-0.6734081993684387
-0.6502500983261428
-0.6219771010884876
-0.6891001062701143
-0.7951022340977383
-0.7280535168444089
0.9311566439860132
1.0680445924700892
0.3817204347900665
-0.8063248264750659
-0.5481537360014892
-0.6678663176207434
-0.7908961391210639
-0.5607688511218811
-0.5645561446073398
0.4613744971955399
1.2758839584037798
1.32905019274013
0.9798348021602147
0.2993066849781709
-0.04387143450259515
-0.3142788059195856
-0.8517347640119995
-0.7139548998471416
-0.7356130807899068
0.347083519499045
-0.5099537612805874
0.5052703091676601
-0.24399102216877228
0.2512250924126995
-0.38730283490541356
-0.6967826967119051
-0.0911096537241337
0.2072341056367755
-0.05365038598169655
0.16926976096522928
0.8203248278587699
0.46833014504407466
-0.30659760659052265
-0.7157313186238418
-0.792455541864346
0.4475147731258558
1.2646258978218607
1.03362163542102
-0.021631657053714084
-0.8591831920733968
-1.1249364651358882
-1.041263792191561
-0.11094748895133222
0.8131434084675195
1.055143784728723
0.9270165122110382
0.028540107958845255
-0.38126655013654576
-0.5038611398358209
0.018336869762000694
0.3150844974461194
-0.07494874754438774
-0.5406769891178321
-0.6553960427161416
0.6495429221685163
0.6381200320697439
0.3803182519202075
-0.6245872133914284
-0.431843582895702
0.5774496097644272
0.41264653644097904
-0.3030088092444595
-1.1528119908390155
-1.220715319089729
-1.2456874345737223
-0.9983344893833508
-1.093088927772318
-1.2547158787389967
-1.3053469979117693
-0.28674416702817773
-0.09149401765600146
-0.1864074455097873
-0.5077832689059517
1.5950387888189843
1.4619597743122417
1.0625569149300058
-0.13215334029199952
0.7148588324713835
0.7937935491340914
0.7542918691442358
-0.19078528878441658
-0.1085146202696831
-0.25885227772740993
-1.0884220410303114
-0.854922257829521
-0.25617035520216147
0.04464721752561154
0.0006906738613822719
-0.8005705533625658
-0.9972019898881371
-1.2469008525878893
-1.1986635187448558
-0.6852964424511379
-0.7940507089075246
0.5821686207516732
0.7013308745543454
0.8107996378244355
0.9706858871639427
0.2808942339972942
-0.07836565178253559
-0.41894561570211103
-0.2911800945835668
-0.20803696336083446
3.089724773692347
2.4245212336982154
0.5581515566575249
-0.6929019769759825
-1.2321227717744594
-1.4905119051276283
-0.9637490558417531
-1.2217148492252894
-1.3027080317235247
-1.472669785192593
-1.336706585084021
-0.9919851604621652
-0.3111613530601448
0.8371288586553345
0.7907909103012696
0.5928335195708714
-0.20511434336091472
-0.5339130997607872
-0.716605857873881
-1.1602381491846991
-1.4456629818094457
0.525766064001458
0.7950354578544171
1.703025320646434
1.4887688665064012
0.6234152501807895
-0.474789181039336
-0.9150952068168732
-1.2839605522674737
-1.1542433043737073
-0.8245041484904974
-0.9076145273817747
-0.8492257044870466
-0.16992588824126836
0.5346871619338099
0.10034569369582877
-0.3701563618174419
-0.8219394588994352
-0.8909340780313773
-0.6067751255399728
0.1186197826761162
1.3682882583724403
1.6196809017538423
1.1097624069649281
1.3375263804399087
0.7066362678756681
0.49932392928461355
-0.7473660641428582
-0.739538853237836
-1.0015277600091943
-1.0867468926109762
-0.9136558260743625
-0.8846978566500605
1.63676421191039
1.4465015401129624
1.1679838661802797
-0.055941665208158964
-0.44934930949047536
-0.46646459574832644
-0.56836236681967
-0.3352588465589537
-1.2023856874041248
-0.4674637460986661
0.619656898355833
3.501260799743711
3.1375499217203076
1.989051025888135
0.31723128340273016
-0.595928115911598
-1.1669721915841416
-1.2596303954029713
-1.1446335235903145
-1.179899568003799
-0.8943539770881176
0.14588237442316832
-0.2529686754428128
-0.04330371053848322
-0.6293766638088863
-0.542285864526449
-0.4083233485999689
-0.1409460721482555
-0.8378936823213115
-0.2857433639129121
-0.8013601808058571
1.542347811949276
1.8450003663760175
0.4821120877784403
-0.7859593493515783
-0.9596830034352123
-0.9999973520640015
-0.9731807873787474
-0.8189140554274555
-1.0802649685669925
-0.9187484046328059
-0.5389211874794126
-0.971317194280782
-0.556842063849602
-0.6608650079497992
-0.0939029852221589
0.3850820031989173
1.8234431626711596
1.7061549401328666
1.1734744566816937
-0.15077348298175552
0.5774883241893523
-0.21173359892207716
0.008183657525059528
-0.6798123191992859
-0.8908127785842466
-0.889682222849296
-0.7805337250116218
0.8020910488248936
0.46338964216571765
1.1984047150511046
0.8825137792548704
0.9331386585839742
1.2599009698357981
1.2036837116917887
0.10927536116859432
-0.04793571073088128
0.041343080526994085
0.806301008012619
0.10351284601236356
-0.26372065183374654
-0.8343340677558927
-0.13737882563449771
1.850518844376149
3.304868416081307
2.7599926043673455
0.04685557179337858
-0.7982187375424843
-1.0645383956416092
-0.7049331704286461
-0.9369387100362457
-0.7072125068764598
-1.1822614581039204
-1.1802660450772318
-0.8709738156558456
-0.7336270224707949
-0.1517813145272521
-0.4370907538906245
-0.1784495224175221
-0.24426024306146768
1.3460733406968377
1.0507236609360604
0.5090866845343915
0.06226911526015512
0.39962781834569044
0.9316958906540765
0.8306383126117719
0.12357365522810748
-0.4611948247201084
-0.6818078063012301
-0.49000487224501127
-0.8145257210578912
0.6379796075903538
0.39547219628601116
0.4549765808263213
0.8249297491797456
0.6224315582826213
0.1290282053846907
-0.905177664661573
-0.8739164869189027
-1.0101448504015227
-1.0179287223315234
-1.5272051603352583
-1.159097008677894
-0.024041394956044876
0.901362801353686
0.012165218869223567
-0.1474210728515856
-0.046729249153894
-0.43201125119894057
-0.5640335117754086
-0.9753725636708335
-1.1264290636247185
-0.9675526491419101
-0.7424641523598192
-0.5487012997294534
-0.674325102187152
1.5030115760418126
1.919507634833349
1.8707026828263682
0.5071580032635541
-0.13477518932686405
-0.5575501155083937
-0.5836476015440553
0.8864122935822958
1.3153390696545173
2.5977709113773724
1.6701676719859038
0.8558325866604648
-0.10017585291736733
-0.5093969382024265
-1.129015798459905
-1.345065123115394
-1.1042503482401769
-1.0566194197985606
-0.9125905847116883
-1.1725214522622835
-1.2437247894347092
-0.9321589077324351
-0.9578871925340032
-0.34456425560969756
-0.08161615981027952
0.5595182599929419
0.6108434146761896
0.6349267349226916
0.6806175412451179
0.25100456678332383
0.07055169768424047
0.6255968492039242
3.18778575627783
2.7834609017357845
0.842826260241274
-0.5623446262460937
-1.4157836292395254
-1.3582231229627366
-1.5857005062024871
-1.715089468968249
-1.8376155330102717
-0.26097421912317126
0.5210329337284577
1.054309330601325
0.3807257624515963
-0.1286758258592666
-0.9173046608315779
-1.2607983817710715
-0.8526560587851403
-0.4086111785894634
0.757012490036577
1.620655374790916
1.1999133739364904
1.230164410443449
0.9184983977680498
0.5956818162018376
-0.45008890732758056
-0.7725321021865788
-0.7737925006740942
-0.7058271047905904
-0.8935013857959291
-0.9394643011748537
-0.7468600709037378
-1.1740628929524484
-0.9928320020116511
-0.4235713700057387
0.29975539140505886
0.9587194827986687
0.24782566633014885
0.19724753262145475
1.340711111290353
1.2897670036992472
0.81629429640714
2.6541174745848597
3.3088535273582873
1.4907803886644944
-0.06675942529232937
-0.6820466588679349
-0.9812451102953982
-1.3534901254655938
-1.1647470291076514
-0.7946346530874491
-0.41151588758357627
-0.1345483140890467
-0.820071838811109
-1.3984043243108357
-1.2352482604561097
-0.7544498228235853
-0.5107506394324497
-1.1412030641037583
-0.804599632949552
-1.2875942326957617
1.2446958562182822
1.2685063600489344
0.6498377020039836
0.16464916551897651
1.5858312004302748
1.1624998891452645
0.3929910085252872
-1.2601387450647117
-1.2198221424631794
-1.0508414646595503
-0.5850206785279176
-0.4856480577787983
-0.3049612227736082
1.2118250771712318
1.706711155239862
1.0996745945758586
0.05026227465780795
-0.47788218136464355
-0.6479969983178671
-0.9632596519423651
-1.3312945190405787
-0.8933387698650873
-0.12775109980624783
1.2215365996850025
1.3857536043891858
1.0720867487436632
1.3522543789954318
-0.007632254743422739
0.1669930492252597
-0.6986562774401777
-0.783423874147459
-1.2528282945123228
-0.6026988479435076
-0.26100582656493093
0.29843941105987437
0.6720384678850874
0.9924701005596731
0.10336824065432305
-0.4398340667441275
-0.8085441336168584
-0.21619715839899778
2.3981870279875213
2.527774750744865
1.599965805102461
-0.012272861875306596
-0.5181787873959244
-1.008353226579125
-1.0953263947591712
-1.140193265224391
-1.2279577960195958
-0.9422190057889817
0.5740710394881688
2.0730618509215564
2.1882863794929195
2.4978932801194533
1.377945308791586
1.0738002023077604
0.07749761772784342
-0.039762995886853836
-0.24140589117794092
0.1220926538474183
0.27960916303303796
0.8207979498620053
0.6480625551636743
1.3601567372189478
1.0151767523457185
1.438537598970139
0.4263684886737415
0.2002492961544446
-0.23621404020027412
-0.6914960366115442
-0.9385467789660246
-1.1246000558693867
-0.7351230846474414
-0.055973747083275995
0.5623039194264556
