546
0.0448161
0.136441
1.30137
1.11932
0.841968
-0.177596
0.801514
1.5626
1.14537
2.3055
1.60881
0.737921
-0.70011
-0.705152
-0.630268
-0.717932
-1.2533
-1.62729
-2.09181
-0.487915
1.44884
1.88674
1.90749
1.35477
1.13943
0.710682
0.831622
0.328179
0.0471376
0.183927
0.912518
1.75301
1.79076
1.14882
0.88399
0.93203
1.16437
1.06202
1.37942
2.18044
1.86452
1.27348
-0.0255401
0.454085
1.13527
1.06511
0.752717
1.32107
1.12547
1.09761
1.88858
1.0838
0.911331
0.137774
-0.52522
-1.59738
-1.73632
-1.26777
0.563035
1.05466
0.95041
0.718096
0.117856
0.0338234
-0.418398
-0.424572
0.170495
0.311425
-0.380165
-0.346271
-0.836161
-1.07148
1.14683
2.13689
2.07625
1.23359
1.41804
1.72932
1.28113
1.44794
1.31878
1.14646
1.26489
1.1735
0.195349
0.772619
1.00913
1.04713
1.29036
1.71434
2.18648
1.38283
0.706024
-0.259982
0.58168
1.15852
1.62783
0.637838
0.224293
-0.00165893
1.22731
0.885279
0.353362
0.0548847
0.188217
0.216221
-0.25624
-0.698128
-0.888983
-1.23418
-1.36532
-0.422277
-0.00868671
1.55723
1.00597
1.09405
0.554817
0.134406
1.04871
0.686465
2.27075
1.64514
1.15469
-0.21819
-0.581728
-1.35556
-1.88422
-2.10364
-1.63375
-1.0576
0.180875
0.347983
0.644294
1.83903
2.04811
2.485
1.82412
2.00379
1.89485
1.29209
1.06498
0.626536
-0.107273
0.655321
1.40413
0.808366
0.556433
0.583319
0.664626
0.559438
0.388516
0.320049
0.345321
0.833966
1.75291
0.808578
0.541002
0.111899
0.163239
-0.0267875
0.135382
-0.122402
-0.0907909
0.00828846
0.724087
0.374778
1.47814
1.67792
1.62717
0.72499
-0.476625
-0.651085
-0.943402
-0.520556
-0.636622
0.0109961
0.331575
-0.0488009
-0.0618641
0.308469
0.114573
-0.196661
-0.577106
-0.41188
0.807077
0.651102
0.511082
0.219071
-0.304115
0.365538
0.488848
0.20856
0.510286
0.593833
0.740039
1.02758
1.38368
1.72326
1.16708
1.34295
0.749766
0.737666
0.376421
0.172084
0.375674
0.383989
0.722861
0.699293
1.5555
2.0546
1.76332
1.55151
0.990371
0.536091
0.634432
0.79814
2.25953
2.46074
2.08311
1.04153
-0.862601
-1.86305
-1.86782
-1.38815
0.202003
0.496836
1.01906
0.841489
1.12721
0.930692
0.39327
0.112653
-0.0847609
-0.0852227
-0.293988
-0.394
-0.125726
-0.203521
1.22116
0.874275
0.34198
0.453156
1.12511
1.76085
1.01597
0.0850426
1.31511
0.813808
0.198912
0.853886
1.20863
0.717438
0.234549
-0.00408388
0.842945
0.62229
0.68293
-0.359138
-0.159632
-0.107821
-0.226298
0.161307
0.352938
0.308679
-0.533958
-0.820588
-0.646664
0.436203
0.935437
1.02842
-0.275032
-0.167247
-0.0486953
1.33586
1.21485
1.03519
1.37893
2.03998
1.57393
0.339811
0.106682
0.0216013
-0.27645
-0.0674495
0.0773452
1.04613
0.723796
0.508026
-0.990033
0.351079
0.656274
1.17114
-0.179367
-0.302388
0.373357
1.04343
1.53439
1.25877
1.19643
0.64988
1.85048
0.95052
0.270637
-0.384136
-0.431717
-0.840589
-0.399368
0.00463858
0.0508031
-0.304539
2.12665
1.64139
0.801058
0.0718794
-0.448606
-0.358249
-0.481685
-1.01275
-1.15669
-0.631914
0.876036
0.903877
1.46247
1.29029
1.40506
0.873458
0.40746
0.308729
-0.362844
-0.567787
-0.283972
-0.000622348
0.248785
0.0311714
0.466133
0.981668
1.33332
0.733723
1.39334
1.35214
1.57016
0.656166
0.707137
0.521656
0.944142
-0.0488307
-0.0175586
0.0502995
0.0710173
0.235311
0.422075
1.43665
1.32134
1.29361
0.782103
0.89163
1.04335
1.47621
1.39088
0.796628
-0.228988
1.91214
1.72978
1.28794
0.565741
0.0569633
-0.0321665
-0.693591
-0.39042
-0.342698
-0.3243
0.232645
1.47331
1.47438
0.977226
0.328583
0.149534
-0.639657
-0.445673
-0.909143
-0.810888
-0.839018
0.275905
0.949608
1.21576
1.3768
1.4022
1.5899
1.43542
0.902663
0.631965
0.42987
0.0575035
-0.269604
-0.507037
-0.991648
-0.578726
-0.958734
0.361179
1.418
1.99224
1.17274
-0.257723
-0.543258
-0.170733
0.550719
1.22646
1.2082
0.872988
1.20358
2.4624
2.13561
2.17718
1.07873
0.719509
0.378262
1.05818
0.512027
0.231125
0.83335
0.964811
1.14853
0.000913641
0.0109392
0.481303
0.323524
-0.383867
0.605953
0.683773
0.233102
-0.152314
0.566119
1.15071
0.49334
-0.117849
-0.124986
2.09784
2.09682
0.461882
-0.0824619
-0.844505
-1.08131
-0.84926
-0.590396
-0.727478
-0.519931
0.854303
0.788902
1.38649
1.73344
2.31947
2.32036
2.79595
1.82299
0.372586
-0.257437
-0.193955
-0.0395252
0.509166
0.659488
0.582409
0.468383
1.13252
1.06978
1.51473
1.48794
1.49226
0.858821
-1.37906
-0.764249
-0.419814
0.588197
1.82367
2.02669
1.36289
0.0364954
0.803065
0.330493
0.145459
-0.136865
0.231694
0.0956128
0.160337
0.403513
0.279149
0.724414
0.696441
0.294868
0.260601
-0.897096
-0.416519
-0.149879
0.505118
0.410655
1.2455
1.22473
1.38489
1.10473
0.0174005
1.44789
1.91649
1.80659
0.289941
-0.0388894
-0.410644
-0.568452
-0.819768
-1.30825
-1.58441
-0.507917
0.257471
0.93354
1.89218
1.93373
1.45045
0.235673
0.524906
1.63944
1.43545
1.05813
0.853493
0.472479
0.250801
1.44207
0.384847
0.251647
-0.384484
-0.281529
-0.481869
-0.358975
-0.255071
-0.414775
0.132002
0.19433
0.140693
0.724215
0.853376
-0.217009
0.587702
0.989908
0.659942
-0.340401
-0.00238034
0.916709
0.991779
0.892736
