182
-0.04966671567151281
0.20950316813596
0.021483816108912906
0.4102409853541753
2.699523734154022
-0.3210811168772824
-0.19209037654584574
-0.3183582804256495
-0.5335667699672014
-0.5244359256195363
0.11987336455589476
-0.4724745306258195
-0.0786934194351349
-0.05467025426825704
0.05593859609779571
-0.4203127933586107
-0.554375199757595
-0.4179807145628868
-0.5400822381204985
-0.2321232226878955
-0.4957984805277486
-0.4878959998327433
-0.41737545833590417
-0.35177029753654615
0.08589902472860712
2.4767276673732344
-0.5130962371096959
-0.21918030314607465
-0.3937880098889112
-0.49275286914718364
0.13823652228701944
0.6216406817464611
-0.43366176149330704
-0.511407639019618
0.0880096636826577
-0.5671156036865812
-0.5216073546935902
0.20152097132247546
-0.0961304466438545
-0.3058090552413879
-0.1642501126983182
0.16321641639420834
-0.13074286392863613
-0.2681213392746362
-0.4352745625750741
0.4062732752661356
0.8680445455075165
-0.4414061258259267
-0.2640800748059977
-0.2895598572869083
-0.5352864810591716
-0.3331791511584021
-0.35488417032975333
0.4734348708962974
0.12898171808398365
1.0282810003568812
-0.2510146211629437
-0.17415778551887723
-0.41972966118357247
-0.5324324733299532
-0.36266378240472935
-0.4747108891637385
-0.49453929890083925
-0.22916476678003514
-0.37750263704614195
-0.3942912530027664
0.023838719404390085
0.14537661397920687
-0.264519434631428
-0.2974140178139264
-0.5151976931950555
0.0987569058641363
-0.4895723983447507
-0.5011711825410838
-0.07428760360630074
-0.31750299989688213
0.7421512940283572
-0.3809291348967016
-0.35040997513821753
-0.4524501996861703
0.32892004808086994
-0.39539262638470263
-0.4508555709543578
0.27064645331006665
-0.3603566024933885
-0.42902288778475245
-0.4728152749506746
0.5287517292653194
-0.3177394119530598
-0.36453215034511915
-0.25698548911450003
-0.4512491260730545
-0.35980606807942295
1.5632970813463913
0.0030196580991182546
0.0768135635766716
-0.09053272025592256
1.7976398232623996
0.9920666391074553
-0.30559609252608033
-0.2713006946563498
-0.40571200819847947
-0.29095550654447727
0.12665944274268112
-0.30962148086696395
-0.35333418220289614
-0.49147043875424967
-0.3839579147063694
1.9139064344943997
-0.015855218633104632
0.028656677931985657
-0.3855067273210718
-0.46758370446356307
-0.25646238779900143
-0.10924287768703345
-0.5249353902900689
0.44073884793292434
4.399369877429661
0.10557790644106009
5.148381936110371
-0.2992716010962795
0.07667947681941699
0.035653369537542494
-0.17910301703729625
-0.19102326052710322
-0.3127816354899306
-0.30056503706552923
-0.4602354435318032
-0.30032960081389853
0.6809602628052981
-0.2917607808033327
-0.41803939877494456
-0.5198950047424686
-0.11656744962739513
-0.30057268394649
-0.28284613442261575
-0.43108441586870505
-0.09961410444303133
-0.47840440282925706
-0.21410003300592126
9.096970723084647
-0.505728487507511
0.00048040805971352794
-0.2442430349615018
-0.30613445874309775
0.15081644174211678
0.4672590100361165
-0.46510547563390864
-0.32085581232004573
-0.25946390889142235
-0.3817944561005706
0.5418713046987489
-0.44658517503210937
-0.5747094311445323
-0.44171866084809286
0.8649676182498381
-0.25406515327887413
-0.530160867221034
-0.4439832139668132
-0.20854542801580211
-0.044811932876222274
1.8255444922783006
0.4174674855249034
-0.4829547155317462
-0.38031545005810374
-0.057605710673346855
-0.5038185454285679
-0.05289084018869648
-0.41287150141616524
1.1297208084891384
0.7901118311615749
-0.3918682181654388
-0.08367914681320647
-0.3780520218338783
-0.32173111030245344
-0.5487287368293136
-0.3403018979853525
-0.4509882501323054
-0.10226652266241776
-0.15212076909496058
-0.3514402155191046
0.23440042070800085
