182
0.19049894
0.19512206333333335
0.1371643
0.22336678666666668
0.18199232
0.1496062466666667
0.3026095956666666
0.17311606
0.21116641666666663
0.17564748666666669
0.16415802333333337
0.22226844333333334
0.15815028666666667
0.26838287
0.10281663666666671
0.19394191000000002
0.14255487999999997
0.19173479866666668
0.2857662366666667
0.12619296666666666
0.20206926666666666
0.25191538166666666
0.2099424033333333
0.24061547999999994
0.17463836333333332
0.1425831733333333
0.2577771066666667
0.10480353333333335
0.2567291033333333
0.19967110000000002
0.20921981600000006
0.18927214066666667
0.18496110000000004
0.18894548333333333
0.23969803333333337
0.12161307333333334
0.18498076333333335
0.21599563
0.1488401866666667
0.20567362333333333
0.24428681666666668
0.14179135066666668
0.15141701866666665
0.18102108
0.20288731000000002
0.17742087000000004
0.21800189999999997
0.22621479999999997
0.11673024
0.14345893666666668
0.15988859000000002
0.1538049333333333
0.21985387666666661
0.1617677533333333
0.20850678333333333
0.1721475166666666
0.20543169000000006
0.1863697133333333
0.16019975166666667
0.19210566999999998
0.17841066333333336
0.19251238366666665
0.1037401295
0.21608394666666664
0.26073348
0.11972413966666669
0.20595898
0.21638702666666668
0.1343907
0.20189223333333337
0.19127687
0.2540128966666667
0.17736448999999999
0.1978656566666667
0.1137924
0.26806757000000003
0.16722177333333335
0.20386652
0.17048557999999994
0.11705488
0.17963636666666666
0.22091813933333335
0.14429305999999997
0.25580929999999996
0.16094394333333328
0.15238267999999996
0.17860273999999995
0.19000026333333334
0.14854404133333335
0.19370276
0.1602222033333333
0.2113789466666667
0.24218323333333333
0.1575629333333333
0.14400886333333332
0.11473200666666666
0.21067938266666664
0.13254854666666668
0.13899002999999996
0.14327803333333336
0.20612628666666666
0.1403444746666667
0.16471541999999997
0.13876732
0.18282104999999996
0.17682381333333333
0.17750367166666664
0.14362649633333333
0.16288537
0.2256410666666667
0.22883172966666665
0.15338200666666665
0.16935273666666667
0.16886204333333332
0.14194779666666665
0.2294413
0.1728377833333333
0.12319103333333334
0.11697901333333331
0.19812774000000002
0.18648404000000002
0.20787315
0.17301451333333334
0.17672763333333333
0.16269573333333331
0.1773571333333334
0.18636789666666662
0.1982380133333333
0.16051555866666672
0.20745810000000003
0.22079149066666667
0.21885246333333339
0.17331856666666665
0.16377051666666664
0.18086946666666667
0.15329937333333332
0.147181927
0.2472454453333333
0.221315
0.21850464999999997
0.20190067333333334
0.16140119330000002
0.17510352666666665
0.17725373066666664
0.13150911999999995
0.20076139999999995
0.1355813
0.23353098333333336
0.19560561999999998
0.16897202666666664
0.19885378666666667
0.2355215
0.2612641333333333
0.16461188666666668
0.1944621933333333
0.15949269666666663
0.21732639266666665
0.15633266666666668
0.16853388000000005
0.17544000333333334
0.14233233333333334
0.22599487999999998
0.23507838666666667
0.22148886999999998
0.18002758333333332
0.18099483666666666
0.15093603333333333
0.13882586666666666
0.24497539999999998
0.2308760466666667
0.18720287633333335
0.2205422
0.18223862979999997
0.21869384333333328
0.25347301666666666
0.2459191
0.19766885666666664
0.11641956666666667
0.1660906666666667
0.17437980333333333
0.20290216100000003
0.19909433766666668
