546
-0.22900049747203435
-0.727387240219496
-0.4016378938753073
-0.9920398021230185
-1.1590595173142657
-1.2065205133982024
-0.8144391214759954
-0.11131357956663787
1.0637551855054452
1.5138180584192589
2.097587853450524
1.7454854632773549
1.8932361218640148
2.3344383633487675
2.1363450744248964
0.15927395409540882
0.3275689193788657
0.8178722061821099
-0.03973907017147489
-0.6557179665263951
-1.1469157412328246
1.3551118206046404
-0.2648920459831947
0.269176604268649
-0.08380335380085552
-0.027018830253633285
0.34454343268467863
-0.2570888367250149
0.3854352862599617
0.3224119392602991
0.3853335561742404
1.000322773667651
0.18935590484380996
2.062357905259345
0.9135782187778041
0.7052360433176433
-0.4273527083849543
0.8030169538251193
0.4772543467762019
1.6276960478372988
1.2969791922972822
1.709297105826385
0.9646476884462076
-1.0312117637730038
-1.1762789246945502
-1.0050027134644761
-0.8344339262366359
-1.0040061680230936
-1.3648414466466303
-0.3362541028499105
-0.07412854768017008
-0.05971060074501789
-0.9509044324478099
-1.10696202516656
-1.123207295893971
-0.9706884175843438
-1.0856821616923105
-0.0004600468693499857
-0.14670813785160736
-0.5412949712016475
-0.388750593812266
0.6520961764458946
0.437042210852645
-0.18327180733877071
-1.2553960020386985
-0.8444034863630128
0.40148903958803706
2.175696041419794
1.0733613172765224
-0.21660867605130252
0.3931668199836517
0.3143932679848484
1.181536650644484
2.725829603553416
2.09469974091387
1.7383627610200347
0.5317668429968875
-0.5632711110393025
-0.841941541123599
-1.3202759433068112
-1.102862551111007
-0.11725968445740506
-0.10146544035244472
-0.42924220778906125
-0.38562161614864954
0.3938140499060516
0.1386381168125534
0.6370865431957169
-0.6502347791958393
-0.6566266182854679
-0.07752481105164902
-0.01037461072184813
0.9120254709608095
0.09203461533774084
0.09011936074941441
-0.6209321317684343
-0.6177577239933157
-1.0357301099781957
-0.7597116327211851
-0.8252486918463097
0.7366602126193668
0.07975980681284672
1.6696746319895268
0.5431984093160546
0.05621825141680894
-0.9401207527441746
-0.8562572383218789
-0.9186233095592788
-1.0029649137384435
-1.0633256423813087
-0.8610570965470035
0.29661979013013967
0.2704461471101433
-0.327615759117606
-1.3010975475431898
-1.3227068147410275
-1.114806719025005
-0.9349776576571125
-0.38913730912584626
0.5719985597822873
0.6100736102529124
1.9977586445209659
0.7242775247337971
2.0665337738427656
1.1345416399013437
1.123192073353382
-0.002974160334164675
-0.11087747663739406
-0.5385308024094527
-0.9014991786165099
-1.0555337283614068
-1.087027120121289
-1.0372603722487739
-0.29620158756933157
0.6286484735497375
1.5452750814130516
4.014554116067198
4.313222268021536
1.624586371441593
-0.38057401727493545
-0.44406721681395367
-1.030485912942555
-1.013513555189909
-1.1300235608030627
-1.2089227283014607
-1.2645331981252612
-1.1210214878383673
-1.1240886714218579
-0.5922450511250456
0.6192609009167368
0.374314910348315
1.0380441339838666
0.7721461867910905
1.0139610221654725
0.09280406869060487
-0.21903236699824974
0.4575014733742017
0.12481039422494405
0.24585864740579358
-1.1779619722439905
-1.0420476722743621
-0.5361298238262145
-0.2581083200065898
0.5968918391693346
1.9512156938043246
1.5277322638962951
1.0512405577395774
0.44330422685787946
0.6448832774757729
0.6760091438317195
-0.42084565404211605
-0.2889128324421111
0.4528050170679879
-0.7999740192610223
1.4620080294983853
0.5546351951739752
0.7883149199160505
-0.5660773869854365
-0.658809617176651
-0.4007754353720454
-0.7202648968695271
-0.6368432791677059
-0.9958527818205404
-0.9005767571633837
-1.1349766679487545
0.05661111291322716
0.7932491145352163
1.4293042920611354
0.47942857292328006
0.9592610778189258
0.7264065418493174
2.0177037359448473
1.786357108835652
0.12206908842338479
1.2215869245127726
1.0638024672819428
1.2025873066189803
0.4905671517617848
-0.2736241322022548
-0.12358844107683968
0.6400574877847539
0.9214704111590584
0.28359863603727936
-1.0059312454563627
-1.0497267514413444
-0.6956218530290628
-0.22780391683894707
-0.5263784866340051
-0.574081026413084
-1.0663888515497089
-0.5495712691689046
-0.9562812767352356
-0.9102935083425069
-1.0206624538389666
-0.11395082937140173
0.4478945450081622
0.4695491941602243
0.5229445901576254
1.3577622169151884
1.2826184302834307
0.6456451702675476
0.5678395628110369
-0.26157762886280916
-0.502613935942181
-0.1767634020344753
-0.27213954176585387
0.08516311284902184
0.643446151523555
1.391322835219252
2.016020017832632
0.3802952062795414
0.8047351116721764
-0.20230320151508638
-0.3725367435174345
-1.3624090809046348
-1.378625587110972
-1.0771587480076565
-1.2176829350016019
0.8093292283695287
1.448430777117199
1.5193797194359788
-0.44960791620952384
-0.522406566351174
-1.1307243173758732
-1.1144057421107003
-0.22426536275146028
-0.7925294384786646
-0.2013127378242537
-0.5274994326602379
-0.6958828604267032
0.6015119955977246
0.35095976136142143
0.44046911833347513
-0.15766277828170538
-0.19097433184889404
-0.3010858928872003
0.014066840397834377
-0.05805079514094478
1.265942404940367
-0.13602443867975944
-0.3239048486510824
-1.1473953277310962
-1.0169025653898027
-0.889086644112477
-1.090970503816049
-0.8371075978961369
-1.0369315537151966
0.2894772049313505
0.7207644953284558
0.5766654943589326
-0.5064402055755411
-0.681014984559363
-0.5089417344370197
0.40360287348067303
0.2679343180220685
1.4316025523868743
0.6569712253259562
0.6265311309545789
-0.8355366127062122
-0.8432992371248852
-0.8029941902176935
-1.0226133085207467
-1.0685053443259185
-1.0355813296964997
-1.0564599737818297
-1.050037120705841
-0.8019180061751854
0.012178369717025265
0.10533959409730335
0.7001476974047627
0.48500667042817885
0.2894172701397535
-0.6548636032330366
-0.3775189401225823
-0.3744192197800722
-0.17713964359369463
-0.986887643460361
-0.3693543533980413
-0.657595053342678
-0.8283292206186049
-0.7580642823057071
-1.0997513521216062
0.12257217589302301
0.04262035955559486
0.857459781554734
-0.543179842635769
0.3068644860939703
-0.14042458284428652
0.7960011179839357
0.21649018848712426
0.4321393526106508
-0.21437358105855991
-0.6000794130576851
0.6097132253604904
0.5140680782741163
1.235699785032352
-0.5755943008286525
-1.0260033275379747
-0.9050522298019211
-0.97635731658557
-0.1342198297777536
-0.40671111221909734
-0.5240674079787032
0.6074245732458227
0.6599346449151251
0.9020893769781927
0.5161320143819121
-1.2123166133958085
-0.7392537072110678
-1.0673030430857218
-0.7976197638155048
-1.0370430917934135
-0.8704789869749086
-0.7747103311275054
0.5926877449311168
-0.3001510982537618
-0.05752696463118997
2.2285373763289447
2.277898939519856
1.5195915088991006
0.511524165809831
0.08757382406964584
0.7274701259045329
0.4767265347114926
0.9678514469031738
-0.2808633681208242
-0.493746716758531
-0.9498034599528009
-0.9437686671091894
-0.5823620568750267
-0.971503893290051
-0.45040183140529944
-0.8429571477136483
-1.0016442445426117
-0.3108458502506271
0.0327204411791746
1.4765136567905355
2.562142467787791
2.0048556025778463
0.3005883541291737
-0.8253004135846146
-0.8970271042161985
-0.1795458575651942
-0.06975623435237258
-0.761595679713142
0.5675300483756098
1.5130257101785736
0.26459473785437987
-0.7037286969802858
-0.3149055403604494
-0.3913478823753593
0.3543827124026179
-0.02125272669709486
-0.35875405963928575
-0.2165072202733535
0.25634577907401884
0.3017608960078441
0.31516904275039337
-0.0024203001128753608
-0.36333025402197033
-0.48533928151663364
-1.2419129713492507
-0.7848194393579434
0.5222323547031702
1.0978349967960817
1.5145221793825736
1.7700154545193567
1.6070578636098118
2.1159090992272267
0.36060302546004747
-0.5521921648238927
-1.2344377747047217
-1.2484189552409666
-0.8201296282964489
-0.5525089504871367
-1.2701205829387596
-1.1027523968280168
-1.2591756523382092
-0.5509541376604968
0.7038790836949183
0.3306295918998111
-0.486964778971371
-0.23276262893528407
-0.17378096102432677
-0.5961215684753999
-0.08160082039989046
0.4279258437835818
0.8109067559328736
1.810460860971021
0.6090438554106222
0.1262379884073885
-0.9944370900402661
-0.11662721004331338
-0.5156205517904592
-0.5438595366283693
-1.2080736837153163
-0.9374860834094763
-0.5591003559705822
-0.2858903882302094
1.5634268959033804
1.367647950552721
0.8621973751543375
-1.2358648870220548
-1.2213790400597118
-0.8571537853303198
-0.7575251746910812
-0.6662759482599743
-0.7065011117219361
-0.8945177518570665
1.603833102943817
3.047480611494528
2.7275866773009776
0.1869742085964188
-1.3261317318403532
-0.16753788714932755
0.33669577362278824
-0.06367073830985318
-0.018466648920356012
-0.6646911290779152
-0.004379427604333193
-0.05255900349534508
0.30374962629472757
-0.6392936244790562
0.1904788537423696
0.05559460555459774
0.1775269133791622
0.7124914317517284
0.0502978392395223
-0.5767505473645722
-0.7503431284075958
1.4244828076740002
0.8278193970140043
5.2468966524211265
2.0505068440657177
0.6012712300870704
-1.0351731866304839
-1.462680046899219
-1.2181373360762702
-1.2050025343549529
-1.15597971605805
-1.2259366086514107
-1.145585452037656
-1.320047797520586
-0.47711686878329806
-0.5328516977604155
-0.5680660682202046
-0.48903277186050503
0.7148266190391096
0.2967366094025282
1.0976758855424007
0.2918550793169079
0.31805190080953705
-0.3859009661775221
-1.2788195888715332
-0.5674926309807217
-0.9785760020546763
-1.0417395741256146
-1.0435389007518134
-1.3451468599983583
-0.04884857403309136
0.38329256789134775
1.8218022702643348
2.0735073823347516
3.204824832165504
1.8079192357914777
2.0092786871393913
-0.8189558123298603
-0.9313568365947128
-0.772237166803541
-0.7997655593983044
-1.2134349892291236
-0.7025646658339908
-0.8436265808104452
0.4274088854518373
0.7286407693310575
0.9994673094792411
0.5176849351457933
0.7181330286967617
0.5346785969059185
-0.17152982201400166
-0.5856395898832144
-0.563151911301798
0.4540209227632995
-0.30986118595238693
-0.12431164995490361
-0.007686512427026963
0.3859980469484344
-0.1345764954992093
-1.0030257504937101
-0.7959518894144519
0.3600274096789332
0.6035311686013539
-0.37566681851389505
-0.7697573503069437
-1.1484632848631753
-1.0151738641179113
-1.0199582828734566
-1.203171650440243
0.020712160938016397
-0.05826358230514751
-0.552502331989247
-0.9389102624227006
-1.0394853888419573
0.2939331022861541
3.3948154774624766
2.6737071134554493
2.1237446605855816
0.04192210122981926
-0.6028090711170883
-0.8645064629396043
-0.3234027977215618
-0.6960643078891471
-0.7520129321905159
-1.3218263060909519
-0.91453262158512
-0.8233498679033181
-0.42536186646296353
-0.5184001915751496
-0.3197811881495383
-0.3707179454423277
-0.6199873862510983
-0.625917951614767
-1.1238017247572574
0.40238835981870547
0.46570419011353925
0.6768168567948492
