546
0.63549
1.29474
1.31646
1.58473
0.0936546
-0.496555
0.10492
0.0152236
0.793812
0.974664
1.06109
0.0338593
-0.321174
-0.326651
0.00852122
-0.0582319
-0.00466795
-0.816066
-0.759796
-0.655098
0.0319949
0.673756
0.968125
0.916996
0.208411
0.451181
0.479732
-0.00198706
-0.137237
-0.458864
0.197909
0.653695
0.889003
0.327265
0.0675639
0.37292
0.757889
0.603571
0.0242039
0.823171
1.0963
0.96343
0.0368442
-0.112932
0.379442
0.244137
-0.391123
-0.260104
0.187586
0.197373
-0.071783
-0.439503
-0.359425
-0.820843
-0.48691
-0.463305
-0.491684
-0.637269
-0.512273
-0.536117
-0.456329
1.077
1.34566
2.63962
2.90116
2.78727
2.68321
0.967474
1.04682
0.231376
-0.125796
-0.30383
-0.281506
-0.190401
-0.286065
-0.0777911
0.0391488
-0.158856
-0.34059
-0.290517
-0.439197
0.423079
0.332536
0.405647
0.0565103
0.0987715
0.117459
2.36131
2.53836
2.34536
1.59022
1.18823
0.919841
0.672344
0.0636617
0.0568038
-0.820289
0.166982
0.364355
1.42509
1.68612
1.2752
1.34884
1.17445
1.04433
-0.794508
-0.689137
-0.376835
-0.598345
-0.695363
-0.14944
-0.092714
1.12566
0.953445
0.651648
-0.0644155
0.153674
0.582936
0.286311
0.171158
-0.605572
-0.852877
-0.266067
-0.205552
0.257623
0.0313638
0.133877
0.0171747
0.331702
0.445302
0.0633197
0.139085
0.409026
0.0928765
0.22755
0.0970039
0.0534033
1.25628
1.42024
1.01718
-0.467699
-0.123017
0.0418215
-0.288498
-0.552585
-0.675536
-0.716192
1.57369
1.62494
1.77436
0.0394812
-0.0556261
-0.571031
-0.418074
-0.452811
-0.604891
-0.582512
0.0159375
-0.120277
-0.0719091
-0.608048
-0.203666
-0.0274091
0.503036
1.32895
1.04987
1.07075
-0.206145
-0.394541
-0.441112
-0.232435
-0.342041
0.498054
0.0836796
0.256387
-0.442483
0.12614
0.191791
0.150964
0.51809
0.758447
0.679999
1.24095
1.71218
1.65498
1.73426
1.04089
1.16825
0.953924
0.94598
0.729622
2.1946
2.22348
2.26097
1.43515
1.50854
2.19001
1.73775
1.62126
-0.395393
-0.261975
-0.44861
-0.290905
0.59814
0.804287
0.979636
0.914289
1.10989
1.2126
1.03763
1.31254
1.50336
1.70507
1.84739
1.13635
0.861208
-0.0600326
-0.480735
-0.361887
-0.188167
-0.453158
-0.311476
-0.732944
-0.468195
-0.546168
-0.508985
-0.215015
1.41989
2.15486
2.20775
1.9991
0.426362
0.434464
1.17916
1.27637
0.274486
0.405115
-0.0405727
-0.0180575
0.298759
-0.259632
-0.0956536
0.454745
0.691183
0.77491
-0.30203
-0.512616
-0.565621
-0.246501
0.0257557
0.306354
0.134585
-0.56778
-0.203239
-0.288887
-0.0273068
0.029079
0.170377
1.58049
1.84405
1.64733
-0.497854
-0.504097
-0.42415
-0.291119
0.721391
0.930665
1.00393
0.376222
0.270178
1.78641
2.28804
2.10455
2.21517
1.63084
1.44514
-0.143796
-0.0569619
0.807202
1.39023
1.12181
-0.316457
-0.184635
-0.0106585
0.15131
-0.00496766
-0.0148516
-0.392908
0.477951
3.19263
3.41042
3.29182
-0.458283
-0.188199
-0.184081
-0.205335
-0.503731
0.834748
1.00226
0.980867
0.384735
-0.137203
-0.0201582
-0.189583
1.14302
0.818352
0.86294
-0.236576
0.361661
0.338696
0.579614
0.877234
0.354542
-0.173841
-0.120741
-0.207537
-0.640828
-0.656765
-0.877324
-0.652589
0.0401295
-0.0561069
-0.0762944
-0.376282
0.362381
-0.00696414
0.0449527
-0.183394
-0.0365955
-0.175743
-0.316201
-0.0571349
0.103876
0.705719
0.740812
1.02397
1.00049
1.94465
2.12155
1.81529
1.01804
1.00701
1.73549
1.91656
1.72842
0.316033
0.270822
0.524224
0.457728
0.0226615
-0.616519
-0.276899
0.178841
0.15234
0.333879
0.0666657
1.55909
1.54447
1.52778
-0.221177
0.403788
1.02716
0.923619
0.960904
1.46536
1.03143
0.761443
-0.119485
-0.166325
0.427033
0.211487
-0.186071
-0.00466396
1.42855
1.60904
1.88179
1.25534
1.05623
-0.402557
-0.37909
-0.308559
0.0853441
0.330109
0.466034
0.427802
0.297082
0.346443
0.400915
0.262856
-0.101485
0.428913
0.126874
0.224178
-0.0308992
0.675785
0.394943
0.537283
1.36505
1.99192
2.07062
1.7496
0.60184
-0.0828476
-0.112295
-0.534305
0.205523
0.601992
1.49708
1.15729
0.994901
1.03219
0.936051
0.64229
-0.45276
-0.560795
-0.862972
-0.250761
0.296699
1.19584
4.08157
4.02798
4.11657
0.957662
0.929061
-0.0825017
-0.310378
-0.700214
-0.627333
-0.210436
-0.0727431
0.026689
-0.0268224
0.583471
0.59673
0.556417
0.00473095
-0.526336
-0.359933
-0.351865
0.426289
0.317491
0.297449
0.000159311
0.509152
0.634585
-0.138412
0.856923
0.524204
0.409237
-0.321119
-0.276399
-0.609991
-0.134305
0.171467
0.68085
1.02597
1.3035
0.710702
0.84053
1.03135
1.56069
1.9634
2.1591
1.75113
0.393931
1.47282
1.69931
1.53521
0.026118
0.759759
0.66503
-0.216901
-0.257587
-0.164314
-0.0015609
-0.649463
-0.53462
-0.716821
-0.214716
0.0831297
0.758821
1.02023
0.927482
1.50981
1.45743
2.11092
1.48136
0.818529
0.0865898
-0.232248
-0.420691
-0.41438
0.373174
0.678594
1.76562
1.67134
1.87933
2.34733
2.57559
2.66895
2.09907
1.3098
1.38677
0.573182
0.0360185
1.05366
1.1287
1.16084
0.446143
-0.227926
0.235973
-0.0400479
-0.657601
-0.574698
-0.373464
-0.440959
0.044821
0.0824481
0.375414
1.60902
2.73839
2.88631
2.86511
2.13018
2.02882
1.71568
0.208311
-0.354952
0.370288
1.09079
1.20909
1.18334
0.425305
0.346368
1.30812
1.46306
1.44898
0.520251
0.431501
0.842523
1.95564
2.35948
2.60054
3.03571
2.6733
2.75673
