182
0.463964687246129
-0.1574028420398849
-1.1151818136508551
-0.7619836016719129
-0.06873630639130672
0.1893548078668535
-0.957316007134463
1.847452735837085
1.2285277771597878
-0.7518212992896299
-1.0022328457997396
-0.02630974797912084
1.03117840306355
1.3878378671785847
-0.3810393120565148
-0.5957248179760214
-0.8803667382883837
-0.9019401784837748
0.581283701152641
-0.5536130483426397
-0.6001868915863442
0.7812781962517482
0.4542741103342803
-0.5845444040767142
-0.9909229727994247
1.1329448193988814
0.8720746715429821
1.7715394829067248
1.7758830678657462
-0.4536683531964994
-0.7202825107633007
-0.1443608204391002
0.1610109523800481
-1.0765312774220481
1.4229310556797308
-0.8185510723085322
-0.6585377968317366
0.9340200864619173
0.10823286031990331
0.04027520293387395
-1.0189202671675164
-0.9640469930212638
0.727307286076702
-0.8796165704284332
-0.9929983745183555
0.6763876065683203
0.4375694589036556
0.857225397410971
2.023473344492491
-0.2528786579339947
-1.0661882028221625
-0.7452921649050309
0.707854420983783
-0.13153090497275904
-1.153553083270599
1.5109476518170142
0.8802918860615234
-0.7498514628298838
1.7642574300301814
-0.3679279234288705
1.348224433363046
-0.796139833785088
-1.1213356552225526
-0.18573068343973217
0.6710483856152851
-0.46733306043534306
-0.7891060988276979
-0.8020610983915748
0.03909738953503083
1.9219145157388
2.426883605665218
-0.9048767910063745
-0.9648567677126839
-0.3912438257297057
-0.5800013786016635
-0.4750930780407657
2.5573792900731136
-0.8800767749920702
-1.0065631719788333
-1.1715089662122131
-0.3036249414529719
-0.13221820017067284
-0.7701051732263708
-0.2175247405122978
-0.7573110861674394
1.6596283854282736
-0.08927579094854708
-0.6260974835375451
-0.8956516329447137
-0.9338535736316299
0.6515984669406121
3.0149433650355144
-0.15631874555126388
-0.6510411679181313
-0.2840617192317419
-0.6204601874721296
-0.49700802236043995
0.6660146374202612
-0.9417949820642361
-0.8878231455187989
1.156058000134421
-0.20326884750102311
0.14120148750807207
-1.0048363007860568
0.08717887797908068
1.8049821569853757
0.918553619329373
0.3898426505946436
-0.8021793846401999
-0.8181184100779576
0.07742760262676836
3.997204855191898
-1.0662232357345036
-1.082799822227297
0.4446755145587046
-0.0598052524261323
1.2885192112305137
-0.862527455388808
-1.0624683202090661
1.0972673026490427
1.3527728271306243
-0.8972471323740444
1.82132840308451
-1.0763901145280816
-0.7581093540259095
-0.8157410179231078
0.995476938045068
0.056251714352060105
0.8143652989434401
0.20414824406318477
-0.7267743753765816
-0.6136384915401762
1.6737184560468938
-1.0791378149738318
-1.0281992649656901
0.38754419241282373
0.01605630789807568
1.1168060553694374
-0.12874365952036274
0.8716288595087551
1.007463558792181
-0.8425071375775905
-0.7481757480803989
-0.832965176371443
0.32296865985576423
-1.125300911622413
-0.35260553328390953
-0.0509092052681626
-0.283672378359393
-0.21788164764445134
-0.1409012007747802
1.4988457223572949
-0.7393790815132808
-0.5783859199500027
1.6429718806416254
0.0710797703067039
-1.0628729815037954
-1.0490008228096743
-0.17414804628295252
-0.46895669311217697
-0.23141170235437764
1.505146170882327
1.212600806330045
-0.9610894214787363
-0.9584774642240842
0.32736549445035434
-0.24536420084322222
-0.004532933536056802
-0.862432275776747
0.5146737440951241
-0.057684609171982454
-0.9505320799607773
-0.28803514345326353
-1.0463460267802658
2.7762966609930895
0.5161597442532845
-1.029234596665894
-1.061036923083169
0.9232357328266941
-0.08802098943899148
-0.37186002063729845
-1.0238417974774117
