546
-0.9830847680716773
0.010403080601519534
0.4323731184664021
-0.17141779599963308
-1.0983664573938057
-0.9083512973319402
-1.1324648259178898
-1.205831831776451
-1.3060867841026909
-1.0673067259405782
-0.14843126361902167
-0.7295314316823883
-0.5341585836522782
-0.14028684979812894
0.45123994445567933
0.7498131589462901
0.15854813797271328
0.009045387806301448
-0.07424764469389471
-0.15531163230195905
-0.5319282448369869
-0.4671715369160944
-0.03318680798795387
0.8991142287818594
1.4819880097128155
1.3144891419436258
0.8221061730502585
0.22851060819082628
1.6628639902242521
2.946518604721313
3.1593745832879185
2.5155993237672565
0.34285042411616673
-0.6125643548960668
-0.18928259400985584
-0.21004530719984754
-0.04043324599971074
-0.33705207685827754
-0.5410133899577094
-0.5241764015585998
0.06717010917261489
-0.45454673592503664
-1.0052565490723846
-1.4199327053383781
-1.1548303817981522
-1.114964306704954
-0.14717169865305385
-0.4207527876639187
-0.3133289186832465
-0.31024055139797657
-0.6132263297926104
-0.2712834945302292
-0.971540482000111
1.7779576379154196
2.425672187347069
2.262132964103471
0.7061038025312727
-0.9021533995266698
-0.37377262088013624
-1.0189202639043218
-0.9226821056290452
-1.0772086526480997
-0.08506824904540634
0.2515781837618253
-0.020625404575588528
-0.5617620757921813
-0.3643988271786438
-0.30807746793081436
-0.7971882608061783
-0.03528066721337784
-0.3916915413887952
0.1731791442617001
-0.501471032518814
-0.6853682371977565
0.2078847782548641
-0.7018094976471656
-0.5047893119046987
-0.7664435393006326
-0.9944853423483401
-0.62562899460287
-0.18380753193420077
0.13572807242101728
0.26238350261283144
0.024154088968263515
0.16887287121118036
1.1230782595643052
1.296461188830713
1.7316260359578222
2.9970536152048686
3.6158193473893387
1.2471908357028478
-0.4509689618788331
-0.7269814675616808
-1.2233457506328822
-1.0088007559563492
-1.1487301486533903
-1.2350275207913228
-1.5241011493404786
-1.3569641961456163
-1.3736214723567346
0.1726566689031394
-0.12779988424356284
1.0154188838672984
0.35621536482903676
0.39911590533908714
-0.793051225453986
-1.0373023215217492
-0.8635267976424368
-0.2429017830074799
-0.4396406903251571
0.2216635569398386
-0.24761936816113614
-0.39723459724194893
0.29949980564941325
-0.3403908879141199
0.7778522778198814
0.4583952803790077
0.7943235323721316
-0.602432235937463
-0.8865624115588203
-0.8895305204246508
-0.9916745565664945
-0.9489576040540033
-0.885889235154241
-0.8858996420598254
0.2840496419564392
0.43848223895604366
0.4100834628947042
-0.7695735294224226
-0.6061631513133848
-0.8451469428451832
-0.7135928742701417
-0.22063550695742057
0.42524099545843763
0.27603686472953837
0.7803635868631484
0.4224478237251651
0.026432421405172348
0.619310957383911
0.03803201935905662
-0.2345211776379075
-0.7893779681673041
-0.6523392518047721
-0.8070655100799016
1.2872059844342343
2.2948381742376327
2.505757092856562
1.3484568885732036
0.9903725398846963
0.9093082098480615
-0.2295225178857107
0.38189674549563174
0.16376989292840866
0.5990257679586277
0.3765397875394198
0.3895849965977044
0.43463726368187167
-0.45162894668318426
-1.2723910336877384
-1.3955219275051618
-0.9327656743288756
-0.3083432290904849
-0.7181864587529874
-0.6018175583256794
0.14370218601957493
0.7773733747340951
0.6063387004370492
-0.7395794322006568
-0.8423421004793005
-0.5206759338259079
-0.4250827006588506
-0.25849645437824315
1.7773922424015538
2.121338097194442
1.4359852725189841
-0.864456342986146
-1.107102761503828
-1.0562697889782624
-1.3365972123120329
0.779599450038521
0.9955391244905493
0.7197999078098007
-0.7903798220887278
-1.265100816699513
-1.3095335933389374
-1.3420888214881774
-1.442519431049012
-1.318903413942052
-0.9387099216598319
0.43896852004968545
1.5786858726169528
1.2007697428209072
0.41215909481870716
-0.4012484817047778
-0.27548437976258816
-0.12977563188971275
0.3910077657955484
-0.44253428649260046
-0.6038666646225147
-0.8468876437645733
0.22929102561206763
0.4467667960405554
0.12245347817939664
-0.1822337461320029
-0.02304520243425031
-0.6518020537178921
-0.10015023477630093
-0.42380294495448345
0.8989500541976697
0.6228017070533862
0.35055875877233583
-1.399740034667547
-1.0686822012369264
-0.6043830049564202
-0.41836184354980344
-0.016868020870078302
-0.9354342160341422
-1.2601402333483156
-1.3816613633505748
-1.1202627311542868
-0.4765135712358387
-0.23853495833234648
-0.40758519210864586
-0.48178221098272445
0.5487780801745632
-0.22288460010738959
0.22101610414908734
1.1724130170924416
2.7579555793028003
3.857231850005501
2.3243090243488536
0.7291904917977412
-0.388449347581145
-0.7354853053907622
-1.4129991738254501
-1.650203687644836
-1.5077364750823383
-1.614219394688641
-0.8386644804405797
0.15427495374731096
0.3047673919393333
-0.022450831216954053
-0.1934575417384869
-0.7318654793692654
-0.7040082346406457
-1.1634434162534326
-0.27175510657350876
-0.3492942406017862
-0.26800303467480324
-0.8956007827589998
-0.9661299544673526
-0.12344710715685003
0.35660068476824086
-0.44831437818284564
0.05348073801116252
-0.12347901071622254
0.24181841660578707
0.0685430746340656
0.04274858998038631
0.22083711765088274
0.08616568261148293
-0.7436176679638904
-0.9779481814590756
-0.9014884004524749
-1.2678887970106894
0.04334332004901106
-0.42876601827385374
0.37653089907094356
-0.5861497478291194
-0.5040161250912475
-0.5565328656758551
-0.5293786639622727
-0.03494203496375215
0.15988373467560962
0.5513670381002833
0.5499595731928543
-0.004697601694024263
-0.9266938112579277
0.10336965532600029
-0.03223233078953864
0.6322900382201149
-0.40365595285683037
-0.15734655153628826
0.7961138793770381
3.105236628477331
3.255426774715021
2.844054017610653
0.8724746695858265
0.023257912925514202
-0.6083172232345594
-0.8036754931374485
-0.7051922204471549
-1.2881499004230181
-1.1326075816349435
-1.129860125374452
-0.8056995946796398
-0.7039922737103578
-1.1284553747036912
-0.6836393049122216
0.16030007208059588
1.501513860037424
2.214549353944605
2.2869818863544746
1.6798629689518834
0.5646220235002843
-0.16065025655729778
-0.23392026337709645
-0.26850384613851275
-0.13909458504829472
0.05068901371311545
-0.2023633022539087
-0.2849565978540576
-0.8802725972610379
-0.41572354621841573
-0.2767226479369175
-0.1526042922153402
-0.7200386326694179
-1.022938145497996
-1.0714312133777406
-0.5624854349569312
0.0004786508192876218
-0.44157008492933864
-0.7841874672124223
0.24555477877254908
1.0508418916032576
1.1690845012788624
1.0358933861095583
0.21874751605542886
0.16439302456464008
-0.2923137994281636
-0.4669162800681707
-0.6094922234665587
-1.0641797251638212
-0.6807565708140522
-0.556705508575099
-1.0040271679114323
-1.3292796828642182
-0.7839923227925751
-0.22249702132979027
-0.24239937304583703
0.06290397425445231
-0.1520530602362518
1.576142496327139
1.1533416322547292
1.5695200187945686
-0.5368524258401224
-0.48197124392704194
-0.46599969427560145
-1.0897602744878796
-1.155814072696277
-1.194267599402004
-0.9659103424414534
-0.8421079946457921
-0.36279557090079373
0.3247565555815963
0.3656368935149571
1.0077065001137968
1.2106477514474694
0.8017261391405646
-1.205645252165862
-1.1172055857928835
-1.1924528638619403
-0.7875604116075615
-0.007976884380908685
0.5406188842211264
2.157682628507748
1.613381485862443
0.615523753670523
-0.3843979993237106
1.3392599728403134
1.4487845356804392
1.654351938578457
-0.9046480348709396
-1.0550445704596818
-0.8578337747268142
-0.8957517083641771
-0.7786774696787873
-1.2414669109011325
-0.40968004966949667
0.9082778912856946
1.9196081069797106
1.5679859475541573
0.8967777260963629
0.2519589559770424
0.30806192682476063
0.3058332391752468
0.6259431108102593
1.277417351769177
0.9192214943794523
0.944486912237076
0.8416599721774046
0.715773393882367
0.20894335586250548
-0.12199408836712672
-0.21996328840345408
-0.5918701291461819
-0.8563383352228511
-1.0674513585461833
-1.1712412693195589
-0.9977173190863367
-1.0037001188499934
-0.22035375321247347
1.15453990790378
1.5425917601016308
0.6194139097102599
0.1449332416255743
-0.9945219368451722
-0.602919332727943
-0.17895126542227752
-0.08496769050874121
-0.5034324807135744
-0.409659471697474
-0.4470223151340659
0.32525261851002646
0.3650069628694642
0.06257563331340338
0.09440073676201276
-0.23785901551304287
-0.5093520344466965
-0.11455220445135206
0.6579239386871464
1.0722603450632393
0.32250226575708024
-0.19359052204027877
1.038337946043428
1.0134926096192232
1.5482174871533962
0.9749565539784167
0.44221377823234087
-0.1524431014094397
-0.4627503783343174
-0.33441208034485176
0.09944270697842157
0.6738084396036269
-0.08868964234132702
-0.9031084730566251
-1.4531379961074435
-1.1125327933048845
-0.8654841275979358
-0.7094957376845533
-0.214600266376187
-0.061114796151721794
0.5502055009294722
1.3351245106970815
0.49525919183605455
-0.0877530620256066
0.3397000966939347
1.125648626344644
1.3685643340262506
0.12054813274373348
0.07295435388934055
-0.1741254015029107
-0.009695794514241974
0.9385554949324838
2.5869096793058732
2.1502402690421323
0.8539816233864428
-0.6253952048660315
-1.2392449855459302
-0.7555786138437668
-0.7760633067932916
-1.118520957498451
-1.375184919543984
-0.6646110293675572
-0.06015545633412965
0.4676909191437436
0.2756265627895715
-0.027686823376024957
-0.9464275174332017
-1.2269351737697276
-1.1516764053406885
-1.4230736809744429
-1.3208912797889534
-1.133698832490423
-0.8110102397489706
-0.6545365933139726
-1.0632303664063403
-0.4786261227112617
0.5630166978658079
0.3182710993521836
1.0385559566881113
1.526268152927923
1.5728965792000136
3.1737713835957995
2.6303165339218335
2.3830851084220495
1.7841071949553242
1.4359086796144582
0.9231389567722104
0.1294748815215274
0.11642509991490634
-0.31110377407371387
0.3048001103271927
-0.40952803179012087
-0.2952632257216281
-0.16667747178712553
0.23378575852944802
0.0036473044419662154
-1.0315463099076547
-0.6621538589883477
0.31185702582762914
0.7225445791494514
0.46109618009295
-0.12328810703847143
-1.0380920105103997
0.7658042835886432
0.6262481183939668
0.4797260235342246
-1.0327743664061417
-1.0331400521800347
0.2328463537668182
-0.1411568513759425
0.14638263747219565
-0.7694486526175902
-0.6862977044302089
-0.9813115596396115
-0.5854948285332388
-1.132765560232264
-1.2879071111733829
-1.2255753828463838
-0.06877487145442356
0.5728587424334441
1.3220810520308204
1.6794932183804234
0.661425161850496
0.45585359832631545
0.6829285479650415
0.5574422188932806
0.5345592983531192
0.5765792097738252
0.43490761238814907
-0.7379543051288693
-0.42449570675765713
2.716612370784573
4.048291111639114
3.680659458015296
1.2509967416375358
0.9268505185419207
0.3028169850629116
0.3407427481445935
0.008782109763951674
-0.5076766670482667
-1.095678396501307
-0.18693973965243182
0.4605611369158738
-0.10283032970271068
