182
-1.085458876630677
-0.42438601392434194
-0.8001270946973905
-1.0838322606540707
-0.5924329490761772
0.1207311424967828
0.09891549795849576
2.2521583590325247
0.34323070335354394
-0.3898074927916565
1.5274579648856328
1.2066641317438063
0.5105062787331813
1.0157369764637327
-0.5279796139297317
-0.7301944395337525
-0.6425897434810337
-0.4318417041959773
-0.809075024049005
0.9562569625188153
-0.6911200094971555
-1.107590372751503
-0.42535976859032437
1.8791372030312026
-1.0239433501803195
-0.4935423319456734
-1.3018389288186936
0.012164685241463585
1.1415825063262748
1.9762810518255316
0.9730641839402542
-0.8649785505769867
0.8440276396029109
-1.4812591958961907
0.8133424026443156
-1.3344927066584593
0.015031757150460194
1.2282229379405756
0.10783951094658566
-0.9342285567197769
-0.5631112560672842
-0.35816149357330457
0.4585494526477835
0.6579487956017538
-0.0072816669878587115
-0.472343530529164
-0.6249800504089621
-0.5132024613959169
-0.28998863067138164
0.7766940450916809
0.0670294136124833
-0.2274618076790577
-0.1040636915185151
-1.1253635528224455
-0.874890332013959
2.2639572661970067
1.796049175454245
0.5469568461056914
0.2597149419107916
-0.21158169631846302
0.00768794393272556
-0.43164702826571416
-1.5093678939495718
2.200182625603664
0.5793256696325653
2.4268223440743086
-1.4513588711020862
-1.8809764827725017
-0.7347840846808316
0.4592927771905265
-0.8868615651727828
0.4027784559192571
-0.7596268866478092
0.22768934090346932
-0.7930301611491233
-0.2833280329913402
2.140438917310326
-0.28207357383192305
-1.1609922581714611
-0.7485231999408103
0.7821360389801684
-0.16531104203097058
0.1542171043907262
-1.0107860916603475
0.44256629327645086
-0.3121405244490171
1.0483776681326529
0.8433161512337838
-1.4370687507703277
-1.5113985090731887
1.244911103715915
1.3455926309983202
-1.551567110978308
-1.4105495750895671
-1.108043953663796
-0.5496950216279473
-0.645625857780065
-0.2982377919865992
0.5493469251205333
-0.8094345029867519
0.15076302159172547
-0.12594258404488964
0.7273265308593317
0.5040661812734986
0.7065260776400097
0.5901036825648276
-0.32852104988610037
2.3054857875204555
0.08757563357158575
-1.0668493155215197
-1.0450895163250153
-1.4721564818547734
-0.43143832974120694
1.0349386442625315
1.3422065119330726
-0.9384279030734161
-1.4577894036054975
0.5946132768095728
-0.8640292652397573
0.8432403373110019
0.3751242345084733
1.1451113919513667
-1.0836814207609538
1.8676286122944215
-1.252556958542559
-0.3827692056824545
0.35799472109887076
-0.5947093184964974
1.5094023283521065
0.12518685761203105
-1.1314990709653048
-1.4618605350697713
-0.33059461120038425
-0.5275484502300648
0.22508582116620582
2.367819073121441
-0.5762094470036767
-0.6793685127939846
-0.5208946912035625
0.2007791771493927
0.15571749326648024
-0.27652330701164857
-0.9717077041403129
-0.6191813611039445
-0.11220550288066135
-0.15481336113815794
0.5071090527644967
-0.1842002110946039
0.06623136213705959
0.8912223542380727
2.55945430625146
1.152545077140447
-1.1783962425050936
-1.3493813606324836
-0.38292997731219397
0.9996005188453327
-0.26985276320738477
-0.3217534939675495
-0.7488937533775655
-0.2463451980700987
-0.06582958679632922
1.2430696774681531
0.4609017482394874
-0.4411913049107441
0.6613864330128274
0.4376618496575719
0.156460527117648
-0.9297329747996489
-0.6254174068489241
0.010052660621182331
2.1856648961441376
-1.2510837433732098
-1.7126848854883108
-1.0460172553245166
0.8927925330026365
2.347485420865763
0.5703237847879736
1.439538577488169
0.2169007611528224
1.2354072301645358
-0.12487768392224935
-0.38854491532600494
