182
2.0669784763902275
2.43130652191097
1.8003985718363997
2.1110336116635255
2.2802648528042178
1.9332929799040959
0.9884893576952777
0.7028671969710105
1.2879663208925454
0.8444820507268892
1.9435120800336187
1.048514193476401
2.0326944366157025
2.9218774694134715
1.3074045174892184
0.44100788536279434
0.24608952557350616
0.0627132931685941
1.154975495521325
0.702567879857929
-0.02765259507913857
-0.0909191340367976
3.6169391795434627
0.6042940138981395
-0.4324323637428503
-0.2952462316472015
0.11980571246706347
-0.08716675677539165
-0.7395457435310825
1.108547823157425
0.18238385696463374
-0.9296228332920613
0.8938691306240735
-0.9617990874476373
0.7642445135846195
-0.6667703111925927
-0.5285632258262825
-0.4859594346699567
0.14129463110354895
-0.08229082804836858
0.04339711768304931
2.586750874632414
1.4133528424202464
2.004713533964731
-0.4214685283248192
-0.3162104201185534
-0.6566668923037348
-0.5319580834600651
-0.6253493234714209
0.047253463859269776
0.03507483064008475
-0.20429420496107928
-0.02283264054863833
-1.0212749166456727
-0.24608900605427952
1.0027390758447705
0.07148744244496202
-0.43372668044651025
-0.5363988745904466
0.34384832127296816
0.22344411224933086
-0.8256823380094328
-0.8780109739226419
-0.628141876173257
1.3690199140414498
1.6584821144117998
-0.4771895233127141
-0.9475684799353833
-0.30077814992668295
-0.360477213786585
0.7715287388243968
0.3800868986185774
-0.4944020148275414
-0.6493684584734536
-1.0433745230432594
-0.7779435494407917
1.3124564801182848
-0.5467562255973086
-0.25303011219786314
-0.7896657237314595
-0.3312649090475151
-0.7174202953491335
-0.23777102256004728
-0.9407440278779847
-0.8038654187205164
-1.0497578018856628
1.0102138659925433
-0.49361945376502675
-0.9437374921457103
-0.6115175103304958
-1.2417992470577481
-0.6569383459011747
-1.088567660437977
0.22238721157951802
-0.07572556333674847
-1.1639851161765515
0.7974898615472336
0.2121168668888976
-1.201969752127279
-1.2231359581025048
-0.959776506509312
-0.7177464818426326
-0.9934303861600609
-0.27130567609609335
-0.8317359872511927
0.2899051179747581
0.9768115433237913
-0.052348081718484755
-0.7718504724900371
-0.8266574143207344
-1.2835350263229892
-0.33628188055241576
-0.5969708458891596
-0.4603650433398765
1.4071763718471235
-0.2911404110045972
-1.003865611975495
-0.18569642408648357
0.08715222506149789
0.750744391455279
-0.5140335211277858
1.4469441596098613
1.2240505071799086
1.3367888051420405
0.044895466635156436
-0.5767695099874522
1.5503282654202957
0.386475328814327
0.6357155217032017
0.40451535550424206
-1.1560298125783262
-1.0062526871698696
-0.9415501529933722
-0.45299081513656275
-0.9522566553824073
-0.5196288545442956
-0.758148657064753
-0.20167019333401343
-0.790776579659821
-0.6340028636559114
2.0825644512028307
-1.025972715828936
-0.7438146411681218
-0.93327625871008
-0.5619360426992717
-1.2371339682675662
-1.1166337904402324
-0.006542935959638488
-0.8129644253021878
-0.6610114045175275
1.5972356896577617
-0.678230670644571
-0.7264046121190326
0.07371733778356436
-1.3784329787485758
-1.2956334910693557
-0.5045590560187282
-0.43405670470954755
-0.5487156590238954
-0.5335555890391702
-0.0896623504432338
2.139375894146656
0.5568218698325546
-0.24273386322001997
-0.7817793102270079
-0.8124495096132687
-0.8987545163569066
-0.39897187469220285
1.109207357648253
1.3103019533330031
1.7292836832792517
-1.0328142214033191
-1.0831335965133724
-1.0894410264763832
-0.9032673572052338
-0.22643398282162594
0.46161197431503337
0.393158599519783
-0.19370019770550279
-1.0225691009826794
-0.8789105355972546
-0.20168122294185273
