546
-0.668652
-1.02958
-0.837393
-0.674532
-0.715815
-0.624337
-1.12124
0.377185
1.09017
1.5844
0.744439
0.813658
0.634393
0.282904
2.40661
1.42134
0.639874
-0.703449
-1.27296
-0.561663
0.144643
0.698528
1.0265
1.3049
0.711622
0.695928
0.125006
0.341925
0.009588
-0.264781
-0.213988
0.383229
1.72758
1.38002
0.982469
1.27973
1.87729
1.55797
0.925881
1.74396
1.70099
1.49673
-0.386321
-0.265455
0.332897
-0.190408
-0.709726
-0.472988
-0.600192
0.807247
0.862376
0.792491
0.430919
0.312327
0.210817
-0.515732
-0.0732507
0.151538
0.0228
0.0315592
1.20734
2.07771
2.10615
1.22202
0.181563
-0.0160549
1.00677
2.23052
1.19741
0.903914
-0.175751
-0.69027
-0.92775
-1.22432
-1.34158
-1.37253
-1.41149
-1.25364
-0.969301
0.587816
1.51298
1.34254
0.883587
1.27886
1.2578
1.78211
0.74032
0.885809
0.718421
0.613302
0.927674
1.66945
1.97398
1.18178
0.67947
-0.0795005
0.328607
0.0500221
-0.712619
-0.566421
0.649272
1.73775
2.65018
2.32953
2.27332
1.12925
0.754285
0.424436
0.769724
0.0161133
-0.277268
0.0861372
0.917435
1.89963
1.15816
0.893432
-0.172386
0.206791
0.375825
0.679819
0.680439
0.486942
0.569686
0.62568
0.893086
0.204893
-0.0372532
-0.901783
-0.762116
1.04734
0.495415
0.24106
-0.746653
-0.42321
-0.854113
-0.560808
-0.292928
-0.248341
-0.468811
-0.631204
-0.89222
-0.938318
0.283219
0.878184
2.11101
1.90033
1.18246
0.860654
1.21602
0.54345
0.53956
-0.19418
0.250418
0.68288
1.1213
1.10274
1.69439
1.72896
2.17009
1.94422
1.16012
-0.216237
0.622521
0.608064
0.518801
0.359033
0.431262
-0.428429
-0.0772517
-0.180263
0.645554
0.454874
1.39946
1.42193
1.25443
0.772253
0.387903
0.15766
-0.124962
0.374773
1.03968
1.23153
0.47988
0.395967
0.135299
0.39036
1.31124
1.26086
2.17849
1.96755
0.979142
0.00435833
0.214317
0.118717
1.37023
1.2525
1.01743
0.96312
0.383483
0.56251
0.354771
0.13301
-0.0467612
1.68906
1.15808
0.464687
-0.438548
-0.527072
-0.563751
-0.779036
-0.871719
-0.565094
-0.0885713
0.348067
1.03168
1.79735
2.3863
2.06067
1.13027
0.612874
-0.871507
-0.73086
-0.464643
-0.818043
-0.677171
-1.00495
-0.662407
-0.0271921
1.30427
1.85178
1.89964
0.768011
0.671357
1.01928
0.415358
0.299335
0.141503
0.157707
0.893415
0.474512
0.472185
-0.298653
-0.171996
-0.211045
0.0844043
-0.551987
-0.520057
-0.975604
-0.840117
-0.214152
-0.113012
-0.162821
-0.0711463
0.542492
1.11823
1.1619
0.335574
0.873631
1.0815
2.27959
2.34025
1.87661
0.824469
-0.454764
-0.922961
-0.672957
-0.493608
0.413784
0.502971
0.591922
-0.196836
-0.0287625
0.596076
2.02738
1.61035
0.886466
-0.754079
-0.80758
1.17664
2.30383
2.31602
1.55317
1.13311
0.36215
0.300315
0.684383
0.387443
-0.461399
0.305398
1.95512
1.94949
1.30321
0.97332
0.925484
0.123975
-0.181524
-0.0534322
-0.222989
-0.332771
-0.514503
0.442312
1.84658
2.23083
1.47954
0.574041
-0.181514
-0.853103
-0.77074
-0.0925889
-0.201529
0.0190875
-0.889139
-0.380075
0.827555
0.837919
0.554073
-0.588827
-0.213174
1.85106
1.66269
1.14549
-0.881804
-1.06396
-0.638451
-0.0417019
0.113658
0.229302
-0.0362821
-0.0950625
-0.134768
0.299888
1.22795
1.02022
0.482859
0.0815294
0.439826
1.64274
1.36941
0.630922
-0.036987
-0.333138
0.325891
1.84411
2.27055
2.22126
0.188362
-0.25746
-0.674336
-1.20588
-0.956378
-0.244439
0.259573
0.980623
0.929517
0.620353
0.287565
1.10068
1.56966
1.23339
-0.0170734
1.13478
2.27427
2.76644
2.37618
1.33913
0.493161
0.218539
0.362166
-0.111603
0.31936
-0.216802
-0.237426
0.135458
1.05102
1.10661
1.11245
0.652749
-0.872828
0.0155362
0.683297
0.623651
0.0508387
-0.416398
-0.462074
-0.628219
-0.484402
-0.281849
0.226957
0.489168
0.269202
0.726906
0.149908
-0.0352775
-0.042402
-0.63596
-0.687765
0.022828
-0.177488
0.212114
0.559661
0.708858
0.400558
0.909229
1.54903
1.80295
1.39982
1.96547
1.52262
2.31376
1.5709
1.24671
1.68654
2.32267
2.23298
1.07792
0.0722765
0.466599
0.652555
-0.214069
1.15191
1.21057
1.49737
0.817468
0.759776
1.69511
1.82815
0.815968
-0.637284
-0.977216
0.166048
0.908981
1.10745
0.525785
0.370204
0.156975
0.801138
2.19325
2.42876
1.75087
0.0530914
0.313127
0.531839
0.364186
0.851741
1.05254
1.37193
0.85764
1.52395
0.688069
0.501411
-0.497832
-0.658129
-0.138082
0.0798594
-0.0583075
1.75383
1.08622
0.213114
-0.865308
-0.634101
-0.480845
-0.522437
-1.1193
-0.0384668
1.15562
0.800227
0.115693
0.0842138
-0.501157
-0.588576
-0.236546
1.01974
1.18321
0.910915
-1.08265
-0.537649
0.965
1.06866
1.01529
0.0745043
1.32495
1.99057
1.97127
2.05127
1.94665
1.34301
-0.687489
-0.907953
-0.837214
-0.328073
-0.269906
-0.613822
-0.409804
0.882324
2.18785
2.31718
1.18877
0.71153
1.10181
0.69657
1.04191
0.846371
1.03661
0.716272
0.10067
1.43002
1.07138
0.24937
-0.411872
0.738981
0.872145
0.544887
-0.444231
-1.06932
-1.33977
-1.30017
-0.972363
-0.793312
-0.852998
-0.748592
0.691714
0.629894
1.05072
0.1332
-0.0289002
-0.173005
0.248541
0.681374
1.16066
0.846972
1.1137
0.977789
1.05638
0.223214
0.603009
0.601145
0.71239
-0.0667199
0.726433
0.736874
0.439224
0.445233
0.764237
1.79585
1.21173
1.49439
