546
0.9711884838043565
1.176441532372951
-0.009381289960784713
-0.5996665397058368
-0.6246329523298523
-0.5852028814774753
-0.5501072408575968
-0.8637346542246556
-0.6686390702894374
1.0229269394822689
2.3597026653441415
1.4272762212741974
1.393110816902238
1.1299439453873565
0.48554543802122296
0.10389018992026915
-0.06820953935989675
-0.7367620001307363
-1.1399462529123332
-1.3190697352415037
-1.2722119034553954
-1.1227300066021595
-0.9327640797774831
-0.24138634587687033
1.132295196110966
0.5879256903858339
-0.21419833191180437
0.34134475878556453
1.342442112152427
1.132040197860303
0.6161888190282435
-0.17957228115837848
-0.4220820964713981
0.8828774905202412
0.5254681389622364
-0.019017009666552086
-0.059867045723537356
0.7726047183428529
0.578680376443308
0.9946988014318215
0.4073527800305017
0.36582319511380135
-0.410515268980707
-1.0608473929407574
-0.9759664890842394
-0.4361810574765636
-0.41044640231451707
-0.5562699193159572
-0.3793731234016433
0.6174748648638084
1.1604547908316085
-0.07842967772781256
-0.7070379213267162
0.7295698091682793
0.8280678229961107
-0.29074720314952823
-1.0689406853974688
-1.0286884626809705
-0.9383094509653142
0.6165563916056448
0.8542586727584629
0.9304056539214198
0.3311833661369008
-0.5610558461635442
-0.5968467837282789
0.2520002247087056
-0.07588152591935035
2.2559346020848823
2.170351548903586
0.8125535001200518
-1.019805561755498
-0.6066403271210152
-0.0811369439057698
-0.14083595619963107
0.7717029057815892
1.0012703725246443
1.1309163399741406
2.25028887095908
1.6743732850240174
-0.17604859178077495
-0.38408223789570417
-0.7425104731120773
-1.0681268422393067
-1.2701132269993343
-1.311025092229493
-0.8501845775723758
-0.9029201272658689
-0.08652513130472292
-0.10849754103766984
-0.5134716944916673
-0.19697973155668777
0.3038350270264696
0.9584625251385698
-0.37680339143180464
-0.1811149430234845
2.789508730387305
2.309631409202307
1.1805050463756697
-1.1821176713137602
-1.171314305414391
-0.34659307909250736
-0.4827994190132279
0.36131033979923144
0.2661440305177101
0.1761055253866468
2.2749832551149463
2.552704205183556
2.66512594738532
-0.6389053338083008
-0.7630987782380071
-0.06256877965501344
0.1940339678412291
-0.01567570099717149
1.2996984806992735
1.3646002072214458
0.34964671142061776
-0.36556528339767796
-0.08038887227977312
-0.23015060021713415
1.4111649454346784
0.3631865272177447
-0.11556607815588175
-0.984613469841617
-0.9354655498705574
0.35192836696966256
0.5666025703125446
1.2277876013766091
1.1565394198709538
1.4208825842278408
1.1730754294009211
-0.2285992527998751
-1.0652722825472132
-1.1022056768307016
-1.2249102188642325
-1.1113953183399434
-0.7067177834977755
-1.057708856883295
-0.6892869670358589
-0.582638272666009
-0.6360177904610913
-0.36316756856938975
0.9403700133708753
1.0358451914102247
0.3658469027173365
0.7538880448572126
1.8674769393764015
0.4315058553930084
-0.7735414783808199
0.9245760717881997
1.5703647646372234
1.4062971421391315
1.0185360565587405
0.22140879667634694
-0.058428700798658265
-0.49442812575073497
-1.1455427723146958
-1.2385875753533007
-1.2571207557902815
-1.156553689018845
-1.0837531677582348
-1.0652143596357049
-0.7123527280890146
0.5887076473871026
1.4395144619952156
1.8723695263162652
1.8736591264409859
1.5299310865650337
1.2542602993646526
0.4786000943053373
0.33618345357699314
-0.5208942795397306
0.6371212729687363
0.12105339350546618
-0.04634212678398097
0.8665244269552876
1.475424597137671
0.6505066538044381
0.025722235860720994
-0.8666592547552212
-0.3030093144891898
-0.25680224413495883
0.303318014735062
0.5641165218937169
-0.11500417067248479
-0.7447207240410254
-0.5337745045183577
-0.5031674037897438
-0.20484921821251606
-0.8267885329797684
-0.10778313693455581
0.09128826433280093
3.1262684851742084
3.9231326594173512
1.9916432184598374
0.2589299346013314
-0.6641336476298751
-0.9312125869454664
-1.1509799541566124
-1.2735658871972138
-1.0455899824053274
-0.9488319665284208
-0.9471514647097237
-0.9857112390188679
-0.6622631993035671
0.45463737333493626
0.5603552044987219
1.0350413635155968
0.30671744200776835
0.9948765677895366
0.30928630877491997
0.3794092225879623
0.4716857880674307
-0.6764391123078451
-0.6616299158948246
0.04880317139675208
-0.15968450651309296
0.0598328928691659
-0.027093350356348286
-0.26902930407734493
-0.31363859998672666
0.3336918192936032
-0.37671741468814585
3.276181363960619
2.1830897389249153
1.7728253544175336
-0.8706749963650834
-1.1144750917329758
-0.6661200865136568
-0.3994976823303058
0.9014291996876014
0.12138090914486874
-0.09968741510002077
-0.43741949769874405
-0.5221651327500296
-1.0012692664885365
-1.031891964340116
-1.1756202545164995
-1.01823917018212
-0.6560658643391772
-0.48305155498625785
0.0899149916613114
-0.8059091068346842
-0.6894425001370532
1.1368049727690357
1.6747490403867755
0.2725625717330319
0.04804392976649017
0.013751279215943168
-1.2212594946110844
-0.4841779166931204
0.32700796641332036
0.4087973408256787
0.4052589167719583
0.11592995892529356
0.44162178827328963
-0.5041889520902797
-0.8445143041821936
-0.5506606504984654
1.7739683935433674
1.328998165070523
0.49672161843894835
0.6748373633838088
0.4420528409387528
-1.391955016453836
-1.3239930751061206
-0.930931996963349
-1.0556780229903826
-1.106680852173827
-1.2241488557942475
-0.4862258180334396
-0.5252376532729561
-0.7859613703592745
-0.9203607964683957
0.05955386648438913
-0.09652026397471745
0.21759731452037026
-0.2521350494344709
-0.3335162963925542
0.100274243396037
-0.6819876123794578
0.8498452813397794
-0.6479073978430908
-0.8205459304485899
-0.6491616810475852
-0.24715368188760364
0.2726794944938203
-0.5167675643234926
-0.9999793760527103
-0.31206556904006616
-0.3844539102282335
1.2982017543188116
1.0902287914042228
-0.27165862124682244
-1.1823109095231352
-0.9073893534268694
-1.150041898324711
-1.2734400733083395
-1.3803036553002075
-1.355680591080322
-0.03354639217971271
-0.4692975435526138
-0.4015209007188383
0.8466291019473019
0.42115287605966656
0.42750552217940035
-0.17035646018470357
-0.8300866897371427
-0.7673070800428807
-0.9675296502164319
-0.45528700682987494
-0.4012230799837678
-0.4217149073576632
-1.1241937343640198
-0.4026062739210399
-0.29227314830542556
0.44563672312283736
-0.4025716246359802
1.074830521503403
6.338120581163456
6.771056483906587
0.5108450680370391
-0.5814854368437002
-1.114539239747007
-1.144363388121847
-1.137212499887229
-1.1299873656074677
-1.119289067229582
-1.3348159706806901
-0.5650266931891235
-0.009505836254579217
0.7349487271413733
0.4133905599898124
-0.6327677400910413
-0.5215809982330507
-0.849030785719076
-0.8726164038016844
-1.0067161269191245
-0.12773499629849236
0.24901408557692706
0.1749898825785389
-0.10271177118712238
-0.02342355676804876
-0.15208769004514738
-0.10563644238661539
0.19373362641116704
0.025082075423590394
-0.5539890415390972
0.2227777780243196
0.476331997318428
0.08086550688353498
-0.24032302323190635
0.8881594300579341
2.0026843204045717
0.796744684915349
0.09854091224749889
-0.22153033291752297
1.8842941577513497
0.8580412248715776
1.8137412499787493
-0.10140345521947429
-0.5533231759418011
-0.9173943512168113
-0.812330316198985
-0.7582155601836826
-1.297473735897179
-0.16486017690025057
-0.19247885650932456
-0.32027449097846916
-0.533383385239187
0.2979619875077222
0.2803188676240984
-0.053434987231836886
-0.2300132222132539
-0.5212007100961532
-0.5622300894326934
-0.7588556390593788
-0.3371617587305165
2.2566897595183266
1.0266835899482376
-0.1323597460615241
-0.6189737225170866
-0.6723622939268568
-0.17837746240777047
-0.3195375430008534
-0.8563476664215983
0.17255485013893274
0.12705031021539978
-0.6400814396361808
-0.895238826254043
-0.8872606600551317
-1.1382688286214295
-0.7037041464229771
-0.5991077666186125
0.0653226940577588
0.3528425236725045
0.5581120100385049
-0.31078229283830044
-0.9495881515189406
-1.1050913175021706
-0.689360087266608
-0.7764438708676037
-0.7429801388055799
-0.929099861469746
-0.278805915940365
-0.21603905434238446
-0.41883982489391486
0.767137506494648
-0.01815295168185727
-0.6473380558207019
2.339757647910806
-0.11330445285399747
-0.6554269798025618
-0.6760385975618116
-0.558320885133593
-0.20726905387141878
-0.5747234873075554
-1.0195538891369371
-1.2012992712995383
-1.1342982390609115
-0.15158247788753929
0.6735650151302877
1.2001706070867477
0.10491658556085118
-1.2608452857531611
-0.7355478831719388
-0.74034233956796
0.15978356734801158
0.3507108635595626
0.12326617350112123
-0.5820851498724753
0.7841696280585818
1.3485855555617061
1.4477770735944353
-0.6734909692729592
-0.7402604624528601
-0.6625357957383217
-0.5059982181656578
-0.5417872235644031
-0.49204552794626627
-0.7247973889893411
-0.4812105987704244
-0.8179929003066523
-0.1896442210791384
-0.12651691622344252
0.6640858839178632
1.8391486566363366
1.1134172032639762
1.8514478426040124
1.5561052484841946
0.2745030523816033
0.18973025106706926
-1.048110895632089
0.4396656578087086
-0.16633161492560458
0.0019818123161221466
-1.0270725820676172
-1.1657384395491408
-1.2784964159941379
-0.4333824742089951
-0.20724870955025348
-0.27023604950704394
0.7964492585168707
1.1917388352391376
0.6781340684604149
-0.3054363239806982
-0.24605128850559152
-0.7127795113776432
-1.1161026675077463
-1.2478631608193698
-1.1707090210180602
-0.9459240599510365
-0.8052019818407297
-0.9355706552874651
-1.047504797946348
-0.7540549159226603
0.9068185797473841
2.4320963423280153
2.878907734443481
-0.1819148385485313
-0.19323354906629592
-0.847540239730698
0.03960162455852808
-0.6928807052878877
-0.08677373995980543
-0.573250452140672
0.05737097977404369
-1.0011977881464238
-0.918227799194956
-0.5170629930594279
-0.27778567209426935
-0.5289625779755374
-0.6159062612073267
0.21742543310141446
0.5933900703656114
0.9254085741607803
1.0893738264275596
0.012901989674856828
0.4927887882857634
0.8431240672536511
1.320861550495585
0.7122329963155051
-0.248622647648454
-0.8165295795125397
-1.1884378635191981
-0.7293319780253527
0.44663079516771964
0.6431824316089806
0.13700309786579742
-0.05470541843277509
-0.46084877375181404
-0.5369244415428858
-0.38932327440219794
1.574527104518367
0.9225592029136493
0.3474471378945774
0.9564010602452115
-0.24826885826410156
-1.0626452219435887
-1.1978196386624016
-1.3669165060018142
-1.1705594018606449
-1.1011748765099034
-1.0318393865190907
0.16380039014819678
-0.7898210526172811
0.585222400581223
-0.14174468610035676
-0.010925125937018
-0.3911387357522644
0.06979516790226004
2.049983546084775
1.2906648573927633
1.8507504919126931
-0.9328069485516488
0.9305642123008436
0.04257539478967213
-0.43181300308213283
-0.03989335957619909
-0.007988970351642085
0.12078923990268667
1.0864612043062323
-0.2752289045886822
-0.42175686260626954
-0.32511990269338664
0.8764804443836607
1.0978446458775148
