546
1.03958
0.157
1.67261
1.84924
1.92978
0.794105
0.415993
0.684424
0.412173
0.240706
-0.227729
0.0146166
0.125534
0.341679
0.596247
1.43374
1.2744
0.693649
1.05016
1.14067
0.477586
1.06605
0.996767
1.01318
-0.0234788
0.192297
-0.269003
0.844426
0.892445
1.67853
1.44068
0.880111
0.522061
1.76966
1.76628
1.61468
0.958747
1.27044
1.74416
1.73121
2.08623
1.52839
0.510372
-0.138558
-0.288727
-0.386669
0.023935
-0.0435304
-0.250093
0.361822
0.806262
0.162331
-0.506166
-0.439323
-0.218062
0.175136
0.022242
0.629112
0.686995
-0.00105195
-0.437304
-1.33745
-0.506253
0.063618
0.680597
2.14054
2.04913
1.16964
1.31137
1.91071
2.39012
0.710311
-0.253606
0.501289
1.03437
0.355746
-0.128691
0.433724
0.453385
-0.316399
0.294116
0.973941
1.48022
0.516726
0.963823
2.09238
1.32856
0.32011
-0.335635
0.390818
1.3769
1.62629
1.67477
0.457532
-0.574365
0.392729
0.900075
1.01096
0.406278
0.791118
1.4882
1.74151
2.10718
1.89235
0.448664
0.0443428
-0.625039
-0.432044
-0.0472165
0.594611
1.09499
0.842475
-0.0236977
0.717189
0.773476
1.02871
0.204119
-0.18155
-0.853986
-0.768481
-0.950729
-1.25774
0.212491
0.862025
1.45597
0.531633
0.374462
0.252554
0.913434
1.14009
1.06452
0.329317
0.582134
1.00724
1.00012
0.614511
0.121472
-0.410827
-0.416228
-0.101858
0.283981
0.646011
0.202225
1.97225
1.76832
1.25654
0.888525
1.17487
1.11721
1.52592
1.55192
0.3406
-0.354456
-0.42166
0.139435
0.325394
0.327609
0.146638
0.481229
0.0532089
-0.31491
-0.183972
1.10322
2.77855
2.32777
0.944828
0.771762
0.754197
-0.0733117
-0.721175
-1.11045
-1.00652
-1.18836
-1.18437
0.170769
0.710719
1.27362
0.847173
1.2401
1.39017
1.02154
0.381238
-0.4464
-0.655584
-0.407645
0.12674
0.402409
1.04929
1.77549
2.08693
0.45626
0.113203
1.31335
2.18455
1.8106
-0.0709743
-0.0147639
0.298159
-0.286385
-0.897879
-1.12437
-1.65749
-0.866561
0.189487
0.761076
0.202399
0.913278
1.09499
0.805402
-0.204136
0.20664
0.653015
0.422297
-0.601963
-0.649313
0.154811
0.668221
0.571745
-0.0510868
0.366775
0.918866
1.32381
1.22595
0.513533
0.772232
0.896527
0.744955
0.893349
1.86011
2.29768
1.51261
0.823952
0.931328
0.626332
0.682174
0.718424
0.947986
0.565984
0.803929
1.46743
1.35812
1.40357
1.07576
0.599054
0.32542
0.226979
0.29202
0.937966
0.421308
0.149432
0.224152
-0.0299159
-0.556319
-1.36747
-0.857998
1.09112
2.58525
2.3416
1.1511
0.187886
0.291077
-0.677503
-0.603445
-0.686802
-0.378842
0.16734
0.695253
1.71255
1.90248
1.6231
0.609203
1.76271
2.0417
1.5314
0.658118
-0.682939
-1.27914
-0.422865
0.694477
0.868663
1.94532
1.43963
1.03269
0.492429
0.255478
0.576336
1.3797
1.05456
0.557341
0.301413
0.916896
0.898386
-0.764706
-1.16792
0.278885
1.2922
1.2193
-0.283048
-0.385693
-0.820327
-0.441288
-0.117134
0.41445
-0.0440043
0.506698
1.1922
0.786161
0.988155
1.05603
2.15621
1.56031
0.64372
-0.0775919
-0.0490793
-0.372839
0.502759
1.55147
1.83491
1.4932
1.47802
1.58
0.89071
-0.113866
-0.644708
0.33571
1.16125
1.04156
0.573435
0.344013
0.0495216
0.571699
1.85057
1.61617
0.729826
0.0703645
0.852286
0.267821
-0.206973
-0.327625
-0.0465741
-0.432852
0.388171
1.28055
2.07879
1.7295
1.01295
0.449354
-0.388964
-0.384636
0.297305
2.02895
1.55794
1.17474
0.733291
0.943556
1.21891
1.49323
1.61565
1.64631
1.75744
1.64114
1.07481
0.528484
0.233644
0.138918
0.711759
0.746498
0.678001
0.601328
0.393113
0.739227
0.696717
0.570942
0.891613
0.255799
0.994477
1.50133
1.65138
1.78527
1.24043
0.602616
0.166444
0.172462
0.298636
0.377716
0.657853
1.57534
2.3181
1.99747
1.52007
0.731881
1.36224
1.89724
1.73363
0.803939
-0.431649
-1.16714
-1.19114
-0.984349
-0.626653
0.00441016
0.610339
1.1402
0.776563
1.18281
0.735387
0.741264
0.455252
-0.0539483
-0.102228
1.08041
0.496987
0.705677
0.653313
0.325917
-0.950867
-1.40366
-1.2655
0.595273
2.20857
2.1221
2.22199
1.25607
0.0466408
-0.773876
-0.680406
-0.153464
-0.0922561
0.0374031
0.0941992
0.310874
0.751498
0.818178
0.99779
1.09275
0.816948
0.899576
1.50091
1.43135
0.380036
-0.308713
-0.254748
0.328098
0.303012
0.0992585
0.084195
0.634378
2.37505
2.12888
1.03523
0.218252
-0.86981
0.516386
0.215347
0.182915
-1.26838
-1.72468
-1.61226
-1.01819
-0.300079
-0.0345098
-0.222315
0.703344
1.68637
1.98835
1.9009
1.20559
1.11075
0.288604
-0.160255
-1.03815
0.556016
0.687947
-0.127861
-0.0506632
0.894263
1.12311
1.028
0.317358
0.433087
0.57061
1.80018
2.09346
2.5399
2.03089
1.55504
-0.47806
-1.27954
0.459679
0.780304
0.32047
0.569575
0.503409
0.448935
0.535858
1.11495
0.992303
0.586087
1.05303
0.577802
-0.256139
-0.874232
-0.904885
-0.581592
-0.394647
0.832301
0.792846
1.0056
1.03929
0.81747
0.964035
0.840424
-0.480532
-0.817871
-1.15978
-0.466316
-0.58658
-0.108113
-0.00302242
-0.0565257
0.333965
0.341581
0.284979
1.56907
1.66208
1.24092
0.666556
2.08507
2.10757
1.2939
1.13972
1.00893
1.08205
-0.0694898
-0.670511
0.010833
-0.453785
-0.641196
-0.468101
-0.318375
0.679258
1.01015
0.769507
0.971201
1.35515
0.995379
