182
1.18535
1.51888
0.171887
-0.196702
0.078462
1.41314
1.24446
1.02277
0.0795564
0.483791
1.7236
1.51949
1.19556
1.37506
0.701589
-0.419439
-0.289565
0.290565
-0.277802
0.753151
-0.855106
0.0240756
1.72891
2.0535
-0.37533
0.40967
0.561742
0.935992
0.569324
0.176339
1.25618
0.382931
0.740284
0.723026
2.38532
-0.0911725
-0.372507
0.53556
0.402889
-0.20827
-1.07301
0.643357
0.434197
0.934813
0.7677
0.716667
-0.567237
0.687493
1.94042
1.40133
1.27516
-0.484096
0.282754
0.183488
1.13902
1.05595
0.135462
-0.772256
0.0483091
0.778539
1.10845
-0.701952
-0.0814294
1.91142
1.43985
0.103196
0.153236
-1.38316
0.345006
0.689897
-0.193258
-0.958443
0.529605
-0.260109
1.38348
0.621366
1.59347
0.711203
0.657278
0.650433
1.18151
0.543116
-0.187809
0.406679
-0.792107
0.841638
1.00379
-0.747862
-0.505381
1.43394
0.662496
1.79739
-1.38212
0.811787
1.3619
0.228025
0.444317
0.887133
-0.471154
0.242544
-0.281791
0.237168
0.731326
2.18982
-0.234791
0.68773
1.21164
0.824074
0.285907
0.465357
0.306496
0.301702
0.684344
-0.00809386
0.941348
1.36966
-0.91823
1.74343
1.31703
1.40776
1.85042
0.177429
0.428301
0.451818
0.914119
0.343015
1.96624
0.510629
0.613831
2.27284
0.843625
2.17918
-1.54888
-0.861993
1.25736
0.568278
-0.163996
0.268292
0.19256
-1.58139
2.72485
-0.135221
0.165757
0.188837
0.913157
0.619228
1.05745
-0.267239
0.283728
2.59037
-0.131932
0.116237
-1.71155
-0.164204
0.267935
2.11501
0.0608657
0.0452142
0.223435
1.05563
0.304808
2.93317
-0.439504
0.82614
0.524571
1.12941
1.00558
-0.550028
-0.396837
0.551522
0.847072
-0.908494
-0.358315
-0.222985
-0.370488
1.02702
2.37263
0.644578
-0.889082
-0.805891
0.511565
1.38852
