546
-1.3366679058499442
-0.2872874441864896
-0.42492723792520765
-0.712988373628055
-1.502186024664048
-1.2236197518503509
-1.0829748184236982
-0.386894872388828
-0.3724119977047802
-0.26705543853963865
-0.6487529516026743
-0.9984234293794109
-0.2990865884531122
-0.27983905196864683
0.31323899462328186
-0.3660709457661868
-0.4039777919053085
-0.9836944121770189
-1.114830938669502
-0.7328803249929088
-1.0490348892858392
-1.1196415058188147
-1.4832280653425114
-0.7377986406547057
-0.37376222400331593
-0.5108320916509196
0.09017664603662899
0.7246558759554388
-0.015585073474863124
-0.4414738216206411
-1.0017825297773146
-0.4208012405209461
-0.8864825512779595
-0.17260043865567512
0.9571909221038992
0.6521905444849512
0.48379455798262133
-0.7781579791221386
-0.8401599083392758
0.3933457471977905
0.5393202028743852
0.49498293954593164
0.6011033349169004
0.27156215067311557
0.13301696471369262
-0.2858793332684919
-0.40761803121305423
-0.8332327859816688
-0.9357449712734001
1.3676585904915444
2.300960391343892
1.7213345795300974
0.1837126873131759
-0.28568639369245413
0.2670800248058845
0.0031434545900545364
-0.5867692448214907
-1.1232009840976527
-0.9639305932831765
-0.8210779824438534
-1.1673862367791905
-0.7681328550633147
-0.9753639107885347
-0.17804896202500356
-0.17807772533868346
-0.28846023956327177
-0.6434720819621992
-0.1927145633382512
-0.6554228178805771
-0.5731633927849327
-1.3165875166980736
-1.2440758660406268
-1.1058824347639213
-0.9498644150933969
-0.6853528085904439
-0.1401029747316116
-0.505864334932855
-0.4731841927220264
-0.7761534924450865
-0.41590279340432
1.0279788707652555
0.4524437790541002
0.14414753279565892
-1.064866752595113
-1.2796842014342875
-1.1842388040290113
0.19123581434449158
0.787527077306008
0.5146103245403654
-0.6576514807241274
2.31642949315489
2.3439282127901375
2.7740740480410384
0.44776832468907996
0.06311557607817889
-0.396143275359313
1.3801235874901943
2.1676236982209685
2.252400512299661
0.31972698245107
-1.285998246381806
-1.131925098243611
-1.5362153695102978
-1.097639682248909
-1.1331864918323482
-0.944496981117271
-0.7333630159463873
0.6310216650944881
0.8259663857677363
0.667380553213073
-0.2747574265166395
-0.5695616455868001
-0.25868007263352333
0.5073102218030024
0.2080393480021713
-0.10461217737426189
-0.8142117332470376
-0.6923785939724312
-0.5281638037844005
-1.1057947849905558
-1.0163271034284127
-1.3643730721111968
-1.1216855827055243
-1.2426977996354218
0.29579890167412487
0.6084084948928205
-0.050570617354071694
-1.3541687010505525
-1.464071348481619
-0.8246764846473709
-1.100837613154797
-0.937896338548478
-1.2216560119284319
-1.0716391107668315
-1.014780471805621
2.404103010910451
2.423633732022744
2.393967706657214
-0.682902873832399
-0.8026966109794272
-0.11179953096356486
-0.46295944931306665
-0.9065148122972088
-0.41465097302469356
0.059252431313611346
-0.07074776277367574
-0.4182683524604211
-0.1971528003968777
0.23805242493738835
0.5548995767681176
-0.06191271012000759
-1.2766906398661897
-0.8685841498622128
-1.0007258985285277
-1.0661355630119544
-0.9275813053796717
-0.5666866315191951
-0.5509153631717135
-0.6434087301359142
-0.839699330979181
-0.8483629260976874
-0.5926903379034241
-0.8314062676352834
-0.3739681146193912
0.744427611841098
1.005520826150364
0.43959455074531156
-0.23152238467192504
-0.645587396053061
-0.7906619281624171
-0.5702217730923923
-0.8253562260033463
-0.8490212555424937
0.07793169476577859
0.17613417371851556
0.15284723848311274
1.2453965152213755
0.7653897294584399
0.7691876641187616
1.4426301246189726
1.5198603434183813
1.8801064932608764
1.108765359727898
0.09144646768909477
-0.5896235804721727
-0.6130026819729153
-0.8438781915987088
-1.0566283763001663
0.4930287594736396
0.45849131514329666
0.28685220981330906
-0.10311693641724898
0.7057835047199321
0.06928325930822328
0.09850196192665114
-0.20445231158802002
-0.38473646269853684
-0.51288105385335
-0.3401118803275591
0.1317701624515843
-0.40925413977047476
-0.5453228893918738
-1.1238770884970315
1.6239223869691801
1.2147178751552612
1.0343691438970812
0.005213192335791479
-0.3773884624501008
-0.5713840014122205
-1.5275555047294518
-1.6572368804082616
-1.482145379039678
-1.288665339643521
-0.48674476051533044
-0.3159195877105523
-0.6799402317337209
-1.01157593068172
-0.18467954570627299
-0.06969483707566021
0.33830207281362606
-0.4836736389547273
-0.5223489746857517
-0.7409251648439739
-0.4025997308621942
-1.3379014916784604
-1.3239091603183988
0.6091879327471956
1.359519437276101
2.2361175174061
1.0048348880177764
0.1123630536978458
-0.5433658799301878
-0.9258692815995312
-0.36199449346530344
-0.8855251401593267
-0.7300490543449407
-0.9988989667041168
-0.7272689093113581
-0.7422505976002112
-0.7033672765859875
-0.3207959458174049
-0.2018977916844419
-0.35782554014890894
-0.9445403453002579
-1.2996384949782305
-0.9208787402390453
-0.22431396366804018
-0.30875228481378364
0.65763296527471
-0.38281818582366883
-0.43993515444396947
-1.218823837387094
-0.6122545567258458
-0.6693879651842596
-0.47751368507262565
-1.4506431660725256
-1.3613089020957971
-0.5879904680153466
-0.27047076837632816
0.043076805088637295
-0.46613002586373536
0.1287592197812591
-0.4780237848373374
-0.20471884739075039
-1.1472286389324584
-1.0576275980755696
-1.3387886214906055
-1.2288991794811328
0.5590708806146276
2.1467874696730824
2.042770705585876
1.0974042059673497
-0.37184786440185563
-0.29419380404407675
-0.6267325315386676
-0.7436867526240881
-1.037230923269309
-0.6398164969967411
-0.5530667363849027
1.279376646795421
1.0733073974241008
0.8130764275135264
-0.7598542809107222
-0.6189640464995816
-0.7727592471199454
-1.201081946371262
-0.3621498008653579
-1.1674276433096995
-0.7220599778673197
-0.12399011833116202
-0.24649951821277247
-0.34304513177022544
-1.2069964219693068
-1.0070406256485294
-0.7376629021542273
-0.4049303278646289
-0.4428371596398403
0.3229681590990005
-0.05042566353452898
-0.391101728506832
-1.0134564569001316
-1.2220796293283824
-0.8791211404517167
-0.7592918490916433
-0.7962138202641669
-1.4247208332703547
-0.4578040315922471
-0.1688002050530357
0.20541299852977493
-0.9118377413920411
-0.6613970060829895
-0.7282910598725046
-0.887709004425573
-0.965452615369539
-1.3603414917430519
-0.665399093602605
-0.5516609643186966
-0.9630569240708392
-0.8528515812491843
-0.7287447564904594
-0.40551277499987665
-0.23544216672196766
1.9069572137714916
1.2020774160997019
0.5875191367131583
-1.4557027312284356
-1.1026562566163098
-1.1651346442647021
-0.9345334243505139
-0.840526724650075
-0.7508877830941777
-0.6744401971206623
-0.5185791797039065
-0.4374683038687116
-0.076838926878961
-0.7079065609978232
-0.8293151226714698
-0.22621154798605023
-0.4349067705459813
-0.1771405556997128
-0.1372152962727446
0.788484138666659
1.6831546506845019
2.169580697785221
-0.01644137561603695
-0.9399020913971513
-1.4598910101191822
-1.3069871381103904
-1.1432890571517313
-1.1644566131008045
-1.172048525423595
-1.2252487755817412
-1.2058118215955944
-1.3255654358778515
-1.2978941480104564
-1.2962934470483525
1.1693064092694927
0.7621209800072555
0.8823101295129332
-0.3315939333445121
0.37802777783621644
1.0435495553666327
0.6002444215527878
0.6245972639885727
0.16150897045751086
0.507787189124415
-0.020752733332355017
-0.2682623873427294
-0.5329508157309539
-0.44496143655683634
-0.43256672252300576
-0.42869699678028766
-0.8984397870524693
-0.6328159608197924
-0.3829499795183767
-0.12409387136183488
-0.21743190335077658
-0.6422311174532076
-0.4329061187987587
-0.11127597736833728
0.14165740251847136
0.4312236673059052
1.0116860683418392
1.6549357722967428
1.4186220431067456
1.5336331515535984
0.9072940991036489
1.7439335215224148
1.0616484125447274
0.9571188088841099
0.48648214578587007
0.4320815258940461
-0.25607212750360875
0.2776824151454242
0.13952105274263313
-0.121146592192092
0.39544820038731265
0.14454995927758232
0.44716907870281575
0.09513044839598181
0.4416429538831184
0.18438693519347743
0.3462416045421193
0.37644130140013843
0.45098262651456067
0.3532844789920085
0.7025792443686151
0.4876490024449057
-0.07787390531555169
-0.4562111104121377
0.7683349982794997
1.0515243590878167
0.9340314667251322
0.10355420292654145
-0.13521881893070986
0.21263798233805523
-0.19292662688026277
-0.04483178695257003
2.3454075282757394
2.247425328021701
3.6845194001456716
1.234855969838586
0.8005259332642778
0.9005963666749605
0.672960871347092
0.3245765315088273
-0.15871943794853466
-0.3262055527340935
-0.17091012714595483
-0.2737837071386877
-0.6053662596197914
-0.6874107938928854
-0.4084388067659485
0.4078021041053648
0.8446001420494136
0.959346983828759
1.1874735312712412
0.5079207728553307
0.43324953455493687
0.14866250316613774
0.4210851746612286
-0.05481689355504441
0.08418283940896094
-0.1840760704070285
0.5034954077990987
0.4076608991331799
1.0437319028915386
0.5275197835132399
2.429248892241069
2.2117417799972863
1.654181561541777
-0.12570774184154823
0.023691830803576487
0.4101372008126937
0.511770819760377
0.32096504987950564
0.09689683299625673
-0.08702022643884418
0.9921439511903025
0.9338878780680542
0.8019774227832555
-0.6689813281586241
-0.6422856016373188
-0.758600964974337
-0.17823488101429372
-0.05939102267835206
0.7649260051794894
0.38851479739056555
0.018737371494782624
1.207825436901405
0.6143980799470808
0.48401700446773777
-0.8471594373103741
-0.8363865934963115
-0.799091303440164
-0.7575894238827764
-0.28936137864860834
-0.6227527734847476
-0.2336893219835452
0.04181514785962779
1.1416786600391533
1.8720418487694954
2.226260133891666
3.3050605167003844
2.306057179908005
2.5219520453675286
1.1647200736963805
0.5183763996873078
-0.04080059392182993
-0.11406123126521175
-0.19514309006538763
-0.22149829022780868
0.10856785341892575
0.6575831850063859
0.8243803154020214
0.20289959518541006
-0.1309334689613565
-0.7064489180906686
-0.3183353641893343
-0.726746636180388
-0.5510535254618933
-0.03489072075174691
1.3320162407505072
1.0370147678518198
1.0899734218450927
0.5085580449533897
1.289693796295707
1.3153587060107101
0.13430770389344276
0.7830358963659683
0.11180038247119686
0.6672832819985248
-0.13108445125880358
-0.13323354861170006
-0.49725855876753844
-0.046961211971554624
-0.40299569659865553
-0.513559551238809
2.079208025669167
2.833801813232577
3.061408857413737
1.1198613420324726
0.0710246124016282
0.549707670119119
1.0202300980350907
1.1217638127909604
1.4211232123376276
0.7731544855979188
1.5604980869235394
2.7289363498255623
2.5966611396645938
2.48694501977154
3.115498211244566
2.215372827838857
2.516405411665228
1.41152698897686
1.0298854025378688
0.3504428354801732
0.12783756863001436
1.2836441615981165
1.3249905253166574
1.3745324912964625
0.473144736593476
2.921574210666139
3.4244789706295813
2.7984243550852956
