182
1.56943
0.223848
-0.581122
0.33612
-0.881415
-0.341096
1.33128
0.827303
0.0234084
0.475973
0.00571304
0.29019
1.12787
1.50095
-0.353991
-0.0148741
1.34016
0.270855
-0.206459
0.018196
-0.577737
-0.329666
0.133645
0.869061
2.87409
1.91784
0.737822
1.41893
0.396135
0.879738
1.2755
-0.293514
-0.734856
0.282359
2.07452
0.0522322
-0.0925294
-0.254853
0.782945
-0.333033
-0.0629948
-0.392618
-0.649409
0.494494
1.42434
0.0567145
0.741986
-0.880258
-0.658189
2.80783
0.229374
-0.29282
0.61467
0.0413374
-0.449822
1.70205
-0.21034
-0.524362
-0.370033
-0.302845
0.0205829
-0.563965
-0.840927
-0.358388
-0.368382
-0.567202
1.9107
0.449459
-0.505572
-0.511594
-0.532694
0.341989
-0.27305
0.0683791
-0.456986
0.11082
1.47124
0.101376
-0.59489
0.416824
0.174234
1.18568
-0.368985
-0.822127
-0.25181
0.0755059
-0.232368
-0.0498364
-0.343371
1.982
1.69011
0.772193
0.513989
0.299563
-0.130122
0.152669
0.0280143
1.73623
-0.184673
-0.12939
-0.0813465
-0.387943
-0.112391
0.00597461
0.402924
0.831221
0.0153643
2.71912
1.59149
0.583604
-0.0972819
-0.179319
0.161288
-0.311054
1.11556
0.225964
-0.811744
-0.710086
-0.117168
1.38752
0.0619637
1.48075
0.161306
0.0998418
0.00935265
0.568536
0.225926
0.430002
1.60876
0.218353
0.259106
0.0379777
-0.529718
-0.613217
-0.615511
0.104554
0.770023
-0.1554
-0.379355
-0.404395
1.1569
-0.359831
0.402144
-0.52464
-0.508001
0.0140817
-0.56506
0.141508
-0.451156
2.11775
1.24808
1.63306
1.3072
3.39403
2.25268
1.75713
0.745896
0.978815
0.776234
1.54111
0.415745
2.51474
-5.60442e-05
0.173308
0.702231
1.15129
0.832029
0.935462
1.77486
1.52359
1.26296
0.676088
2.52878
1.93143
1.55141
2.32596
1.75839
1.58488
1.93579
1.72727
1.29582
2.65204
