182
-0.486235
-0.518724
-0.229797
-0.891239
-0.448311
-0.422523
2.81906
1.85001
1.13584
0.739351
0.532974
1.00058
1.26239
2.27495
0.624104
-0.683785
-0.134133
-0.538734
-0.420368
0.448081
-0.235935
-0.695828
-0.165236
-0.536841
-0.520485
0.553344
1.96757
-0.34957
-0.508314
0.280111
1.13661
-0.632808
-0.644928
-0.27316
1.49642
0.483442
-0.225613
-0.64695
-0.262219
-0.204247
-0.831185
0.12613
0.222834
-0.472103
0.183725
-0.306562
2.62095
0.754097
2.44197
-0.333278
-0.70195
-0.36039
0.409946
1.17715
1.52431
1.27301
2.05771
1.20756
0.166495
-0.557106
-0.360994
0.338077
-0.53129
0.933674
-0.519482
-0.607782
-0.292633
1.22303
1.83677
-0.144363
0.322679
0.853826
0.272709
1.41435
-0.0926124
-0.598956
1.14344
-0.204425
0.136806
0.309998
-0.505867
0.00884665
-0.147082
0.207412
0.136208
1.36383
0.159129
-0.434901
-0.263596
1.32659
2.91707
1.52835
-0.0832989
1.35645
0.00796268
1.74002
0.431739
1.30784
0.0110027
-0.51756
-0.465695
-0.49881
-0.486795
-0.374594
-0.38916
-0.575048
-0.141757
0.416757
0.442052
1.53815
3.17182
1.22191
0.0626565
-0.54252
1.39022
-0.124893
0.556284
-0.242122
-0.339871
2.2217
-0.421887
0.565351
0.597475
0.176597
-0.687599
-0.0143441
-0.414061
-0.247338
-0.345414
0.65195
2.72168
0.82561
-0.287213
0.116691
-0.0264277
1.11873
0.661585
0.20498
-0.262153
-0.270012
-0.0498747
-0.562404
0.563708
0.302287
-0.461548
-0.186006
0.441033
-0.0730689
-0.0871262
0.924955
0.468649
1.3743
3.05835
1.26408
0.851103
1.26194
0.117368
1.62594
-0.0559935
-0.434196
0.227802
1.40345
0.206133
-0.136625
0.496302
1.12441
-0.367706
1.22411
0.27624
0.788449
0.591666
-0.565618
1.57555
0.00909455
1.22673
3.72942
2.61309
2.17867
2.2599
2.50102
0.946198
1.69465
