182
0.0926061
0.279593
1.19279
1.3306
0.288306
1.4644
-0.867138
0.0492999
0.43993
1.80107
0.519084
0.169066
0.163228
1.30935
-0.260406
1.21191
0.201318
1.12739
0.376615
0.184674
-0.0641158
-0.0467523
-0.130474
-0.742074
0.132338
-0.0022678
-0.634906
-0.808028
0.564664
3.3588
3.60356
2.18969
2.21385
1.53495
2.93765
1.14964
3.02399
0.895706
0.848023
0.216725
0.372351
1.2824
0.974499
0.594231
-0.967721
0.446731
-0.357435
-0.206994
0.159321
0.848428
-0.985012
-0.270757
0.101116
-0.290432
-0.0801852
1.95598
1.93296
-0.688558
0.558648
-0.712954
0.100391
-0.744907
-0.38328
0.546891
0.597424
0.0632129
-0.0248428
-0.458871
-0.0373955
1.27994
-0.0684047
1.30453
0.724446
1.88673
1.14243
-0.743713
2.74698
-0.787498
-0.483243
-0.196849
0.382136
0.498813
-0.11946
0.950869
1.41193
-0.518472
1.00382
0.467563
2.14178
1.05754
0.123097
-0.303963
2.69371
2.04119
0.401843
0.228399
0.261542
1.67776
0.822422
-0.0453184
0.349598
-0.268576
1.49067
0.482837
0.463514
0.367353
1.48284
-0.0871778
-0.386329
-0.249716
1.14378
1.29822
2.08291
-0.096964
0.645102
0.780894
0.31876
0.615407
0.884794
1.92025
-0.205595
0.856517
-0.218514
0.0861297
-0.484171
-0.455581
-0.309554
1.01646
-0.387615
0.386222
0.177586
-0.35114
-0.56987
-0.01056
0.412202
0.481689
-0.500902
-0.765473
-0.542069
-0.15788
1.84735
2.12624
-0.697691
0.437316
-0.605721
-0.0678403
0.63438
-0.664477
-0.386051
-0.734462
0.122184
1.35897
0.154988
-0.546042
-0.0332412
1.07363
1.34626
0.46649
1.33225
1.10112
0.195947
2.06982
1.26303
0.0267027
0.890996
-0.217793
-0.15008
-0.0864189
-0.309548
-0.0668887
1.41487
0.166842
0.209591
0.814856
0.119353
0.0117383
0.656179
2.30522
1.65229
1.24901
0.790763
1.78122
