546
-0.008637689499498835
-0.038375892361590835
-0.03179479579759387
-0.045952724993032545
-0.04575309140248196
-0.07502420065556509
-0.060973379954051055
-0.04494058547094454
-0.03755253183317453
0.012082267178206818
0.004173604130916997
0.022717872506344383
-0.0312767639579728
-0.02484423390521362
-0.03376323569024703
-0.03452232404563349
-0.02622222066453367
-0.060628253744338556
-0.04858714288150895
-0.0686012718836933
-0.0525281781278073
-0.039640255731205165
-0.058193440402310226
-0.031507337071569774
-0.056756495533506424
-0.062400978993039424
-0.055643177941478494
-0.05178935094592696
-0.028913280132747132
-0.042235855686236556
-0.04254209705638845
-0.03941172223208694
-0.06249792101100732
-0.028832420188399266
-0.03576513497897499
-0.013953756541943085
-0.004407272549436347
0.0019818762734084006
-0.0063602115500699385
0.01362826240995385
0.01051648522407067
-0.00876411733400867
-0.03241723051862433
-0.04086446211590128
-0.014558755813657231
-0.05803670014162793
-0.0645828054652019
-0.052357756956165125
-0.06374105658129842
-0.03923770914245078
-0.04175551277577377
-0.03890810907241343
-0.03281650103133921
-0.05660251712717551
-0.06307334229989287
-0.07836868469418412
-0.057600881827014505
-0.05770791885147114
-0.04952409226041826
-0.030590225846412744
-0.053920899212726026
-0.07151252523295076
-0.063318474007174
-0.05714127413990033
-0.06799934806017055
-0.04525651734225461
-0.013981173478932574
0.007590871719413694
-0.009978816790980893
-0.01988010174176208
-0.06145310640991075
-0.04511322300162435
-0.02374425095295085
-0.03937516352887699
-0.05690369776543153
-0.06053437988483196
-0.05992022218113591
-0.06308521203698225
-0.06477709402601833
-0.06488657536267761
-0.058646338530810915
-0.06426878865578117
-0.06581163549003743
-0.07854085578756376
-0.05987999235590524
-0.06855346847041144
-0.056157409437942174
-0.04052022594354965
-0.03271246014318774
-0.040046539394895886
-0.023376126059565017
-0.017204937383253738
-0.024592786570349634
-0.06639001425236774
-0.0759855848837111
-0.062101405091229356
-0.04993360638772032
-0.05954645796962332
-0.06930238003972272
-0.06873263451623812
-0.0627086622979095
-0.06505376024655318
-0.03536769345502733
-0.042234772772482276
-0.04479243684380535
-0.056364806177063576
-0.036528838532358554
-0.03921437335671968
-0.05527573036690331
-0.060926087457122025
-0.0769767083325934
-0.0765500112973368
-0.0649576496118981
-0.04106894458828292
-0.04644933492691572
-0.067624503113976
-0.07621737736859407
-0.06481620134377597
-0.07241540656286205
-0.07492788367124148
-0.06451317424492814
-0.05437274100895201
-0.06789946646592138
-0.04093272695964978
-0.04406480284889602
-0.02850966548773093
-0.0517002741478208
-0.06119400549333237
-0.04761084382881886
-0.044217154486489774
-0.03535376332746426
-0.04751179888583623
-0.07055230690050573
-0.07473930916992905
-0.052143010224386055
-0.05637594662964546
-0.039425201713504
-0.04795484137638212
-0.054540661830982995
-0.06732013799596032
-0.0680220399437817
-0.07282207728025109
-0.07192230304618424
-0.06502176904511997
-0.06413543812793099
-0.07712524141753158
-0.08763055467223474
-0.07085857497116643
-0.05830134981979107
-0.051536982508412654
-0.0583653894239517
-0.0636078453140832
-0.05647030015531507
-0.06629851649177954
-0.06291408066537346
-0.061529117289165436
-0.06804586847368232
-0.054347714884310505
-0.04551602777026498
-0.054287258362255564
-0.07591729367347266
-0.07724914955460299
-0.06475202649899647
-0.03240246976430461
-0.02960024008720219
-0.03930653514377663
-0.046786632071569134
-0.04978608309851068
-0.045406366772389906
-0.06657344138538773
-0.06479336637321165
-0.06806151862144827
-0.07753959913825431
-0.06538845135998633
-0.06847366635613922
-0.0538707307865523
-0.05223413431167345
-0.035184631163514946
-0.05865567102536773
-0.03763415206201698
-0.04837144099508933
-0.04875187131251796
-0.052931940905570296
-0.0452961584652396
-0.0607383363225093
-0.05325684088755889
-0.05214851974564111
-0.05515165298503638
-0.05401522771977735
-0.03995610642314179
-0.04963484781255045
-0.04282638184213955
-0.025730183287648478
-0.01219207766758712
0.009832408043237872
-0.010396873572711518
-0.027691210609036843
-0.04154525514256635
-0.044083853300522
-0.04324454370905789
-0.06208561553129077
-0.059939127337981846
-0.05671718957420174
-0.049229961931108734
-0.04229699597975445
-0.04585413796867743
-0.04676966039065772
-0.04913580143658641
-0.07067731801735799
-0.08061454091730513
-0.08420367764493514
-0.07809802148648914
-0.07276968735467387
-0.05380904759496574
-0.018705031004726924
-0.03375377614847602
-0.06531377061978028
-0.06545571229418601
-0.05568474884882818
-0.05204204919423039
-0.07298586218239006
-0.058279245798013746
-0.08168615469356644
-0.07137818672613633
-0.07538124251616113
-0.08580655195728598
-0.05720591145861126
-0.03675417891480959
-0.014810584314610131
-0.01784854696710997
-0.06207888624050989
-0.059627645650853545
-0.08510541793693616
-0.08004991506249964
-0.08019539906117018
-0.058685130569675004
-0.07948253193868693
-0.08509973495022405
-0.0656859071157101
-0.050022287945813815
-0.049535566628439553
-0.061164570062841706
-0.051287794357558536
-0.08144003031186492
-0.07125115200616655
-0.08574646915734141
-0.07164950614693844
-0.07460765652083529
-0.06956889323315929
-0.06582999012945284
-0.0699526798450284
-0.08109816744776654
-0.06714665463836617
-0.06893192264691256
-0.0633974539525407
-0.08058213679687515
-0.07890592710029115
-0.07946525935778365
-0.049245611807115175
-0.02267119202264345
-0.0173522776375013
-0.023179678138195325
-0.03997811755513675
-0.05983558817907114
-0.05443042705022194
-0.058481970582966
-0.06453957600508914
-0.07587180540793964
-0.066693837641227
-0.04571267129699652
-0.045783424118874594
-0.053486514186071255
-0.0850160482039265
-0.06575639070745531
-0.07202062185640573
-0.054008739911134473
-0.07137514846152138
-0.06800702278398019
-0.03517222666563785
-0.04128815567473054
-0.04459590796830637
-0.06461665081554635
-0.07477662110499439
-0.07204879021526905
-0.08325738539391792
-0.06069244136834384
-0.06756987173677581
-0.07754643506026859
-0.06678938742397345
-0.015255037756238043
-0.013114036799886541
-0.05483912498917298
-0.08994263638394395
-0.08508901789615186
-0.08864312368245414
-0.07262885629219734
-0.09106319106684929
-0.08310357664491641
-0.08454431728331341
-0.07042166026667251
-0.06988337320100091
-0.08149308958719764
-0.06968569667192032
-0.07430148563999422
-0.06963138656234785
-0.07098706525608717
-0.05446054403328321
-0.06382337784756431
-0.037229306921735095
-0.05853755218848494
-0.0645973860131141
-0.07509436122964547
-0.06938279846588957
-0.04869150831179958
-0.053125773880165095
-0.06229043485068919
-0.06825339186311252
-0.030281082303006523
-0.03183985580554527
-0.027432781086761282
-0.01482859099736461
-0.022197963402285803
-0.035476301648852626
-0.05728426692080163
-0.05606945467757435
-0.06952519659883283
-0.06464440325669463
-0.06041194316409787
-0.057527309951772465
-0.07222857092205204
-0.06536744352959828
-0.08293022595187094
-0.07927161965975404
-0.08189913103562918
-0.08174026377776222
-0.07567271925306307
-0.06513211826339221
-0.047209638266613396
-0.06286141642009935
-0.06363369308359101
-0.08866245926366034
-0.0810285081712096
-0.020239111582176394
-0.047206512414119384
-0.06078541701409296
-0.07835149861028406
-0.0956854523998586
-0.0841422969457658
-0.08199738334972351
-0.07053486708314888
-0.07351971623127862
-0.06571302092828973
-0.07369441910790231
-0.07270462831668778
-0.06943879183978097
-0.07144566526429952
-0.028512765020333286
-0.02088389094323112
-0.03473767127827887
-0.07242363875016194
-0.07036827558658443
-0.0438236505334435
-0.039770588097850446
-0.04050760664004743
-0.04987286002323554
-0.045685124252499376
-0.04626320218242225
-0.06617750879290174
-0.0680619053735903
-0.03855494327751774
-0.03992172453450449
-0.039154318013635225
-0.06390780906417465
-0.0542369359183999
-0.04831808195078724
-0.050915949311188424
-0.0512270955782867
-0.06092966177852294
-0.05036839568172086
-0.025370524335638966
-0.043079476225363345
-0.055701990829419346
-0.06778489246818442
-0.035783470264347084
-0.03598075278219881
-0.01875418379952265
-0.016640117584416025
-0.02328587870359644
-0.04197461682285747
-0.06663211168497163
-0.06560460676974816
-0.07997162295113391
-0.08703361517165903
-0.080882925893142
-0.07355087939523425
-0.07914551280246906
-0.08005439943438353
-0.07694359418579488
-0.07813834002343839
-0.047429784428011545
-0.06639040355102832
-0.0694443360032792
-0.06973874126455598
-0.07440411027954358
-0.06614852704783564
-0.05277514282282675
-0.03145275504761286
-0.03508252611236545
-0.04700322974889409
-0.07305630942636898
-0.05882471688661134
-0.04829985486267907
-0.04175715275413122
-0.0449109906152097
-0.05149157465419041
-0.07359650243447274
-0.07971975002565773
-0.05938083855209536
-0.0667733015987742
-0.003590380625648426
0.0037601308438020564
-0.0398603428169545
-0.06354461546680851
-0.06573699574229408
-0.06089329809034588
-0.07950657821621793
-0.08210065674042716
-0.05783787506133681
-0.05041487782771503
-0.07004771844972951
-0.05529617736134018
-0.04282564923632748
-0.04824748601132928
-0.06455378948211654
-0.0553659641117486
-0.062291030076623344
-0.0471292453323669
-0.06239686627863078
-0.05220870676734285
-0.058106251146544496
-0.06169367654443747
-0.05025445200788592
-0.037886110446523236
-0.06525468224151643
-0.04404704056157799
-0.05738214617038656
-0.05182116035462642
-0.03476680930357812
-0.01518560963028609
-0.01773915223575262
-0.036842336834092715
-0.058759519811408645
-0.006241541591963884
0.021980434571791496
0.03718527426134072
-0.03245228081944557
-0.029554721404811024
-0.03797869787766406
-0.05269665457313366
-0.022939790743565003
-0.03010101687655148
-0.0545104633796632
-0.04935574716832436
-0.029374405682551452
-0.0435057751637179
-0.026686125258741478
-0.02971306943044194
-0.02734447237490578
-0.03368972473380599
-0.016466225195105266
-0.03717970490579581
-0.02262513287854917
-0.040419008410792046
-0.05081255018069519
-0.03844619888339801
-0.05142796621474022
-0.04629688490026229
-0.02934599102363067
-0.058867604275562424
-0.03675718902460523
-0.032818917632717104
-0.009704656697988312
-0.028815453399439195
0.0369994457234854
0.011296881251601942
0.007809208714748994
-0.021296224127985597
-0.020551457970247988
-0.042403332689835316
-0.05919424570267917
-0.04828664898227125
-0.0644325805904768
-0.04652418482395948
-0.0630456006897595
-0.032330119307754035
-0.013062074057003437
-0.030825898111777827
0.0023905191677611737
-0.05185133756264532
-0.040148481836841
-0.03898423960104408
-0.012354296832323308
-0.02085048632987424
0.0026219526155144
-0.017397882319851066
0.017976241663540726
0.016158140796791176
0.017635848434260304
-0.021372611844940437
-0.029338441198970444
-0.027138288185411974
-0.029399279246456633
-0.01317608868969572
8.322181415043595e-05
-0.025049002405736875
-0.02308768439573089
-0.012376663973981461
-0.02607004097483928
-0.020403259268169327
-0.01958599061747701
0.006932173354798066
-0.01817681470064525
-0.0028523883077041234
-0.009588951667653056
-0.0017070633883892183
-0.007573850189819598
-0.023574715437292615
-0.024535332157135104
-0.024776600248698266
0.006604435785050711
0.01038233490006274
-0.004171452327586145
0.005336748550176962
-0.005016188706820912
0.012123478712417313
0.014477266013598222
-0.008285513621321239
-0.02488843754968112
-0.025362106965946207
-0.013905929576077558
-0.028595613526064212
-0.03777582680808189
-0.04298084596739493
0.009043723758681899
0.00796539574288585
-0.00024966544245136335
