546
0.138939
-0.174832
-0.561008
-0.511692
-0.148837
-0.272217
-0.133261
0.486394
1.08383
1.18637
0.0950846
0.483829
1.17509
0.857215
0.103235
0.53658
0.800505
1.51678
0.547669
0.64343
2.03351
2.27043
1.13684
-0.76681
-0.250814
0.264232
0.913309
0.737023
1.00335
1.27264
0.356542
0.657035
1.095
1.22325
0.796819
2.21076
2.76451
2.26303
1.07122
0.900379
0.4406
0.542189
-0.41694
-0.304266
-0.306414
-0.528909
-0.835188
-1.2601
-1.33235
0.0275565
0.463915
0.90962
0.215621
-0.405025
-0.439484
0.503075
1.5859
1.07736
0.962175
0.640506
0.582309
0.39316
0.876329
1.54335
1.02804
0.500077
-0.6345
-0.31971
-0.639001
-0.823575
-0.986948
-0.519274
0.572277
1.0323
0.823628
1.39039
0.922995
0.454358
1.09534
1.4718
1.67222
1.73834
2.08575
1.5654
1.47968
0.56779
-0.00164935
-0.983716
-0.85937
-0.35337
0.670634
1.20653
1.683
0.87866
1.50954
1.30814
1.37428
0.21348
0.0198387
0.565264
1.79903
1.1059
0.947747
0.667033
0.917248
-0.594441
0.400151
1.38581
1.41606
0.595612
1.23632
1.85789
1.25596
0.0224386
0.0523817
1.00791
0.724421
1.10472
-0.0446626
-0.307816
-0.0532928
0.49251
0.806187
0.894687
0.883007
0.769218
0.523814
-0.256902
-1.05814
-0.431807
1.06573
0.830013
-0.327672
-0.812875
-1.27196
-0.579279
-0.0215999
0.0203521
-0.778941
0.27298
0.89345
2.08862
1.95888
1.8182
1.14803
-0.197494
-0.341705
-0.62094
0.0493347
0.981318
1.68989
0.972034
1.08783
0.585917
1.17022
0.129289
1.56226
1.55447
1.45631
1.18762
1.61462
1.99559
1.973
1.52416
1.79513
1.32394
1.9635
0.953387
1.47329
0.780014
0.189249
-0.184588
0.502023
0.264888
0.217892
-0.228568
0.449088
0.650724
1.44268
1.31448
1.10554
1.1588
1.01362
1.17516
1.24897
1.36886
0.421078
0.553287
0.322508
-0.122736
-0.622365
-1.4062
-1.15867
-0.891398
0.556108
1.18479
1.41649
0.426913
0.628914
0.540553
0.705321
0.372959
-0.266367
1.07602
1.1213
0.895931
0.409597
0.766926
1.39724
1.01067
1.12795
1.13318
0.562474
1.37417
1.46374
1.32952
1.3777
1.67483
1.26294
0.981894
1.76669
1.43946
0.674838
-0.836119
-1.04086
-0.835967
0.00227695
1.1361
1.33609
1.17986
1.10719
1.2075
0.668626
0.536312
0.128718
0.164983
-0.354371
-0.0828736
0.278616
0.319682
0.291982
0.307318
0.91937
1.19253
0.454891
-0.403295
-1.21039
-0.413918
0.39507
1.37502
1.14016
1.11667
2.75769
2.1819
0.873732
0.273991
-0.567981
-1.46617
-1.45996
-1.09361
-0.789495
-0.891832
-1.2436
-1.01506
-0.198135
0.977695
0.875618
1.53989
1.18383
1.53485
1.4879
1.77026
0.876873
0.71889
0.291973
0.129761
-0.099303
0.385223
1.55879
1.79293
1.60444
0.690354
1.17748
1.18756
1.82567
1.22753
0.735124
-0.724938
-0.491304
1.18047
1.84562
1.89662
-0.291781
-0.648159
-0.33272
1.50467
1.0416
1.55976
1.09484
1.33017
1.4534
1.71419
1.20171
0.807165
-0.212188
-0.373751
-0.0900687
0.941776
1.17699
0.302523
0.047354
0.43469
0.182495
2.25195
2.13366
1.67854
0.201048
-0.696494
0.045281
0.423523
1.20627
-0.152218
0.121876
-1.25934
-1.12168
-0.0976075
-0.448231
-0.356134
-1.08208
-0.57649
0.721506
1.46698
1.21098
0.246869
0.0546519
-0.330424
-0.362052
0.808645
0.854334
1.32106
0.547447
0.24068
0.954495
1.8488
1.96508
1.17828
0.907634
0.0856212
-0.601864
-1.41468
-0.241762
0.651382
1.02823
1.54784
1.36713
1.46995
0.991319
1.03735
0.916217
0.585877
1.1902
0.866163
0.921294
0.515068
0.328428
0.0538698
0.901133
1.28002
0.214461
0.241263
0.33634
0.678473
1.20345
1.88325
0.930699
-0.0962399
-0.258253
-0.0800013
1.0623
1.30297
1.39228
0.59408
2.64405
2.25343
1.52366
1.867
1.65815
0.173585
-0.624122
-0.813245
-1.09148
-0.795789
0.435169
0.919771
1.34198
1.70982
1.20414
0.634339
0.181322
-0.343968
-0.264974
0.548008
0.652734
1.45696
1.20772
1.13403
1.02178
0.662334
-0.0914081
-0.969931
-1.33494
-1.44982
0.143285
0.659033
1.21165
1.07638
1.07455
1.68844
1.43534
1.86524
1.97398
1.91162
0.422444
0.818602
0.559498
0.611934
0.303719
0.719113
0.425411
0.0370909
0.255131
0.481641
0.920891
1.58177
1.36711
1.16947
0.721962
0.108291
-0.3179
0.837634
1.65222
2.28411
1.55479
0.755013
0.49258
0.436669
0.407848
0.437495
-0.144393
-0.125015
0.105607
0.158931
1.95096
1.70398
1.86208
1.27618
0.591263
-0.803658
-0.925293
-0.412371
-0.263165
-1.14558
-1.42374
-0.82777
0.699936
0.868153
0.624173
0.22002
-0.840488
-0.659285
0.742668
0.870026
1.1778
0.302649
0.33552
0.182201
0.350207
0.243436
-0.336608
0.0952361
0.824667
1.502
1.2678
1.78565
1.33694
1.08817
0.578268
1.08463
1.60766
0.545741
0.568942
0.270068
0.673499
0.701245
0.509719
1.48077
0.712735
0.582986
-0.00467657
0.338509
0.420211
1.16496
1.07661
0.944407
0.0253245
0.834572
0.739172
0.61159
-0.240907
-0.913765
0.392967
0.568262
0.416527
-0.0858922
0.0473069
0.755108
1.29769
1.15517
0.12536
1.93447
2.1794
1.38057
0.600191
1.23599
0.998617
-0.27146
-1.46771
-1.43511
-0.896161
-0.493152
0.605691
0.896398
1.18597
-0.0307314
0.491317
1.1297
1.70075
0.950134
0.184359
-0.173569
0.386923
0.359229
0.00161689
1.11654
1.16582
1.36412
