546
0.11934609200495921
0.005542586405991859
0.10956130969519405
0.1540954428046984
0.018357808858338986
-0.5747238799512986
-0.8521738049766078
-0.6824204540914958
-0.20322803321383046
-0.3492938377653189
-0.4773566303965002
-0.5412322402138297
-0.4435475069111702
-1.1174535368159315
-0.4641428080351618
0.06887230477744023
-0.06649577433005287
-1.027824315907971
-0.7439862842077454
-1.0006800408537753
-0.5419184190281315
0.07501046534799412
-0.2115196555632926
-0.6997155832174574
-0.934347686454807
-0.9803934074292285
-1.0575856977106868
-1.081779171745726
-0.6233319534636698
-0.22936709468819652
0.02397540843329769
0.6342926526718741
1.1589828910910283
0.5808617858043681
-0.09447843120382188
0.5942152708207544
0.7696486763545591
0.7206687647062479
-0.19473684717650902
0.6392587705486154
0.7057813063149407
0.512304511326475
-0.048112612815525965
0.49321424245081974
1.0264895174319393
0.5082100378575839
-0.5395088520109167
-0.6434158165947748
-0.21837591219544933
-0.04312129875946309
-0.2562656627031011
-0.28639724278608997
-0.6206069092796183
-0.766478049246955
-0.7875574244656371
-0.7246719668030999
-0.5211446131521883
-0.5179678426165907
-0.5464950941681851
-0.21136977105103877
-0.21138399325741805
2.126820938096708
1.5379906006479558
3.71463158342243
3.4174705999694353
2.3612192682899766
0.9636767389520166
-0.6508617945848627
-1.115914634786246
-0.8505975763792553
-0.8627081690573298
-1.0594336445197166
-0.6826400347019246
-0.5320329001296598
-0.46934079994072386
-0.7477892682790039
-0.5297122099001856
-0.519078346673413
-0.9195357434619116
-0.7350635730533874
-0.8786314106881448
-0.4224803681020973
-0.14372957421378943
0.10675764767617685
-0.4916879751091015
0.010896855119904863
-0.13353215696628218
2.3419438355072293
2.5889619461456794
2.7697224159245537
0.32550495158690146
-0.7277626854235453
-0.9381854226234412
-0.7943676460674861
-0.8264991646662467
-1.1041685581645575
-1.2251486262652547
-0.9390451932192847
-0.8617502274224205
0.4604017447301252
1.2802529169214083
0.42282798252728554
-0.033514740859613826
-0.566129251795234
-0.5865799087340912
-1.1589510023497938
-1.20474977848647
-1.1118489606004993
-1.2586864814323018
-1.158147423423875
-1.2061049079546153
-0.45402217995883903
-0.11306498275954945
0.49152559917868005
0.09057698318636771
-0.8825267338333447
-0.7509886439695711
-0.6454507152101866
-0.46077647385774007
-0.7035228628235349
-1.0980326591062488
-1.0687795417041641
-0.5885496263936977
-0.8890595023682927
0.4580042496995006
-0.13462557778565476
0.09015766071650938
-0.717865025223794
0.20147058067791937
0.31741135309193985
0.5991211336905629
-0.3695038583203005
-0.2959228527304746
-0.04383655091453378
-0.11772976320752779
-0.5382839539412507
-0.7165523950209358
0.7646907282657417
1.4100085172634833
0.7403397233291469
-0.916177251539901
-0.9472878627968916
-1.0375537251229845
-0.7319834636298725
-0.9267692106905319
-0.9103732162393086
-1.3134570058160282
0.9361319612919339
0.2572621862090378
1.8447734575038173
0.3278520146032276
0.0502568363936634
-0.5014539226961134
-0.7492999199730205
-1.042674896819841
-1.1639766842342345
-0.5250230873624687
-0.41466498421097586
-0.06662124039724485
-0.2980987613269173
-0.20830184079881364
-0.586283343125493
-0.42445977602002033
0.1033750583853624
0.09332797759123551
0.20515294569031162
-0.5116699734444922
-0.9340998500230488
-0.8025065351626538
-0.7155241563287017
-0.707939155711508
-0.6439578447893365
-0.148683721071404
-0.09143713264084376
-0.5837475912014151
-0.24237046114319793
0.029077760341716927
0.16906991163297347
0.06074234433469373
-0.3674632742707484
0.07358249393291505
0.7981564068298455
2.9275596429981645
3.2026134632630754
3.378116976715587
1.8543507458716006
1.8825512761327912
1.4398746442931298
1.0551040602855137
0.8369980745672695
0.9179679605368334
1.5462358796418147
2.126443659414917
2.2119424770611884
2.2844102835324307
2.4551509601006303
2.4618946972430527
2.3555223254713646
2.8416518944403553
1.8581322572555512
1.50222726291544
0.8876030072040091
1.1239664048523625
1.5800797275682728
1.9937252807950465
2.0961569503342536
1.5519208708811465
1.808070018902383
1.35532106943701
0.8250449340085613
0.4666493748162793
2.3458659749661264
0.8867721952589506
2.0672945034991517
0.5224187953252089
0.6130848759478345
0.1912458726490553
-0.5155333856287364
-0.7618828990481414
-0.9749248197434432
-0.7685076201476543
-0.5067617133583442
-0.4848394184104158
-0.9082663277705487
-0.7282668546723511
-0.8288016697712948
-0.3792022786931682
0.7317748851965354
1.6495801174452998
0.6740918939660541
0.20790370610567793
-0.6887742872828018
0.07623979792224
-0.37331448926001093
-0.21756689515743027
-0.09222394647275713
-0.6526330001058108
-0.867830934519555
-0.8048912480434457
-0.7895708774559993
-0.9872218252032801
-1.2429235541752235
0.032782368879281404
-0.2849635840140283
-0.2682964449460591
-1.113769817318604
-1.4156459261308103
-0.9837589384697418
-0.78858495746227
-0.9010428319414114
-1.0242404895931894
-1.3257449533076022
-1.2948900798669458
-0.7960989901221877
-0.24331694227954923
-0.6039296903888034
-0.7256485573327991
-1.1386740402713593
-0.02742188260860382
0.5436365743216923
0.45091860336866685
-0.5008180411861539
-0.5794182292300983
-0.697520797414994
-0.9247792878638977
-0.22156040594810064
-0.5869821156480772
-0.5213560985441754
-0.8181247390306197
-0.7075122021991903
0.1496333831096187
1.7132232322008976
0.9257324804163058
0.950548987465161
-0.4680403991845257
0.15647914418858413
-0.3197276837742321
-0.7678402087013747
-1.1063713093076293
-0.6183815241840449
-0.13708595032068255
-0.9149603981845801
-1.0061197363630006
-1.2428696390629512
-1.3659481844155608
-1.2671330276401604
-1.417112053012717
-1.37145443375383
-0.7594096862870409
1.3292634161818084
1.1587114953649982
1.346665510753517
-0.7630537508129317
-1.153001922543598
-1.2951964751824123
-1.3431203182848215
-0.9510649954129899
0.40512925154267415
0.04948971512697615
0.33145142402899613
-0.7882519691366702
-0.701490649581379
-0.9569827366284613
-1.2142656026700913
-0.2589702478435722
-0.2376713291612833
-0.41859782338795154
-1.0495398787690702
-0.8382324416822097
-0.7206041351390712
-0.5424588417689687
-0.9630337352157107
-1.0053397949788034
-0.8805468486550768
-0.8072182884658053
-0.5718518602459981
-0.9855135475101356
-0.9756520837044402
-0.6715743976572471
-0.6060487272350378
-0.7109513719782242
-0.6965805959378424
-0.8789413421724024
-1.1146878765056267
-1.0773989109292341
-0.9150774557359593
-0.7020157422098094
-0.7251445055636284
-0.7026168362317846
-0.9016612953275213
-1.0246290851018731
-0.8035943825219413
-0.6983344582641243
-0.3139373484400069
-0.07598067844459594
-0.013551842155978887
0.03135057407289895
1.7742223012835379
1.4493871848977138
0.8190753128785788
-1.207283555659802
-1.1089246035134674
-0.5903144304972199
-0.6206008242974181
0.10927788589281859
-0.7196453299673571
-1.0665071558873058
-0.35463051546256125
-0.7416029889424502
-0.3169776839685946
-0.8088691713698513
-1.2496927448130686
-0.970598301908907
-0.3137691246901938
-0.029120396982359693
-0.3680260915920011
0.37182646006590986
-0.027333547390172405
0.2945007434682135
-1.167851123562662
-0.9367712817269029
-0.7078784265999438
-0.2861993217845133
-0.022799945905176037
0.7346313663547361
0.3175861851634885
0.38438776709084954
-0.4373638340401396
-0.8022862554244273
-0.6334500829605408
-0.7142635739636078
-0.5757061637887412
-0.17835000924043348
2.2546516525757205
1.4928134888378681
1.7786053637565433
0.5296084024726381
-0.4386190163338072
-0.8507838407418458
-0.615873086402096
-0.27716582005834633
-0.18655891388600981
-0.668226574775612
-0.6614136160236369
-0.9291892642163586
-0.3610565742419703
-0.4593607475412701
-0.5713148102773481
-0.69315661428781
-0.838765742133337
-0.7826120033166404
-0.6206000873925714
0.12155159432791271
-0.636941617880089
0.4007620349529022
-0.338210320018036
-0.44364007089333957
0.46179131348825947
1.6174447175145399
0.8506884556836269
0.23770129984654348
-0.4426698920887104
-0.18580990706246023
-0.5789309595850933
-0.47276218418046695
-0.6415764373022151
-0.2188681900905557
1.2923221373905744
1.0746296411553973
1.282692545482098
0.01908815664240967
-0.36862372829208373
-0.418783730489191
-0.5899711341140401
-0.7436865322548896
-0.7723228768440159
-0.570832006726482
-0.6172417734690444
0.25843555021266634
2.449619214961944
2.1823060790593316
1.475606547505758
-0.1527337269330889
-0.48133692866418437
-0.1251746029885855
-0.5289368124165291
-0.482799828902653
-0.12908313256604692
0.511886546413682
0.6623044800168745
0.30854505043891534
0.31867552167356145
0.29636258941740584
0.11860197768475098
0.1898809873681866
0.5980130871190125
-0.056950217066508345
-0.3072683401725239
-0.22612272082918922
1.5011205602396025
1.7604603331973798
1.2913910411447018
0.6930075109309959
0.7728063595465957
1.3844937546866798
0.3609654728368993
-0.031992393154150506
-0.18231186111560344
0.05133689087148177
-0.09485644444195451
-0.27522851411121985
-0.36288135731707105
0.17900765148114994
0.50393945190627
0.6786618622167448
0.024522857412857542
-0.2432894205799084
-0.1883422008460763
-0.0386724419588496
0.6558825940703548
0.3169116585127838
0.7816518534246861
0.5071047896107594
0.5469056885266589
-0.6106791099759751
-0.2586300099860666
-0.2981352208307271
0.14975327734848662
-0.4394837169562965
-0.34370455733465266
-0.1658190311405101
-0.8138114709183034
-0.867738709221863
-0.6276704272703473
-0.8306662394730034
-1.3970405653718247
-1.356222995204127
-1.2051870337187756
-1.0861385897096436
-0.9036936952988149
-0.11102065254986068
-0.4770313062049715
-0.20780901904299418
0.14344835210005452
-0.4322359867494352
0.6741437777823552
0.22680809940326324
0.11604459229412026
-0.6646942710990563
-0.996729537158254
-1.1303203190241977
-1.288394551604104
-0.8840915949006033
-0.36836821557281657
1.3792046854143052
0.5396482242553743
2.1481078075615834
1.9181574548001856
1.229353603559363
2.3340085393084857
0.25325329671685415
-0.1256414488128066
-0.39524472750265954
-0.1964175892298324
-0.17266262344199643
0.6588917134966961
0.41376904598051595
0.9420016409782743
0.45164222815246463
0.4742406260525898
0.3307026263833488
0.06031325726020783
-0.3707763635655106
-0.1798601544596367
0.1617118234787708
0.580999545159226
0.37691688040521065
0.21983824533968627
0.4273666925146493
1.1842169698331535
3.6500759573446286
3.3100063282814842
2.6778984594131483
1.3991478278216727
0.6213586554846428
1.3906669449371243
-0.34074525704841696
-0.1715046721048972
0.07662791996015902
1.6915506786818637
1.7389921548225036
1.827653117484577
0.9983184142420226
1.6872062489390978
2.6283133337777387
2.269152401661763
2.3776779396948755
1.4460588538618229
0.6134932383605846
0.3640685558732164
1.2015444062549527
1.6538166393709046
1.3061495377948955
1.0949691723370445
1.1985685484322175
1.6534586928108257
