182
-0.39843675451467353
3.6466668895580296
-0.12909483753108103
-0.31775753543994123
-0.39982120736213067
0.21269480342601843
0.4408167825754628
-0.35860876250417856
-0.08711361996861186
-0.2835250490000136
-0.36864969642651385
-0.2581070542468172
0.014380674960988809
-0.09322568274778446
0.051831372178008366
0.16761699162427682
0.2823461779923056
0.21231357999683736
-0.38985439940098343
-0.5100578362077344
-0.04227681193187892
-0.4804023490925679
-0.27458559610738253
-0.19472022559814645
-0.3487742998533183
-0.2041730633795273
-0.010989827522723324
-0.2399245097446325
-0.4119727417350415
-0.5664104266538419
0.34017364442432496
-0.28029712101584
-0.20264522832956772
-0.3416698090188885
-0.07344967197837707
0.07275319226603563
-0.008493749931154584
-0.15408711699820068
-0.1562194286758731
-0.24157368828862566
-0.49582442287920314
-0.5420031645524847
-0.4668531689987519
-0.16880247317253125
-0.2906453996933714
-0.07261732831351678
-0.4245094852538582
-0.107351190286751
-0.3650445781454401
-0.10524514251756581
-0.015497156708710744
-0.06572900047112856
0.234029767460327
0.2683723753204259
0.46832790162882354
0.15872655969794439
0.13452298921870012
0.13956524105787005
-0.13150239709971917
0.11906833251665301
-0.24105505545508552
0.10994747136817148
3.3371650363266885
0.004367941687897625
0.2775624115451376
0.05554404023875398
-0.061530630206026254
-0.1066579509617333
0.49427459085528097
-0.20953315748102622
1.3577364043114093
0.912406093268446
-0.019642299354844715
0.7985134694366044
-0.2796087671918654
-0.40654577357590804
0.6284414118673186
-0.3899092226054212
-0.502031914837537
-0.27201007750193706
-0.33303771778785773
0.42400704467961836
-0.49753153129027083
-0.38235619416613686
0.02531030470196654
-0.4750545572611817
-0.41433385134069667
-0.36413349371757997
1.036293857563995
-0.4042429456807313
-0.29093879975862696
-0.5506249266891281
-0.3894903456751961
-0.015249410642358675
-0.5033302319220132
-0.007037407819708365
-0.5661573604670294
1.293006357983678
-0.19109401748687457
-0.5657909506599504
-0.47153030902868925
-0.5139937234840442
-0.3047995009114162
-0.4242325361256077
-0.1304101525217323
-0.4543831444929275
-0.5374689720626363
-0.43304551708912775
-0.1903213121053141
-0.005226943663713372
0.03479893907557028
-0.14548267450985436
-0.45054605891674787
-0.5242894894433116
-0.0031246207843893337
-0.11817106063550156
-0.33984143395752575
-0.20497087336098901
-0.2098804530713348
10.347775410391083
-0.36526763815817476
2.5505411625319407
-0.16311560505387754
-0.49828033155870066
0.3595568673591035
0.5354870111731661
-0.35379232356685636
-0.4646097162634277
-0.36433384802631325
-0.311964702060337
-0.20894716247464062
-0.3878998577261374
-0.5286161977820755
-0.14979784490242648
-0.3297435612029436
-0.2950261900257339
-0.40709102448419704
0.2390051721077149
-0.29125639143513726
-0.49161484533838407
3.4557249678382482
-0.3849781061517411
-0.3594113647084851
-0.2836952661327674
-0.1939541708955152
-0.43791377983963314
0.23793259733238273
0.19240760416403518
-0.46061239618429833
-0.28999411187475754
-0.056955776209719935
-0.27208656011772603
0.08059210402882921
-0.32427490703302136
0.38009633748998634
-0.18134369722707627
-0.4905447070057554
0.35041611812856055
-0.4515691874172914
-0.49443282397817434
-0.37771514834178316
0.7557187993669131
-0.3396925321061571
-0.3899339132624723
-0.27233906579760014
-0.5005569619576535
-0.3915648996058921
-0.30197772604882095
-0.5282894435204091
-0.5054636998036521
-0.4584239486947164
1.1870278603414441
1.082085389518032
-0.4509333751972537
1.011600320619514
-0.44451043658672745
-0.2853347973883429
-0.3377356456550324
-0.3052004876069525
-0.5603732347542344
-0.41818355273387925
1.6209929676929946
