546
-0.40031560414605405
-0.5693413951178485
-0.5876523168552974
-1.417558873912122
-1.4371121490157417
-1.2190563761806907
-0.7036665579304381
-0.5016986376423221
-0.16145579112834352
0.2666181231735885
0.45778295520376744
-0.39335442930584796
-0.27210058123409986
-0.0920768228149736
0.8318479666093628
0.2081130721326354
-0.18628121255140512
-1.1865541144961045
-0.6827407752703696
-0.40902796828493276
-0.3301603358585021
0.3814253607388457
0.3452810090790099
0.2859050606734464
0.05622563893005321
-0.16764875953063932
-0.20672700541395483
-0.8642312897276031
-0.015301224715443932
0.6913662832259376
1.2592880196013578
1.3781280312513968
2.028137785872262
3.712216885706357
3.505991027349676
4.068512221712255
2.6159637819875536
1.6529215362396594
0.5788510486353701
0.6443987709924329
-0.025549557879221117
0.3387616952573872
0.05658807806949374
0.46962270008914886
0.2939269948562618
1.097508843416861
0.9950254571884749
-0.2510611670994859
-1.0592128737831543
-0.7902751112247244
-1.3154664010984916
-1.088720421899594
-0.8731014338651758
-0.8987448541347848
-1.1656678784687045
0.14429693701833923
0.17810233421802474
0.3105363625921385
0.543702237371062
2.0035955431663286
2.1837368778830224
0.7626112308001292
0.16317989004157943
-0.5229540021389718
-1.0638997027270187
-0.7430478465271171
-0.107801820722673
-0.20945630114532413
-0.6368352328626512
-0.8802953178957462
0.5733344452059707
0.19635716607735978
1.7602859390573993
0.2341341727273921
0.9554659163348284
-0.42788362151483406
-1.0645904647469602
-0.8218708266980725
-0.8912956198592592
-1.071708509563919
-1.004468003659888
0.33642842551564694
0.1793728739163553
0.30239934255559725
-0.6192509260081349
-0.8346478974035261
-1.0781578329221324
-0.601696698405745
-0.9299460548991525
-1.3378738132513481
-0.12047292649766601
-0.4659645222367135
1.13648349995199
1.5289365917243536
1.3295521448774346
0.7751600808432071
0.09409021603270278
-0.4143528600200822
-0.6242032270032681
-1.0351291289779825
-1.1338301680434362
-1.0370538676921746
-0.7529366255669986
0.6774083182114159
0.9361620654271808
1.184250683960531
1.8157114544813873
1.7641565922846387
0.5416549734742381
-0.32131212998904707
0.0990547407714311
-0.15410929490393344
0.5429705249517507
-0.6065187078404334
0.6106936751217816
-0.22577130151466393
-0.39910949287707526
-1.4419438910634772
-1.039122103523823
-0.6134510353617906
0.5979942498913288
0.1975655013355756
2.302728680201138
2.0372853697983735
1.2659908390811945
0.022311064035191265
-0.38236830978287695
-0.2872927840542855
-0.31501781165004655
-0.6071957122625582
-0.9580533760827423
-1.0722476897555877
-1.158939791474194
-0.15760578709060266
0.02937268437234377
-0.2324481487326568
-0.3880914731265503
0.6860471243854024
0.7462266863882633
0.4173650466051376
-0.4502384846340129
-0.07720604483640496
1.8166386937946681
1.531220179223797
1.3204729683125902
0.38500230858319484
-0.5213138039360372
-0.34362873496353086
-0.4482534569962712
0.12593759034660462
-0.24098208236013954
-0.6347688700582507
-0.7753837114194109
-1.0801478762560066
-1.3095021654635575
-1.4470672395636404
-0.8438741254640999
-0.3204291914937566
0.30683395360639376
-0.5009676543554211
-0.6451109332186783
-0.30223796209993037
-0.5020866792235926
-0.2813783851046766
-0.5476374667036883
0.33210488555680184
0.05172902868899284
-0.41639843078479905
-0.2528795779539067
0.6479125225057487
0.8582717932731813
0.452513912516795
-0.011926351073549135
0.06055132571801335
-0.10919013356907088
1.328013320272872
1.2222499898033141
1.2283491501711314
0.42797112470356885
0.03186027999592404
-0.236700361972481
-0.10397691457243909
0.13135687441243943
-0.5851787930441156
-1.0309725619898413
-0.8685546207465218
0.7232544933053302
0.3574116562255099
0.8818806787558815
0.2901875350394466
1.0975338699739483
0.8106191788851737
0.9167572710596754
0.21175508989079808
0.6354341844757784
0.40880557251387895
0.19860237562809777
-0.38442312995434247
0.2074833185469471
1.0927860017636997
0.8684450156284147
0.3855186676969489
-1.0013984281107569
-0.9743659713550228
-1.5664739703917336
-1.6684163215995804
0.24895902034325643
0.4088480070994959
0.08188642416958392
-0.7933019535341227
-1.1028396120127606
-1.2484687669307797
-1.1830294725073889
-0.887094201143936
-0.14456451628176673
-0.4434766491970244
0.8568632583220841
1.477707638844922
1.0215832510112237
-0.005875504529513002
-0.4804523360483219
-0.6505790478956938
-1.1054019371778436
-1.0630433560311887
-1.3152469774303517
-1.164389369192416
1.3475805499181681
4.298110202006519
3.6794299477848287
1.6821825165284456
-0.15573125045421476
-1.1735656260487888
-1.6063477718135104
-1.7097085068973845
-1.4219230456488847
-1.21668214079162
-1.0046409445207094
-1.0977482645477248
-0.16072886788968
-0.04909492584770596
0.39026504519442945
0.5180792755875407
0.5133871050621799
1.0310421400374454
-0.05645717860999567
-0.11626596789007404
1.0025972269390033
1.3004249145514575
1.2566578511794992
0.4221070547382891
-0.16001401703805215
-0.28130734034938454
-0.10082907413810992
-0.6897917185165889
-0.9219067333821843
-0.9956002310732447
-0.9938099535863156
0.8882245041718165
1.708010047041849
2.1276617886380764
0.3975203164591709
-0.28944709608890806
-0.8440490679090101
-0.9555073671556993
-1.2186867100177614
-1.4465106778512502
-1.215175694343193
-0.40980869293231104
0.06245467244269591
1.1168566496396422
1.6366514448335288
0.8309715906504624
0.35429177951900054
-0.619522773966381
-0.5464956954668959
-0.5868412210481
-1.245350561211166
-1.248072484311611
-0.21031698748596878
-0.624736442506891
0.6981017982865043
0.43342152823542696
0.2636921843621389
-0.5644737789975117
-0.8629870554623666
-0.7311764521458511
-0.031244531488893713
-0.7963150865913279
-0.3613610108366038
-0.1467325054932163
0.43329095565461323
-0.02088952783003762
0.17360320407950414
1.1963740478124698
1.3278680160461904
0.37075430204639803
-0.6154035592537631
-1.4217755275456987
-1.4394126185471967
-0.8942895469489713
-0.7626051108546699
-0.9924933289648048
-0.6933372447868282
-0.1898375265334635
0.3537687805566191
-0.7148582771541644
0.3778744166634108
0.6906024075584677
1.2519167134605846
0.5366678332333262
2.4610968954482373
2.111715727894484
1.8965822235336967
0.2255033957895894
-0.4826842513054685
-0.29488894408132876
-0.5730043439979812
-0.6389775764184524
-0.9863415308018197
-1.3714681188407338
-1.0950276672170818
-1.3639752247876007
-1.1750010239664397
-0.6854171305158459
-0.7781216887608049
-0.6006283290710088
-0.43890003618263296
-0.34082323642614926
0.48634033124556897
0.7950344377337148
-0.21998127768885617
-0.4044062819778696
-0.3211128225126315
-0.035862687597205734
0.2797818127964558
0.4500767394648979
0.6487701425007488
0.6209086235337336
0.8109246936996083
0.021519808950677243
1.2661266594183294
0.9256466121863728
1.6690137614046903
1.7263343228222823
0.21721377276553372
-1.4151637593675641
-1.5009647358984466
-1.3232316467476748
-1.5659452753437608
-1.1778172254329886
-0.8621354105386028
-0.4119102917471492
-0.99867163108787
-1.0049352203760247
-0.8736375179495307
-0.6689441029549963
0.5101226906345272
0.516400529218608
0.5915160895142658
0.8876482250912849
0.28412582204990705
0.44294994521029507
-0.12249506856197576
-0.1612625054971815
0.48162550706488083
0.23466471680817444
0.1990794224676559
-0.5385717466819631
-0.8461043477634083
-0.540218934403894
-0.9652083823505935
-0.961784048926306
1.8598697685207422
2.4151808643062087
1.4535968250901317
-0.1705744503030674
-0.9732657647797244
-1.2619207659580236
-1.2779342113278263
-1.1816564622754855
-1.053567058568635
-0.6289810586357047
-0.6495684286541443
0.3795101131254871
1.3342229910865926
2.6041726407756776
2.936491652915089
2.0525085359915867
0.8986624052995389
0.31900743196896136
0.030288517879297403
-0.6795817486502446
-0.43364226345609497
-0.6372665389569847
-0.6233085016271436
-0.8428691582901823
-1.0097010563584312
0.5983493009161579
0.6292354336004181
0.7789750540688497
-0.25866317533661215
-0.7143000908263989
-0.6913632794346302
-0.6340741452289552
-0.8046861575054204
-1.0726798539993796
-1.06507254670229
-0.7953872000155919
-0.1135538615183495
1.277470062618511
1.06523931186849
1.8309548546393475
0.20774458918344346
0.6213593139738357
-0.2734203857982546
-0.29586386336102366
-0.37486918485931503
-0.3388094345777588
0.013608936622745703
1.3511438479159146
0.6788937220349125
-0.4096252331856586
-0.9619154407429009
-1.3677045501846348
-1.2859759888694398
-1.0062855379775577
-0.9589221044002036
-0.8069733396670049
-0.9472522384919294
0.39445820222638367
1.060252000689623
0.6741026851624651
-0.4143857250189618
0.0809318082969155
1.3713183100172281
2.6328827496757494
2.115970927319805
0.44690070424056655
-0.11079526860394937
-1.1082688592347711
-1.2060821744494992
-1.2250163215959413
-1.359938371762116
-1.679542099324336
-0.8898175208150705
-0.01648443292779382
0.5275388589541462
0.4255167739384041
0.5689288735812426
0.3682626184893007
-0.2639482858900157
-0.49657798064053593
2.953524557651416
3.3500656467134875
1.515486231094266
-0.8069021341644167
-1.1526168881318748
-1.3473409379604895
-1.6771715357665165
-1.574596238085076
-1.5274378902644437
-1.171788236087167
-1.4452777372818484
-0.6138975229187797
-0.677567658351762
0.2395747259030351
-0.3722324558656831
0.40325365486421305
-0.34318297707615114
0.3132460530906366
0.14468166154875706
0.1851429830712163
-0.07882811419251344
-0.14716571517197322
-0.22750986223889985
-0.4405020602074836
-0.29146132816531284
0.3076185467534767
-0.05538365508169957
0.2146113548188092
0.06178993719822497
1.4980785692968543
1.409920698058034
2.6437149834228406
0.9188233105598825
1.3410802865363591
0.7859147319616647
0.8629397370453035
0.06645379063093193
-0.07486040811739252
-0.13332545565049297
-0.3442533623683611
0.49840511445554053
1.0144153291879845
0.4938562234450099
1.4627430091589375
0.110154177499725
0.16332134130206688
-0.37525460126673515
0.07033346780045618
0.19687695746873843
-0.4407081006540078
-0.3584398822417514
-0.3607620647223248
-0.4654023324057297
-0.7098372738363857
-0.7722572816127043
-0.6977266378589142
-1.1193935170784597
-1.0607357506523447
0.050732501236370936
0.048626495999282614
0.8224952537001734
-0.41266285190939384
-0.44418566481792104
0.44222814993626014
0.24683799117020067
-0.013464620153597345
-0.5425007047808286
-0.3926354674689868
-0.27412604856633344
0.05301708883648276
0.24418918020086483
0.3528709549208173
0.016920977376166425
0.526934882012433
-0.0057323325478311
0.18601932802295273
1.1491226596368722
1.5665463294447295
2.5985354127141185
1.4618284292873662
1.6282306226698473
-0.274183198070754
-0.13737345021579084
-0.3795189204096588
-0.5033046477569917
-0.8831915805899356
-0.9331848213398004
-0.9469463671795229
-0.5213184545144902
-1.0347638054398969
-1.0281396112210888
-0.6904899725665303
0.06762064578829938
0.1921110642145643
