182
-0.8968252022939311
-0.5572827635506111
-0.6040417662610879
1.7269495921200368
0.6230639618510073
-0.8329622871058411
-0.9476219699705466
-1.149286841142352
-0.823019842776341
0.2738508802236633
-0.016412568917207656
-0.5971759071881749
-1.204835339498595
-0.5683981284829686
-0.6803556024876607
-1.0736252737290972
-0.5345588883307447
-0.20393930778480007
-0.7817233184978526
2.5743390770142507
0.7731608809687722
0.8688191031863868
0.8279397011033144
-0.47371745105199564
1.9374595620540334
-0.34953558889422687
-0.8591615723887164
-0.7589842346377254
-0.08586311148830235
0.6595559958231078
-0.3356926304325693
-0.18588659713037153
0.4854526967442589
0.007007126525122821
0.7635452729339519
-0.8615816868867648
-0.4812350851398312
0.01751578844537632
-0.7926184994311963
-0.09791823526809729
0.5696978337712997
-0.02783215165189276
3.06654074528519
1.0643558866094252
-0.548002727713064
-0.06023459397526116
0.8245823420787551
0.5068295740132209
0.6096109767487218
-0.4021009358653783
0.31683145631822357
-0.276978937526574
-0.761539068845386
-0.6949589553988724
-1.2561119958108202
-0.11637725347098614
-0.8768411298356861
-0.8218775387262383
-0.6213301828717153
-0.5066635683944698
-0.4293462483184099
1.009790325796771
-0.4337143517597309
1.6044304068896313
-0.04170880304129293
3.068945411150542
4.064095670887594
1.449225285765952
1.2449856662533996
1.0166319489414064
1.1045767378045892
0.4801730968778223
0.7557263894427562
-0.1242017525422357
-0.2640121783478216
-0.41704644977769384
2.2905939049154935
-0.3960195200031395
-0.48033420632600965
-0.6949127032984568
1.115963034014151
-0.6271919748470665
-1.0388066144299046
-0.8742467797498258
0.5269772154691126
-0.587644369782427
-0.8376230996722702
1.6867738638981977
-0.1376067163350266
-0.3247250427359031
-0.49912665539152584
0.04758363058135288
-0.482157531241268
-0.9766995605790884
-0.15517491853977886
-0.5816597094303205
-0.5409997264041821
-0.5543738282461728
-0.8942085222925773
-0.4604783159519576
-0.9162264239961563
-0.7133194810341973
0.042628716668415695
-0.2486581856845999
0.6185440940499575
0.07603324340165288
-0.31865339395104353
2.9387276573595242
-0.39400177414169213
-0.8162128450877031
-0.15572613430217264
0.043690808437819924
-0.24398306259633
0.4721922721996435
-0.5377478707859854
-0.2469823634292386
-1.3504556913699206
-1.144959622892887
-0.5872290614226665
0.1705776955429543
-0.30222031446401637
1.3684401786643134
-0.7709295890030371
0.6254394671954115
-0.5652863331090585
-0.6123818391740864
-0.5672697385181181
-0.07662114017403926
-0.36618260369453826
0.181148934789697
2.694344219167698
-0.8606296834470589
-1.0238637365700638
-0.4077475723199976
-0.8352232806125348
0.5827488226143837
-0.7833463053891554
-0.98043277777938
-0.5626932352828985
-0.594186392632835
0.9324982792300579
-0.32468149875606783
-1.0251614008333696
-0.22393216956529968
-1.0657636089857696
-0.7348168575107279
-0.5757524055154073
-0.8189393870028381
-0.8340007610973971
2.3369634359169047
-0.6527610816665209
0.4393925115184671
-1.1207378037508806
2.415220107814907
-0.038865280459148575
0.24204465594561825
-0.8082247338995096
-0.7503376892514424
0.1597964292533424
-1.1669083821884116
-1.0899671737229903
1.0424610078034946
-0.11364749715262422
-0.7911536273941568
-0.7617555175721992
-0.14682425365966584
0.36522112667442375
-0.8388654226802795
-0.7070266898199816
0.24728880398779352
-0.8399259989484315
0.9101157432716536
1.5607114561388922
-0.5919765928843446
-0.27407094139134336
0.646099920066563
1.9521936360313454
0.5685273458206647
0.8099701233393898
2.986641535279446
1.0729615366439138
1.3921907411369665
