546
1.06725
0.722892
0.459951
1.92245
2.40684
1.87844
-0.129381
-0.225237
0.1085
0.579788
0.320708
-0.179623
0.144773
0.143518
0.86334
1.15638
0.582477
-0.300661
-0.127533
0.291827
0.678113
0.183679
-0.722106
-0.689651
0.159921
0.126174
-0.557791
0.339891
1.21881
1.79805
1.84064
0.688754
0.117364
1.45352
2.36779
2.75861
1.90551
1.68529
0.862674
0.871883
0.869746
0.536523
0.747928
-0.476753
-0.602473
-0.562157
0.239813
0.398506
-0.115936
0.0370742
-0.392646
-0.18247
-0.0242216
0.724991
1.05674
1.58359
1.43612
1.78761
1.2913
1.1618
0.265938
0.256331
0.943419
1.07721
1.19541
0.941884
2.84383
2.83906
0.688412
0.0580355
-1.07665
-1.15661
-0.97636
-0.302441
0.0407604
0.0214109
0.0611907
0.22941
0.634892
1.05725
0.668833
0.280361
0.361128
-0.374688
-0.33513
0.460822
1.08642
1.71374
1.17612
0.465933
0.462012
0.903744
0.985211
-0.293178
-1.10823
0.948045
1.30045
0.96367
-0.565281
0.662206
0.837695
0.597195
0.419046
0.553072
0.957687
0.414276
0.883377
0.836398
0.441621
0.121276
0.0585676
0.697941
0.930955
1.01449
1.02104
1.26924
1.88169
1.13624
1.08052
1.06146
0.513976
-0.416673
0.981844
0.478053
0.800526
1.07443
1.54015
1.57274
1.5239
1.14818
0.141699
-0.459257
-0.736701
-0.536661
-0.474618
-0.669906
-0.474717
-0.0945857
-0.402508
-0.160275
0.523358
0.759343
0.632672
0.577093
0.371
0.349542
0.525153
1.19813
0.916144
1.30916
1.74574
1.748
0.970084
-0.0208476
0.584131
0.31514
0.993944
-0.306286
-0.0607012
-0.206525
0.322559
0.453232
0.437304
0.738757
1.14087
1.59884
1.11631
-0.0214441
0.397025
0.697255
0.296034
-0.938326
-0.578298
-0.557169
-0.0890399
0.904341
1.8593
1.79719
1.24784
0.679145
0.132076
0.243894
-0.580717
-0.813648
-0.910417
-0.264629
0.586086
0.716952
1.01723
1.89851
1.95898
1.78567
2.80125
2.64881
2.23205
1.92713
0.456468
-0.0766799
-1.07065
-0.985617
-1.66274
-1.74806
-1.29143
-0.523219
0.226953
0.750474
0.730149
0.769005
0.481653
0.964483
1.53405
1.45428
0.498298
-0.177581
-0.189198
-0.269699
0.288986
-0.0668548
1.43985
0.953109
0.444864
0.497644
0.531376
0.0220507
0.656343
1.2157
1.91797
1.98841
2.6885
2.57723
2.10929
0.740822
0.647091
0.392738
-0.864891
-0.74619
-0.974869
-0.7123
1.12477
1.52471
1.3707
0.170502
0.573222
0.881731
1.34976
0.357433
0.291053
0.00872761
-0.684062
-0.273421
0.0794609
0.259059
0.800748
0.109256
-1.27584
-0.816769
-0.262651
0.215847
1.53985
2.27933
1.9897
0.994107
0.965517
0.625024
-0.22317
-0.487314
-1.29585
0.768716
1.27813
1.14255
0.730646
0.556488
0.5334
1.33807
1.84846
1.6944
0.926987
0.208532
1.28979
1.17301
0.903666
0.894111
1.06801
1.18116
0.27793
0.39076
0.977299
0.568374
0.661687
0.297001
1.07923
0.623436
-1.19711
-1.50253
-1.62133
-0.77255
-0.0650024
0.540124
0.757985
1.17997
1.77999
1.27612
1.73052
2.0374
2.12044
0.951723
0.803705
1.29562
2.23119
2.21808
1.54596
0.943106
0.400426
0.605339
0.63669
0.433726
0.0415853
1.33854
1.99477
2.14156
1.54717
0.905081
0.502661
0.70342
0.0110582
-0.512936
-0.7928
-0.599498
-0.998435
-0.553169
-0.335242
0.480172
0.217668
-0.0841772
0.110108
0.299045
0.375584
0.31551
0.312705
0.710885
0.13421
1.705
1.67796
1.22853
0.420526
-0.302065
0.300122
0.561356
-0.41135
-0.345321
-0.122138
-0.695057
-0.722773
-0.107756
0.391309
0.730298
0.97159
0.678984
0.606597
-0.39156
-1.31074
0.230474
1.69992
1.63604
0.372038
-0.505938
-0.812067
0.068517
0.379186
1.5627
1.40636
0.879506
-0.472264
-0.0712128
0.018039
-0.0398025
0.121358
0.0860757
1.25545
1.20881
0.785639
0.152765
0.826813
0.786781
0.987017
0.835365
0.552677
0.247374
0.239644
0.130446
-0.0395369
0.314425
0.179532
-0.117685
-0.244949
-0.507457
-0.0713105
0.0770991
-0.560242
0.931639
1.91268
2.12894
0.726907
-0.323081
0.384476
1.61978
2.74625
1.81485
0.553611
-0.213979
0.272834
1.0943
1.38797
1.0059
-0.492968
-1.3877
-0.875661
-0.504398
0.17642
1.46126
1.77547
2.20545
0.737257
0.89597
0.394419
-0.149485
0.358457
0.485756
0.196679
0.344132
0.630194
0.703953
0.551787
0.673754
-0.0490401
0.49202
1.10286
2.01428
2.17334
1.85896
1.19712
1.57788
0.872509
0.819317
-0.16438
-1.29444
-0.469426
0.0249174
1.81573
1.75627
0.574654
-0.814822
-0.274357
1.00501
1.16187
0.571778
0.894387
1.25226
1.01836
1.6488
1.86012
0.81118
-0.708608
-0.131997
0.271813
1.21775
1.41584
0.746322
0.00653521
0.336346
-0.217206
0.302881
0.138527
0.045983
-1.02877
-1.08451
-0.748391
-0.181369
-0.215722
0.112523
0.540153
1.18657
1.41941
2.2206
1.43065
1.26539
-0.212173
-0.0207232
-0.0930939
-0.418022
-1.04935
-0.52428
0.37394
1.61381
1.71428
1.70446
0.780419
0.405685
0.596519
1.1257
0.821816
0.516276
1.23525
0.818346
-0.176907
0.896124
1.80746
1.95743
2.00017
1.17528
0.324351
-1.30434
-1.2592
-1.17303
-0.253148
0.00166291
-0.00490242
-0.267302
0.407026
0.688294
0.847428
1.16185
1.52678
1.6051
1.7579
1.76853
0.668836
1.05764
1.44746
1.59749
1.28225
0.861892
1.10891
1.0435
0.67907
0.231413
0.212087
-0.30384
-0.0276055
0.80149
1.02082
0.632883
0.595337
1.11131
1.03032
0.751635
