546
-0.36108647339909244
-0.9640603823915782
1.8518982154138968
1.2632478540514362
1.9911832399256457
0.25648441897150404
1.1420037012761663
1.6354076688300891
0.07800888458990507
-0.06769106096716462
-1.0769428953160152
-0.9460862683253826
-1.2094007020314173
-1.0804114215890381
-0.607912074532206
0.33275617428087206
0.05857993358436642
-0.7790849218027139
-0.7306551064546478
-0.25173738665249923
-0.13159567779877646
1.8482335651023731
1.4034751538945762
0.8541292436394686
-1.1969167146707622
-1.1308520333530334
-1.3430495540412841
-0.8407795315201099
-0.5730417961039763
0.8191778794815875
1.2393290369385666
1.8145362831356857
1.4203601797426768
2.1818316007413636
0.7968392285117989
0.24771126367174864
-0.1675907926342429
0.21450062636906175
1.0764834627769935
0.7727672401715194
0.8487098549288216
0.18637774686285202
0.19958866563547334
-0.17869223702883646
-0.48011662428344726
-0.8004154185751217
-1.057662708562719
-0.841771121517732
-1.0131338169766833
0.395560449026743
0.46288223232415454
-0.04611125040875419
-0.5320961378717594
-0.9443219832630905
-1.2151224473517237
-0.959548956107064
-0.972700552874315
0.3851276664343067
0.2327267901785833
0.04715321822158586
-0.6887536134860069
-1.1820989906072157
-1.0767496152528269
-0.8801499737867498
0.05375870730754975
1.4989674305637124
0.9059120561431868
1.3261252225739801
1.3239732686175356
2.434189019952311
2.930567057368669
0.029816300301730783
-0.5459953115749967
-0.26345980287608123
0.06954385554719397
-0.0976192206290129
-0.8719215341726541
-0.7643585745699543
-0.8392708916900146
-1.2271613353560062
-0.808366604066905
-0.39758313193429506
0.2569426266589251
-0.38158027431602665
0.6869016963328874
2.1166777358753106
1.9277643838889615
0.8300989552374195
-1.1038516458942507
-0.5170793012092314
0.49127718247557023
1.1661024310577377
1.0638665862605787
-0.34840816478416325
-1.1760842483799197
-0.7803110325640935
-0.40422524427488754
-0.7692443407093327
-1.037837162931399
-0.7619909093052506
0.007215524064799136
0.21687416697135115
0.7638577921083768
1.2432139476166513
-0.1542962320318257
-0.6699511676794702
-0.8750663175243601
-0.9350540294869037
-0.843026419583412
-0.7000934733713672
1.169040589658524
1.1849846305303378
0.5156176831550436
1.9839084428325766
0.8202905229325227
0.2209644242652606
-0.9978445483654617
-1.2701002059064512
-1.3511981210215938
-1.1732049456947597
-1.0564155106354953
-1.2489452387527693
0.13177447192454483
-0.23831953552635948
0.06890593972880307
-1.0673259966285864
-0.8563261071173354
-0.8725554669309538
0.28387458605509813
1.0704206600110604
0.4132589067295136
-0.7592834937335633
-0.5832760657151936
-0.10196214896780575
-0.4781084614266992
-1.0874019765043195
-0.9373834354929594
-1.1428667667613046
-1.0098262962619038
-0.6270545833686104
-0.31592748525279957
0.30669590609361186
-0.3169140847339087
1.8156225138938855
1.1576019813879284
0.3935765757718134
-0.4604009530061973
-0.5284337795593661
0.4179152046949626
1.3338385628329743
1.4609957824734463
-0.1134293303503891
-0.3724716078726518
-0.4369546542036462
0.34343198485528015
0.03812779303036559
0.23686470600878606
-0.49924952645072296
-0.6718547111816106
-0.7619411002679171
-0.9836496257894647
-1.1234811067347952
0.7234053279246744
3.8211923033384143
3.254894976329979
1.5161160592191032
-0.03294748279288196
-0.7335430861770054
-0.891755116657578
-0.9169808834424121
-0.9941724108964338
-1.0982489828688389
-1.1604449670542676
-1.23974090672451
-0.5752106879157501
-0.41971316725715924
-0.4364542246333559
-0.6810779169744298
-0.2819040122838859
0.23497212659992642
0.6288872437786998
0.13449528044570114
-0.29615083379069745
-0.743307100605766
-0.6662999492405758
0.46293341017472284
0.03301212845652587
1.0189225007025218
1.6059717478452629
1.871599873404232
-0.5929079525619185
-0.8998204549639546
0.8517384158186415
2.0675043508968813
1.503804935006132
-0.9304755328831573
-1.085524781367077
-0.49453671226898943
-0.31458091448884135
-0.6578106977691515
-0.8852397041554454
-1.3023587969712136
-1.1580846673231833
-0.7324859257581878
-0.244368448802832
-0.6792131685654783
0.7130281744786162
0.1412728656239257
0.32161784816055866
-0.2838921507421669
0.3783341456513116
0.4922892177370128
0.3251808511177877
-0.4345710696882021
-0.6568885413690052
0.025060718080545694
0.08267610685488498
0.10201668111499564
-0.5990449060519986
-0.14795139551988545
-0.49702770241262356
-0.2725980195495864
-0.5260871523325438
-0.7565791067076152
-0.2510591469724792
0.49524349647187915
0.8563605262519888
2.2427296944100883
2.24162518146435
2.1351233987178633
0.6633104329724775
-0.4128909195025112
-0.45344468677026073
-0.649732339956597
-0.5976325157070649
-0.18878790891573055
0.3590813717934849
-0.2828110222859185
0.14710962432978236
0.18104599738576455
-0.1080178804438708
0.5130786564715093
0.652150582202753
0.4257586739190137
0.3750984506740547
0.09828304868280073
0.11089313338849843
0.5923849754341546
-0.4134179004422427
-0.39234387624795214
-0.00801561893902078
0.02442245758311828
-0.17007008658847897
-1.219339392008965
-1.2247284900272024
1.3092630693992384
3.279958541496891
4.455476892902693
2.305208019942504
-0.07812986463113998
0.07142396545428455
-1.1044675451741819
-1.3122069196900463
-1.247148951392453
-1.2167065096292808
-0.8306185970846905
-0.4061784927229516
1.2135064083551743
1.393948652440961
0.83603526058269
0.34818056860425967
1.741420611481879
0.9646766562015964
0.7693610122816985
0.6933450904232225
-0.21298928894922617
-1.218825372380527
-1.06913213346788
0.44936726755690093
0.5384721700361215
1.3377894154089127
-0.053153629856469806
-0.5506393472666333
-0.7028223787739838
-0.5730031622311229
-0.6973416123885049
-0.07343298248614982
0.05773848993490373
0.2689855669236391
0.2744865161748809
0.8033063495403002
0.43293788325100924
-1.0200176587564593
-1.1322017510476692
0.5855665121593469
0.6472533159024705
0.4549386782762272
-1.0795236381847633
-1.186250702431746
-1.3002978887820777
-1.1577625574187886
-1.3407591161197219
-1.0077051565593098
-1.0173742320062984
-0.8328873358515649
0.12375240746061143
-0.35818844830829283
-0.17422438260218667
0.2098442921806929
1.8402590192323423
1.0441714432530347
-0.15763991954157244
-0.960804822075835
-0.952746007109477
-1.018736863192813
-0.8044373517150355
1.777674040771819
2.4834011433840604
1.8570741091077054
1.6047308296394212
1.5788339073681992
0.2718266663455952
-1.108005157732052
-1.2637123198988072
-0.9075208797972193
0.5868123204503651
0.5258333983824346
0.04556152872468222
0.36978776604934016
-0.15934254990091892
0.15358062678866866
0.8158672713710983
1.2617503479656482
0.3585626011914407
-0.7376601374598596
-0.021891721724243828
-0.33649598269699826
-0.8538345119469006
-1.158130115067268
-0.6072999226834166
-0.565943075052103
-0.12074810365120012
1.1273416981093687
1.9551345057581386
0.4252242777273902
-0.49822730805220317
-0.5954830762330656
-0.6795725218470264
-0.4041768284422737
-0.34426147013846214
0.9610876716827609
0.24779531984368292
-0.20244089504182416
-0.745625445191867
-0.3693659579516976
-0.045327793919814154
0.9688554346122868
0.7557285281964352
0.671388634472286
1.0141404381875563
1.8756308710012473
1.3848732195426352
1.1102318099271438
-0.38793717191082916
-0.7624267050862343
-0.6004998526345866
-0.6776383021951223
-0.853319824450601
-0.6410350726333802
-0.6514525706849515
-0.48234465326063897
-0.7255354031632447
-0.7246386423641302
0.060371924176923976
-0.06987406014708807
0.3017270335387762
0.06230413473051929
0.23227893079097311
1.951505402143859
1.4555670974685906
0.5723605691197365
-0.8811209282586143
-0.9800226013846596
-1.0769122157166904
-1.000581182516419
-0.4145574384761762
0.5775942581280149
1.224696190170333
0.3528513844750903
0.6140966754024706
-0.9635960828460656
0.3759496880952268
0.8385170834411618
0.8014200474804659
0.03176182994820511
-0.32805724950037
-0.8122541045054618
-0.9769358667434473
-1.051881955999475
-1.348992883760133
-1.0332770501914876
-0.5791063930992446
0.4572349371001988
0.008176671827801315
0.9797127040035899
1.4216396434908405
1.162371409569408
0.30152825959353025
-0.03818818068863923
-0.6366760180740442
0.988833826217656
0.613065138163814
0.9546334133628126
0.7549132992615495
0.013038210573672862
-1.0181692834391387
-1.1714364850108634
-1.0697024538594433
0.6877217409161475
1.4009692043224382
1.497990670538074
3.412353348421729
1.2938755797042278
0.3250470366028408
-1.289851079131191
-1.2411178188264358
-1.1943411997508058
-1.1454049981692385
-1.0884377420965088
-1.221420259559672
-1.1265820196222613
-1.223268830538033
-1.0468874577730096
-0.8567549142807414
-0.5174799771241709
-0.00786042843166375
0.711826671924178
2.6704388595510404
1.684778030667045
0.5484946163607745
-0.3137748049658787
-0.7442170998131521
-0.797236506268506
-1.032167483356796
-0.9765431648517966
-1.2119729152196999
-0.85350265280649
1.9034607556244645
1.583422412563929
0.5465560083789789
-0.5248405415992428
-1.439175684860359
0.8403668492773075
0.7737467001426801
0.168174216373723
-1.1768647832454495
-1.2302770521182576
-1.2838675272595552
-1.3099216680167058
-1.2604406980893514
-1.2014574997228418
-1.247728376011547
0.2273470791294411
0.4436354061048926
0.7056622070863786
0.51295143963169
0.9096813975033256
1.7454998775574742
1.0291389495279712
-0.3007745177317845
-0.9601274261453028
0.05443199495777044
-0.564782612396047
-0.9888322616938837
-0.9713238483253245
-0.17035276411689124
-0.21532778609829367
0.030330267749376513
-0.8110029855705453
-0.15961802652146476
-0.37425177157258255
1.3934104790846917
1.7280144752004476
3.6088563398400555
1.4296653499686156
1.3285687650581777
-0.6064613656896911
-1.192604270055716
-0.39647793072900733
-0.8012769309927634
-1.2067980398583045
-0.9094383230036915
-0.7767800380835165
-0.7631438125514234
-0.6255254627967325
0.3727689331081177
0.31445405865867726
0.07420787954736119
0.7283865126346716
-0.060514493950862364
-0.5752703125463645
-0.783505892370721
-0.8795959351310998
-0.4791160515087809
-0.14374238642903853
1.160908093894038
1.0445922945703694
0.3018807558259884
1.8994630458880848
0.7594000755380094
0.647312010824035
0.7811754361762917
-0.7013857066025365
-0.9842023571439085
-1.1480287225977286
-0.9608752446800143
-1.1269206254381299
-1.227429191598348
-0.601033781862206
-0.20043554789631954
0.36482811503613427
0.4204886521396111
-0.21246373207745445
0.7334967467682421
0.31713272904280976
-0.4272102244572139
-0.9210425622632615
0.5775805234019559
1.8111099346829727
0.7265076419509591
0.9200716731992908
0.32129878675639084
0.038012751117525834
-0.8972100715437461
-1.0465720899704454
-0.8765054003335785
-1.0006773070536015
-0.9695162052894492
-1.1448832303461247
-1.1076730950975975
-0.925439596906708
-0.4880174341430733
-0.39163523930829025
0.27439830093784484
0.9372058959306148
1.2456569533405173
