546
1.2316549107042805
0.4833178181435462
1.2448233022440531
0.3356493785010843
-0.2594735072251148
-0.269590431478372
-0.10488274066189832
0.5102220406538992
1.7105782176895397
2.313902268992019
1.688966196512889
1.037708409150524
0.5802730566338414
0.08655693413614299
0.4663651962312164
0.19570158545843266
0.06039499465049406
-0.33943605591906156
-0.4389024904040787
-0.365484293196257
-0.4902789699849639
0.2649808824327725
0.36210060321303755
0.261776822836218
-0.3028152200842338
-0.2644033663592956
0.6584658652542641
0.8097315389580304
0.5334849608826526
0.42701420746680147
0.2307652362070679
0.6017385873056253
0.3850983492182184
1.6949230977657719
2.8786957572608785
3.6438466550300563
3.444420295444156
3.3580719199474025
2.9160557580712356
3.7984749663996977
3.662614656385615
2.746730416176405
2.212614440335745
2.249845849920605
1.875214455827384
0.7761415952599623
0.3013579878400594
0.005799985799778766
-0.07964004132828785
0.7250071970628595
0.061438119880402556
0.19140122665481699
-0.4455349390552427
-0.5894141195025485
-0.6321395846919525
-0.36338989688945994
-0.5492977313480611
-0.2536850584707659
-0.40108979855307375
-0.45307620716735847
-0.6628729966428534
-0.9007158237534557
-0.6535255701812933
-0.5203979786170891
-0.020526430698233424
0.5219352409713781
0.7786335305408066
0.6945323042847033
0.2680872469140354
0.4942568922166009
0.40773132290399594
0.7084654040194255
1.248645572287471
0.5761699313660975
0.8687296106383531
-0.06479205814929244
-0.7652386071360455
-0.5644440801106566
-0.8386629512603448
-0.6845053419664036
-0.7072513736202173
-0.2864389352314969
-0.3114488857537818
-0.39478578084284127
-0.9609540847148438
-0.7174261478322278
-0.24661338293800641
0.3222692853449502
0.06260132502225005
-0.15114993655146924
0.7618272157619214
0.4500628017847569
0.9375529129240674
-0.1607711137383878
-0.9531361647509019
-1.2133618889262905
-0.9799634488301409
-0.8396221268576753
-1.2777669521787938
-1.1790828936385531
-0.9653231472914935
-0.743011623666912
0.7641066054557965
1.2900800781990456
0.8701892635296427
-0.6444683488976288
0.5531028094791648
0.7377790356247447
0.7171682045996582
-0.1425231212552309
-0.8897693796091563
-0.9795820993103498
0.5736329799922665
0.6473999705467575
-0.0016837038900313264
-0.4949067883587305
-1.1599149523935888
-1.2544939756833786
-0.9973098202315761
-1.009766816805575
-0.9972422974927698
-1.4585938414311022
-1.1404156407954993
-1.1479259432295168
-0.7185979735032701
-0.6837913287511009
-0.6422555375488472
-1.2362564064815948
-1.4000488334695338
-0.8729516838179324
-0.09844657249553412
0.3377202614850406
-0.7617300358710274
-0.42058634081988294
-0.4895269708308301
-0.879340083307948
-0.7075418340870149
-0.658304132202086
-0.29681581637309107
-0.8769934891316713
-0.7281392230124096
-0.8045229827619658
-0.8345005958367587
-0.8742024317260476
-0.752581431658656
-0.9853864934679583
-0.7193247889721431
-1.0194713636271033
-1.0723460542698298
-0.336910288879191
0.4899086973455636
0.48375998551867444
0.46090650733824307
0.28167806166108134
0.03263627494189419
-0.5568112295062875
-0.6401058175215435
-1.0617412352658386
-0.7665871189462057
-0.9803163396778549
-0.8775310873519351
-1.0441353513065361
-1.0742091370760731
-1.0069274338089444
1.2923817679099032
1.9510931569663243
1.9239938424663663
-0.4201355792456695
-0.3185026281280374
0.18823718781932777
-0.22923319818365806
-0.4923728511860835
-0.44140805028197555
-0.3912930128664056
-1.02342636820215
-1.0547294829465594
-0.326249086826678
-0.40799669180356457
-0.6816850633449104
-0.19359724582435367
0.6081465823952921
0.32083685848409604
-0.40502439212147195
-0.8310219418506607
-0.9195192374077981
-0.6833919678115917
-0.7055868715212562
-0.31813352799715244
0.024544164767178193
0.5164267395520855
-0.117480866327636
-0.5485954011563696
-0.41484197116107263
-0.36905115360968965
-0.04810811357723649
-0.10692624113601944
0.1718999713909884
-0.15394629650060365
0.5635228553568035
-0.2162611471030726
0.22026160396949485
-0.8343886091960092
-1.0157066058309843
-1.1848186954637896
-0.47145057680469665
-0.40945953358613163
0.4839783466024782
0.1026082551685296
-0.39633871825270095
-1.454944799195453
-1.526666795987777
-1.225554207698583
-0.7683386009197853
1.1469396351115926
1.4364883501480044
0.684000817895742
-0.1686961121924301
-0.08950143056285335
0.04222815091225856
-0.018704121414175625
-0.9342480162602759
-0.8715765740526014
-0.8827515132004536
-0.6251196770854076
-0.7757269395983076
-1.1691996547087808
0.3322176934072981
0.9480142497424696
1.6826192807005553
1.5087628881439694
0.893383988825709
0.12902617720524037
0.47154353318556363
0.46250106425216825
0.765413663431344
0.34042676949710166
0.568756986446329
0.07172154890263949
-0.35409569710769667
-0.3166467851383074
-0.5451662508581409
-0.7072146065099616
-0.18934797656215036
-0.4684040251004991
-0.4897019559790612
-1.2140289143510878
-0.9417399364009158
-0.9332069834153881
-1.1366664179343058
-0.5856862638720449
-0.2894815650248407
-0.6712472220188344
-0.744856299844283
-1.1218054535479443
-1.103522933095935
-0.6979720355785715
-0.7747553867499724
-0.33479644755626514
0.5263930066137321
1.058109538768542
0.7227342155758238
-0.44587375254393274
-0.7132540966294237
-0.7428494199734356
-0.7315978991730584
-0.7952356937393471
-0.9972708559021314
-0.5932373259786146
-0.35269552092643575
-0.5513330542791268
-0.9925784567387635
-1.1475131848811289
-1.114040318442709
-0.4693942330096224
-0.4320679075600711
-0.002410213805090308
-1.3407841685801676
-1.097357239195426
-0.16694387235821082
0.2736786871510588
0.21071077182322437
-0.5160178935170635
-0.6689151067542424
-0.48192176774022855
-0.4937437471390787
-0.7912752605437112
-0.7404327104059263
-0.8687094688910465
-0.6214096343213152
1.0880319016737416
0.8297062012997327
1.5464773839461174
-0.7828387880993833
-1.2551455988690445
-0.7481738139861813
-0.7755295721122506
-0.7610873945942651
-0.8374033722555262
-1.095982989216822
-0.921123618790153
-0.6988702867119759
-0.5371695719801227
0.12142347091062455
0.2339856523459047
0.5597940670174699
-0.6818345185185868
-0.8508079013164042
-0.9594995710495214
-0.044050632358354
0.41275674646352134
0.001660473409108415
-0.2645196727604265
-1.0733962214194206
-0.9640698158227382
-0.7272258192416916
-0.20180709041042286
-0.5314643966555472
-0.8678325469514208
-0.8650327453662757
-0.8159623054463303
0.3455436536507133
0.2660516177896193
0.4504726541226154
-0.15301965331467815
-0.4329411524185452
-0.8250049033243703
-1.3245689557697349
-1.572068829546878
-1.579389262866601
-1.3301406166008243
-1.0809126478968187
-0.7501924887133977
-0.34415923860430053
-0.911959280463967
-1.0468840858444732
-1.365546501116059
-1.3253408316161923
-1.1200299017880029
-0.19018433805793858
-0.09691405847302054
-0.5455715081415892
-0.7000530930527123
0.6638709024046956
0.36535742402772675
0.33210755683875826
-0.7478787590368766
-1.1704184351608455
-1.1823545859513687
-1.63632867141917
-1.6555717953821611
-1.4078366911681974
-1.177439986546395
-0.975103338266178
-1.287954671070142
-0.7424903050646164
-0.772202243131579
0.6917541798534782
1.1888384001465855
0.9556541712145432
-0.9387048938862629
-1.494260679663557
0.5883840981535607
0.4487093787285429
2.045288698862062
0.5516174241023315
0.942634804856013
0.1522462312228198
-0.5041433396664114
-0.49381474972231537
-0.032876081898160034
-0.3423796689803582
-0.24178638138768796
-0.8474106467719015
0.19098017400696582
0.23726246484185398
0.0907062433220502
-0.027700821387201886
-0.7459228967813276
0.08235201259848675
0.9736720899305465
1.0271143795958635
-0.049538470139259466
-0.438882116034861
-0.2259883870738418
0.3672161432757748
1.7411706477421551
1.8522146091037588
2.665964276631956
1.2605336128727338
0.6824110933337965
0.38146365622941675
0.22144425376147142
-0.5560343788450064
-0.7082208027622621
-0.178799060003354
-0.7387008211094005
-0.43828917075833207
-0.6036590283816362
-0.173526238907091
0.29912871183801865
0.3552441905333281
0.82768443355141
0.41394771831914745
0.37963611796988705
-0.09219825712834127
0.7332931144988096
1.6181751246275191
1.661864919990029
0.31638671143295677
-0.2078212238075577
0.19756045030792174
0.12080033168364203
-0.057096121056131016
-0.06419260124810999
-0.11512356816801843
-1.067545789000188
-0.989433264030932
-1.0205666708823564
-0.8094336237484059
1.686193260838146
1.4094254413428857
1.7939637442011485
-0.7860268332830179
-1.1012895496740005
-1.036683788241665
-1.0661813106256333
-0.7063750797336593
-0.6085210633489182
-0.7715264122333858
-0.8131075755046621
-0.4515359622215829
-0.03341442209155261
0.19353325539783828
-0.03358180103437027
-0.43572674269597556
-0.2314553953388213
0.6263968455482586
0.15063128904276535
0.016360893314528852
-0.8869582328741757
-0.6978561296575932
-0.5666049586884918
-0.4609424125199493
-0.7033192907343848
-0.5012618736553766
-1.22751110232085
-0.728886253633116
-0.3912639057045314
0.7010544937023732
1.3592928222046976
0.8161668023098388
-0.6010009139084755
1.5695463640949014
2.680937303349863
2.058302063939974
-0.7116547133677876
-0.8234591309700637
-0.9352046839857159
-0.595027879842553
-0.29166629306202246
-0.41083971858085927
-0.23309900275199683
-0.8322073447792022
-0.44362390166981847
-0.7163366133646344
0.57533437264969
0.9039429539680142
1.1216531850069547
0.8587992469443094
1.0429835227012165
0.6962394445440477
-0.01030919546327363
-0.24584203351484446
-0.28083757239589485
0.16578236407667807
0.14608210278363246
0.43986179858849983
0.3004594876203789
0.06425975196677176
0.1282836294649378
-0.08637500034485081
2.4836563654477803
2.929110983156165
4.0497408675852995
2.364783270886462
4.066316344263136
2.194409805473751
1.9589418876558846
0.7466983033535248
0.5031897218212933
0.32309891604488794
-0.0548520089503945
0.6026223009354708
0.6961718381893087
0.691349336881186
1.1632053473118564
-0.22579049560704806
-0.17669681338831755
-0.39114017764893005
-0.4570478240806807
-0.17143204754349603
-0.5525343563532789
-0.17938783511315642
-0.20086653532026427
-0.05218608350239885
0.9352769231511966
0.9397612368549575
0.9257076969345396
-0.23718346492223025
0.07059138970051936
0.03887502447416472
-0.2951717472204987
0.1552167647200314
-0.26813421690304307
-0.12819273808832107
-0.6329024510083427
-0.052005836821274576
-0.34685061910266385
-0.21939269873137962
0.3708974713828358
0.28003702367668015
-0.0014992235481695378
0.2503852540723621
1.5952521333645613
1.4861677214544429
1.801426665865543
0.10018370705369639
0.6170744234855285
2.1227875966481338
2.9944249289430407
3.1778110034820775
2.119611530131297
1.3985299155086768
1.2005374339090882
1.975129784849895
2.3334892702523473
1.5114909446507108
0.6420636292601847
0.5152384190232746
0.8984079562836882
0.6354177910037151
-0.4790341392868339
-0.03461038015985014
1.4861631771300923
1.8190332515463206
2.059074694557089
