182
0.181824
-0.226087
-0.488489
0.769545
1.32156
-0.244694
-0.362682
0.396578
-0.336301
0.811019
1.20151
0.342337
1.51243
3.41489
1.64037
0.719946
-0.616214
1.11736
-0.0279619
-0.523276
-0.162135
-0.278743
-0.345413
-0.45207
-0.316891
0.311107
0.232992
0.141451
0.646496
0.787385
1.60496
0.189397
-0.0845884
-0.571442
2.41726
0.727885
0.527268
0.907569
0.355453
-0.763633
-0.825842
-0.585096
-0.464266
-0.87025
-0.313562
-0.677541
1.2607
0.0826352
-0.261883
-0.351634
0.0886024
0.740322
-0.893448
-0.505071
-0.653742
2.84023
-0.206621
0.520624
0.946629
-0.000411914
-0.450261
-0.93354
-0.678351
-0.573396
-0.497967
-0.22952
-0.396867
1.54243
-0.168257
0.305124
-0.519027
1.25533
-0.556135
0.893552
-0.643203
-0.447974
2.60885
0.881047
0.216399
-0.563166
1.06106
-0.599593
-0.173072
-0.678854
0.437694
1.12994
0.497144
0.24118
-0.00401483
-0.220223
-0.183652
0.127245
2.16394
0.877665
0.893083
0.528667
-0.0243257
2.26553
-0.627261
-0.467505
0.880808
-0.128516
-0.152091
-0.532574
-0.198678
0.268707
-0.696134
-0.30029
0.581227
-0.420064
-0.671992
-0.49482
-0.568161
0.463328
1.16458
0.946326
-0.277847
0.888133
0.390527
2.3498
0.389286
1.98103
1.74255
0.389573
1.15685
1.01805
-0.320474
-0.482582
0.467212
2.20375
0.845833
-0.0789788
-0.111813
-0.348023
0.0426338
2.19772
2.83915
0.83534
1.44775
-0.0965801
2.38753
-0.695942
-0.428846
-0.710787
-0.00961268
-0.317877
0.285107
1.2433
0.132067
0.553355
1.45904
2.15987
0.799376
1.55486
-0.256069
1.24167
1.48304
1.21116
0.10906
0.231288
1.19177
3.11362
1.09122
-0.448785
0.478518
1.25395
0.974808
2.08333
1.45309
0.575035
1.71573
0.199394
-0.292147
-0.300512
-0.300437
2.6799
1.9809
2.16725
1.72359
1.52625
1.8685
2.43666
