182
0.0173121
0.55727
0.473006
2.51166
2.15417
0.979401
0.527226
0.770966
0.30542
1.38823
0.229138
1.53723
1.10188
1.75781
1.06793
0.122666
-0.679408
0.315674
-1.37471
0.240897
-0.347158
0.485918
1.18198
-0.104578
1.94444
1.96463
-0.258116
1.29952
-0.359538
1.01025
0.564373
0.737652
-0.487312
-0.0340471
1.62799
-0.0867364
0.104278
1.06753
-0.830213
0.465071
1.07851
1.74865
0.544847
-0.473273
-0.899538
1.82404
1.30003
0.225098
-0.349236
-0.671651
1.70377
0.811523
0.899761
-0.146795
-0.279008
0.824136
1.5829
-0.231087
1.15573
-0.480608
0.305163
0.666398
2.01434
0.907512
1.20585
1.21444
0.121774
0.830559
-0.047243
-0.648297
-0.379797
-0.123448
1.6828
1.57858
-0.278476
0.523793
1.80415
1.14608
-0.598357
0.297752
1.26474
-1.1471
0.365566
-0.573436
1.09326
-0.0985191
0.864015
-1.16975
-1.65831
0.934951
0.0771029
0.0860585
1.0732
0.906613
-0.719872
-0.30055
0.911748
0.787721
-0.318286
0.73443
-0.278115
1.01101
0.629999
0.669192
0.334843
1.76494
0.827029
0.779025
1.93968
-0.617638
-0.561152
-0.631156
1.62177
1.22556
1.70387
1.18574
-0.0707716
0.201658
0.283594
2.15409
0.270832
0.623992
1.84057
0.196597
-0.328459
0.612412
1.18154
0.45452
1.89376
1.43273
0.47959
0.487813
-0.953815
1.08668
-0.307413
0.504421
1.71887
0.24704
-0.181701
0.437716
1.77312
0.0522322
-0.00688632
2.1349
1.63116
1.15535
-0.334271
1.40285
0.858506
0.644995
0.738946
2.14646
-1.63976
-0.351897
-0.669632
-0.30662
-0.115425
1.38309
0.29983
-0.876754
0.676856
1.9754
0.507333
0.738905
0.969014
2.01227
1.03383
-1.0294
1.13535
0.672015
1.88342
0.252056
0.179865
0.485861
-0.207138
2.2461
-0.0550208
0.20872
0.0296802
0.558954
-0.85719
0.968966
