546
1.43447
-0.71666
0.0679055
0.331661
0.135565
-0.153656
-0.426497
0.189263
0.25207
0.23857
-0.547907
-0.617129
-0.717155
-0.514616
-0.493162
-0.22418
0.317797
1.42807
1.50041
1.15295
0.594352
0.730043
0.936227
0.692897
0.0679855
0.629519
0.715735
0.514614
-0.0689455
-0.811622
-0.113707
0.536036
0.478982
0.364224
-0.081099
0.0637076
1.12725
1.18206
1.32744
1.56907
1.73393
1.60924
-0.214079
-0.220187
-0.0963099
0.0396913
0.084898
1.31058
1.35245
1.39637
0.224964
0.419313
0.260746
0.0746991
0.0182809
0.0289604
0.0524067
-0.00784438
-0.572802
-0.574453
-0.432823
-0.315533
-0.184608
-0.169242
0.145751
0.0635449
0.301765
-0.105023
0.431451
0.858351
2.88233
3.00651
3.08082
2.04624
1.84153
1.90527
1.4589
1.17781
0.646357
0.288915
0.719413
1.44951
1.53216
1.51301
0.498172
0.621925
0.651901
0.849903
0.966254
0.932831
1.04701
0.684103
0.580999
-0.0415569
-0.571233
-0.763237
-0.602511
-0.501845
-0.452041
0.2682
0.181148
0.527943
2.3531
2.4854
2.55929
0.0571189
0.164907
-0.140516
-0.0924212
-0.366338
-0.181356
-0.22811
1.00457
0.967267
0.907966
-0.0719289
-0.0928049
-0.175356
-0.0501954
-0.0445574
-0.000539931
-0.247778
-0.218951
-0.429784
-0.527209
-0.694976
-0.751735
-0.605414
-0.577798
0.266641
0.399848
0.580878
1.51032
1.60069
1.58161
0.0758336
0.444662
0.627185
0.790031
-0.645141
-0.650239
-0.810272
-0.669798
-0.587905
-0.425743
2.89175
2.92335
2.92619
0.305303
0.245288
0.161426
-0.0783172
0.218454
-0.0673074
1.33018
1.19727
0.637052
-0.475226
-0.102086
0.027968
0.134718
-0.419302
-0.190908
-0.130863
1.6343
1.6041
1.39882
-0.350546
-0.283065
-0.423827
-0.318834
-0.225974
-0.164441
-0.0828773
-0.136493
0.177888
-0.113422
-0.104271
-0.288533
-0.289612
-0.121954
-0.115587
-0.111118
-0.744795
-0.76489
-0.683509
-0.755333
-0.461449
-0.403798
-0.265478
-0.0491568
-0.217925
-0.211289
-0.57652
-0.542235
-0.359001
2.10009
2.07314
1.94286
1.14213
0.867204
0.292554
-0.632724
-0.709857
-0.70826
-0.887419
-0.674851
-0.611369
-0.690241
-0.771952
-0.711058
-0.45363
-0.559464
0.783999
0.577586
0.765169
-0.312274
-0.035134
-0.0398291
-0.0462743
-0.153674
-0.235617
-0.495119
-0.104939
0.0499383
0.1094
-0.147887
-0.317971
1.30704
1.59216
1.56254
0.214377
0.149314
-0.425366
-0.541343
0.315819
0.747537
0.776706
0.465345
0.0725919
0.126363
1.31447
1.38273
1.34674
-0.589954
-0.702024
-0.494805
-0.528802
-0.415986
-0.832032
-0.542914
-0.473704
-0.130384
0.202886
0.18702
0.100916
-0.581107
-0.421658
-0.445873
-0.609744
-0.365541
-0.00461999
0.0543926
-0.532592
-0.453664
-0.309426
0.333889
2.13215
2.14017
2.22114
1.6668
1.21012
0.86275
0.555336
0.358334
0.264091
0.249281
0.165273
0.214932
0.12315
0.155368
-0.32977
-0.627895
-0.0294444
0.013307
-0.0262659
-0.162794
-0.112442
-0.120047
1.22866
1.49958
1.39213
1.01617
-0.424532
-0.533776
-0.424926
-0.386655
-0.343782
-0.585968
-0.287717
-0.301544
-0.228683
-0.499727
-0.55971
-0.407575
-0.484881
-0.4277
-0.492284
-0.417385
-0.372152
-0.0525946
0.297049
0.233063
0.309205
0.330611
0.528649
0.482353
0.374262
-0.115241
0.527172
2.79344
2.9349
2.95256
1.43231
1.48756
1.4433
1.30764
0.381636
0.458037
0.100691
-0.0957854
0.104491
-0.0894236
-0.229775
-0.460499
-0.467542
0.0615281
-0.0317982
-0.024282
-0.473272
-0.510486
-0.527902
1.26699
1.24285
1.31789
0.452888
0.289561
-0.80817
-0.613687
-0.60524
-0.434017
-0.740482
-0.686007
-0.301189
-0.242785
-0.144056
1.28687
1.50036
1.42006
0.646024
0.0176745
1.34176
1.50239
1.47438
0.451782
0.332691
0.486429
-0.242455
0.147905
0.0429182
0.119982
0.0214534
0.062411
0.619642
0.479192
0.560016
-0.127101
-0.0114187
0.2169
0.373029
0.121854
0.276864
1.34456
1.6449
1.43204
1.1444
0.337852
0.0361316
0.252002
0.177003
0.178925
0.0928577
0.0239945
-0.114349
0.19414
-0.490568
-0.498346
-0.476224
-0.481923
-0.50881
-0.45054
-0.585912
-0.6068
-0.496421
-0.612891
-0.0267818
0.120635
0.595316
0.652088
0.624987
-0.0227616
-0.166136
-0.394871
-0.384022
-0.322465
-0.409629
-0.404063
-0.264474
-0.292711
1.21009
1.07249
1.07303
0.0329366
-0.623443
0.0515749
0.406288
0.341415
0.0760776
-0.673011
-0.631685
-0.530704
-0.547064
-0.641432
-0.54629
-0.179094
-0.153602
-0.211399
-0.35144
-0.597731
-0.521976
0.172373
-0.0257325
0.159113
-0.526844
-0.641913
-0.512113
1.96275
2.01606
1.99472
1.03395
0.754669
0.394648
1.06987
1.05432
0.987045
0.881499
0.747299
1.12246
3.22413
3.95218
3.88213
3.68784
2.38117
1.96758
1.80727
1.75756
1.40459
1.14631
0.799889
0.885098
1.10997
0.810495
0.576258
0.420851
0.537057
0.605225
1.49251
1.61781
1.55608
1.18941
0.248633
0.553091
2.11651
3.06413
2.96735
2.81294
-0.099246
-0.733008
-0.724299
0.3333
0.179564
0.538114
0.850126
0.720465
0.884961
1.27411
1.43552
1.33387
0.813996
0.0512208
0.608871
1.01598
1.12424
2.11472
1.99468
2.05345
1.60665
1.57545
1.46663
1.2962
1.02219
0.80084
0.407085
0.566192
0.749821
1.42323
2.88184
2.88668
3.13908
2.20038
2.23424
1.43276
1.71642
2.40149
2.57243
2.52035
2.32168
1.95506
1.90389
1.8895
2.07329
1.70583
1.58975
2.24994
2.2042
2.26342
1.586
1.2568
0.73481
1.48916
1.42564
1.29023
1.54447
2.97275
3.06546
3.12559
