182
0.707305
1.78774
1.1428
0.127419
0.707041
1.04114
-1.00894
2.09205
1.24182
-0.0991125
-0.662285
0.573667
2.02305
1.90603
-0.294912
-0.259006
-0.622145
-0.712129
0.714908
0.671512
0.943318
0.96566
0.834669
1.18958
0.475586
1.02369
0.914609
1.76209
2.02836
0.450517
0.0958631
0.539885
0.181798
-1.23726
0.28578
0.415548
1.12501
1.74296
0.339462
1.00746
0.0338588
0.185431
0.309761
0.0431537
-0.459804
1.56566
0.188703
0.832444
2.1918
0.443977
-0.31947
-0.707286
0.912881
0.507514
-1.54701
1.16208
1.546
-0.221557
1.52345
0.389338
0.857146
0.219675
-1.12396
0.501237
1.16173
0.731924
0.137604
-0.199213
1.27723
1.03036
1.31177
-0.392342
0.957539
0.537592
1.03663
0.446261
2.54095
-0.0888705
-0.740127
-1.1083
-0.113286
1.82082
-1.27759
0.0497065
0.113734
2.01174
0.286867
-0.440467
-0.354223
0.527623
1.51425
1.17545
0.833314
0.00086369
-0.185723
0.471919
0.048739
2.05436
-0.545106
0.0200556
1.24806
0.87695
1.31501
-0.251503
1.9255
2.05639
1.69444
1.14133
0.850839
-0.617689
0.670604
1.857
-1.42023
-0.976629
1.43647
-0.0629316
1.05284
-0.0366454
-0.590475
0.421201
2.20002
0.414619
1.17113
-0.757026
0.0206432
-0.70051
1.68466
0.876025
0.978132
0.707947
-0.0670794
1.3095
0.239191
-1.77288
-1.07336
0.887218
0.545725
1.6628
-0.15682
0.976327
2.06124
-0.390928
0.0485599
0.243073
1.22582
0.0447656
-0.45423
0.47993
-0.554651
0.255699
2.00683
1.50153
-0.882487
0.413371
1.16177
-0.160478
-0.785524
-0.628254
-0.23706
0.612008
1.1552
1.8873
0.954971
-0.558592
0.0580954
1.22883
1.47891
1.13312
-0.646109
-0.311642
0.441909
-0.962431
0.452809
-0.340716
2.78221
0.638366
-0.211289
0.203618
0.929797
0.384013
1.12101
0.598736
