182
-1.2298831336963618
-0.6279947630101698
0.5127833950635177
-0.6682626575526271
-1.0553829126792262
-0.04443973596592121
-0.6811745707488889
2.7788541408849095
-0.2106833082324361
-0.4534154893743806
1.6577508114962671
0.6347126737635607
0.5630845897095207
1.4757871734783055
-0.19375631197974733
-0.9262966024827868
-1.211489016597846
0.6787756870807364
-1.260348867009875
-0.10962165645299073
-0.7461972493453656
-0.9987959397145867
1.120068438489996
2.019157729859232
0.96177235838564
-0.36762955043127965
-1.2958377566365604
-0.40680105917294523
-0.3104768917172403
2.6883084406790445
0.8956160410236447
-0.41927661503552077
-0.4531959157178915
-0.7185882811663398
1.1628248862041992
-1.1227259900339117
-0.3859559726678839
1.1994130490214385
0.38698931520218244
-1.388034228248997
-1.3380950073884477
-0.19638946111360553
-1.3240330521092996
1.408588704958189
-0.2558739493497994
-1.746808625069885
-1.466367205365169
-0.252543466400083
0.43294087367367456
-0.24709178937038026
0.04656487112489462
-0.29511426511780214
-0.1399238022528804
-1.0658080233629577
0.07218039330642592
3.399302838557239
-0.3755418601492075
0.308744313984174
-0.281391211619155
-0.2956290898059209
0.15166852456029342
-0.6043086083839649
-0.17534435432000897
1.4633733143226286
0.5123447507557315
-0.028136402248479613
-0.21630562038062712
-1.0079238718489867
-1.1067907225711389
0.43445808166502653
-0.4343384496702379
-0.5943207080786406
-0.4781333045447238
-0.15149578229105815
-0.9484197847157023
1.063264362945173
2.446619415474026
-0.913507879862025
-0.5051296240209032
-0.7428238474562617
-0.2531927793795419
0.04535832702594349
-0.5850142018268251
-0.8886743881978092
-0.3152204503320151
1.0965593172834491
1.4466277812773825
-1.077776582507812
-1.2226984521425377
-0.5109700331788369
0.03098155279859004
0.8865436877717832
-0.8599604724879836
-0.4437426496831388
-0.615170531433025
0.23726292881127986
-0.05350077368896563
-0.6227750902772264
0.8089214396167739
0.18712032270375242
-0.8596317946977964
-0.27393971975173453
0.36084455611232735
2.2741621412255166
0.30250980850782005
-0.4737099937656284
0.24773380818334947
1.2076787456654845
-0.18811540622123119
0.43876474956341205
0.6270188215743084
0.0258383410742216
-0.010511521508186121
0.8340589436606517
1.0276227591628075
-0.6198556808717247
-0.3906573961520378
0.052403145236794235
-0.42868130262873716
0.9359256726416482
2.1932455064637506
0.8768421630521097
-0.49379930648440407
-0.011194220613295435
-0.9442641435632155
-0.0822562358237299
2.450355634626813
-0.4296613572572158
-1.2675007366283437
0.9521896010143504
-0.8978580678887935
0.5699014262463409
-0.4553410633371748
-1.3191683914305383
-0.34267195288687174
1.1938755699076762
-0.26150229824997284
0.7013902309343835
-0.8762816803779635
-0.8548691136789265
2.0439946403706024
2.5733848151922034
-0.7877518041507309
-1.3002529301656862
-1.3823488500071173
-0.12319027504848659
2.3960024838510523
-0.8300418745583887
-1.2228593590704444
1.3369197656813507
-1.1744698242134044
1.631524303098549
-1.5414363599394119
-1.5140714358559166
0.17387870236896782
0.6550799294143153
-0.10137841804712655
-0.3653467800715068
-0.7827225980648685
-0.02898129652565241
-0.43636213159825327
1.9350859491126147
-0.15872247690167532
-0.9669620788019312
-0.4486557210487621
1.0120164676600936
0.9633961380557904
-1.126250184980875
-1.007918004214371
-0.2302219933733789
0.8109381941701563
-0.5095347302688754
-1.324355389994496
0.04421329476936641
0.22975865624526215
-0.13546240910982835
1.5987186446515926
0.21715789766051702
0.008396737926923437
-0.007759183268722748
0.5762712218809233
0.21665414284963863
