182
0.975569
0.0631989
0.0559054
0.86613
1.36693
1.69599
-0.818391
-0.918237
0.580286
0.0343254
1.66957
0.911327
1.18599
0.75662
-0.677427
0.294408
-0.464969
1.40785
0.857305
-0.462102
1.73964
-0.478195
2.08239
1.35731
0.679213
1.53312
0.612604
-0.835416
-0.976167
0.481424
1.26484
0.675724
1.90033
-1.03787
1.66988
1.57118
0.513961
0.158204
1.33785
0.808805
0.89713
0.101527
1.9596
1.16076
-1.241
0.183312
0.387712
1.39822
1.86162
0.120457
2.13092
-0.0660556
-0.782922
0.28454
0.922235
1.41425
1.42479
-0.160233
1.0073
0.485786
-0.484646
0.662502
1.13003
0.920119
2.44485
-0.522938
-1.54197
-0.0610984
0.71032
0.668175
1.2057
-0.573347
1.31027
0.204287
1.63192
0.0582638
1.31946
0.364092
-0.993005
-0.160511
0.882154
1.62337
-0.0849621
0.377205
0.802992
-0.193867
2.4922
0.845778
-1.46627
0.159618
0.932276
0.0486908
1.15979
-0.342965
-0.504501
0.875143
-0.134534
0.636832
-1.03348
-0.570676
0.0193472
1.77921
-0.310857
0.148922
-0.585229
1.49652
2.85852
0.468525
-0.18438
-0.584951
1.95436
0.223042
-0.619958
0.472453
1.16482
0.152986
0.751563
0.438026
0.766317
0.66711
0.239814
0.252716
-0.382028
0.767338
1.00158
0.00901897
1.89325
-0.395127
-0.0708799
0.471837
-0.52543
0.763835
0.476454
-0.0311462
-0.0104386
1.42543
-0.234086
-0.231141
0.27632
-0.481193
0.733709
-0.701752
0.760262
-0.344018
1.74006
-0.723806
0.512088
0.338634
1.26177
1.7575
0.637396
0.549073
-0.741392
1.82225
0.94778
-0.17668
-1.40447
0.467742
0.0288022
1.0919
-0.931654
0.68547
-0.119988
-0.077615
1.10765
2.20411
0.889409
0.38026
-0.600787
1.59642
-0.227851
2.08305
-0.0110823
-1.6511
-0.314069
0.899425
0.209512
1.30375
0.912626
-0.579979
1.30811
0.207833
