182
1.4448
-0.726053
0.418611
1.05673
0.94003
-0.248171
0.00277348
1.9663
-1.41177
-0.488312
0.135274
1.78122
1.18021
1.66934
1.5888
-0.321958
-0.401863
0.709732
1.45112
1.02556
0.681697
0.00447658
1.6966
1.23051
0.765255
-0.598609
0.737477
2.08361
-0.358839
0.699992
1.49161
0.865591
-0.843183
-0.961589
1.87566
0.931228
1.3621
-0.235763
0.781143
0.895678
0.668364
-0.161423
0.207843
-0.276407
-0.875408
1.32353
0.357599
1.57135
1.48868
-0.654532
-0.241646
1.19621
0.899758
1.78786
-0.321275
1.46231
-0.689633
-1.09494
0.884183
0.664593
0.0236159
1.34035
0.770553
0.110866
-0.550474
0.307218
1.4476
-0.824257
1.69099
1.72197
-1.31956
-0.704263
0.177511
0.904626
-0.813543
-1.0891
1.16092
-0.058663
0.0863666
0.706594
-0.117204
1.17906
0.592886
0.509648
1.62495
0.0616451
1.5234
2.24555
-0.408779
0.597882
1.61321
2.20228
-0.556473
-0.215865
0.23018
0.361413
2.34483
2.43134
0.193839
0.523122
1.0423
-0.697208
0.675259
-0.0771207
-1.28464
0.495309
0.397849
1.4248
0.671754
1.56154
1.8827
0.569444
-0.103789
-0.366804
1.46197
0.862388
1.3655
-0.211161
-0.0340242
0.974088
0.833408
0.596035
-0.0810038
1.0521
0.578849
0.751411
1.35111
-0.328388
1.65139
0.0566547
0.219425
2.08437
-0.961929
-0.0426614
0.0261821
1.33587
0.184395
1.5117
0.864408
0.184475
1.66694
0.125272
-0.0598707
0.597875
0.415381
0.089113
0.610118
1.15473
-0.319221
0.330053
0.16978
1.91587
-0.523979
-0.454989
0.911161
0.964977
0.29771
-0.23318
0.652083
0.651876
-0.105576
0.944164
-0.125072
0.163247
0.862428
1.77772
0.800643
-0.325653
-0.69013
0.690502
0.502503
0.110452
1.63196
2.62878
0.0825928
0.753877
0.680073
-0.0600239
-0.601563
0.975961
-0.422876
1.05525
