182
-0.6851685552918786
-0.5981856830759533
-0.5830075371022819
1.8456013296254816
-0.2961845683021694
-0.5945774041900681
-0.6885646620556738
0.11863302323724105
-0.48657469569210376
-0.19333321843698006
-0.1522823411707304
-0.6856835462593549
-0.252696289541242
-0.040308668910137256
0.05895774253435031
-0.4224237182460735
0.0722394996458273
0.2077195681733642
0.4008307607314565
-0.5104184179445286
-0.09258633536845222
-0.565060716152136
0.158681187431127
0.48513332253817854
0.2063296602733812
-0.4713939405364954
-0.5144327894915796
-0.6605118129191475
0.16161915387437825
0.3318553410492652
3.5144556094581496
0.9165823023147588
1.0541298475982008
1.1554056601311578
0.2614123239842893
0.4491826346352726
4.532759574855888
0.04048646433746705
0.09146543862463918
-0.22236161057927054
-0.4477489046549161
-0.18146148429819106
0.15173772938875826
0.09582772254903213
1.6388435565787007
-0.17342850680623406
-0.656679171419911
-0.4485181032576999
0.2898520501756728
0.041196874360353165
-0.0017320361605277271
-0.6865469819820933
-0.1523917019445676
-0.6641534306926098
0.2984920548305861
1.7613224162385885
-0.6443950103101969
-0.3809186416802339
0.052768411060979944
-0.3812528531224682
-0.6552995165196985
-0.36471018405310024
-0.6619372518121311
-0.07337580207010226
-0.5583384928784436
0.5259711714735604
-0.5795129046177457
-0.6095424480145537
-0.42144336103298097
0.43073434826675167
-0.7057795769009899
0.389810777683853
-0.5395617373652651
1.9210687654021643
0.050021832568686794
-0.16968079053751065
0.05249900679302372
-0.6082869683361506
-0.5906781604722015
-0.4559771937428829
-0.6275593336514254
-0.35725620958438775
-0.5242357057488115
-0.4776401977646683
-0.08886327798693937
-0.5227816502844391
-0.21133747020460686
-0.5381682821388237
-0.531437470857319
-0.20083201231859152
0.6329908080466172
0.17663569373708587
-0.5813622873680547
-0.058409912194590255
-0.3867835553325309
-0.22591222060222904
-0.6082240405948435
0.07645121532462783
-0.5754767511038251
-0.4877709908265731
-0.6082588529282956
-0.6142755797792857
-0.5561094864010229
-0.5429621112814287
-0.557034146058613
-0.6918670300118382
-0.6720503570893708
-0.6065410596605688
0.08488462741922222
6.190995116505206
-0.20790305655169367
-0.4635676145771257
-0.5334992263665546
0.06453338653014705
2.2712807389550997
-0.499325598946582
-0.3248637809111846
-0.6049731053093258
-0.4695709179819367
1.266616445239324
-0.5495453360787704
1.6203910462645155
-0.44945589471006325
-0.5317065269593074
-0.5235918899498772
-0.28986067048093905
-0.664952433523822
0.08794010613064132
0.2517795462429221
-0.1697131834449225
-0.16163844010753534
-0.6284037070213435
-0.7521063194790443
-0.10585949075529816
-0.3940868712033621
1.819788229975589
-0.6228081865457349
-0.7185662861584142
-0.5458652462150398
-0.6324045195997104
4.225431976021203
-0.6838788664491277
-0.26525174018683395
-0.6277920671034068
-0.187548857139135
-0.45505675606002743
0.2575578907728108
-0.22918791304181943
1.644910270268058
-0.5057361709245637
-0.4281355557705226
0.5320697872975554
-0.6282879608299569
0.24627021915900488
-0.4435574994636146
0.2660178892042608
-0.6319518014887742
-0.14661448030009838
-0.3426080239622158
-0.6418962419066166
-0.7196936615316966
0.0954144188804528
1.716960445667407
-0.3705437710559701
-0.5271640339840609
0.06532804837188484
-0.7012673807186187
-0.6629264048552792
-0.44536239832070385
4.817259832196035
-0.4859731009397583
-0.46527977246493396
0.3437073150171535
0.34283105160773486
-0.5706223963073644
-0.10820689916803307
0.5773518273819697
-0.39875575290561777
-0.0015329515676675703
0.8141500727857289
-0.49418373997658654
1.1423670515965152
