546
0.475134
1.07818
0.804043
0.14468
-0.447805
-0.141479
-0.0278634
0.467214
1.11712
1.26385
1.48697
1.07798
0.649274
-0.223576
-0.586937
-0.165249
-0.423175
-0.382908
-0.632952
-0.529056
0.601641
1.21359
0.384251
-0.0926603
1.0611
0.949805
0.778785
0.738785
0.611165
1.92841
1.92517
1.07168
0.225777
0.437745
0.867377
2.45092
2.22146
1.77878
0.960289
0.765455
0.519974
-0.0577592
-0.434287
-0.336382
-0.268298
0.203345
0.525258
1.20365
0.105793
0.246172
-0.0204745
-0.332113
-0.263129
0.611295
1.73347
1.34083
0.748138
1.55378
1.95024
1.59857
-0.543959
-0.624351
-0.711771
0.0629218
0.854548
1.19728
0.597014
2.03158
1.3961
0.315703
-0.665076
0.361827
1.68817
2.29528
1.65235
0.413215
-0.571837
-1.28079
-0.923581
-0.541745
0.104026
0.799504
1.11409
0.878942
0.078872
1.20583
1.0422
1.20168
1.75217
0.9692
0.783614
0.979809
0.932418
1.14929
1.53987
1.55005
0.713895
0.447228
-0.107434
-0.823962
-0.902082
-0.751783
-0.542003
-0.202473
0.331339
0.481477
0.318277
0.291746
0.142403
-0.230111
-0.673738
0.362159
0.59939
0.425796
0.620186
0.376922
1.00578
0.828468
1.14501
1.16201
0.890253
0.968176
0.817795
1.0139
0.952561
1.22889
0.886493
0.558439
-0.484111
0.299
0.701682
0.3568
-0.303487
0.864729
1.40186
1.95251
1.32354
0.932461
0.0129953
-0.533777
-1.33537
-1.0682
-0.76965
-0.678606
-0.029149
0.183699
0.121649
0.717624
1.43466
1.79515
1.69854
1.4365
0.608369
0.0978395
-0.0871944
-0.457078
-0.80009
0.731738
2.09374
2.25941
0.370683
0.150427
0.203774
-0.0352004
0.0756027
0.736678
1.22808
0.944091
1.17346
0.847313
-0.407819
0.675489
0.776027
0.490374
0.317257
0.428936
0.512728
1.22087
0.974462
1.13052
0.462029
0.084481
-0.300926
0.271309
0.399211
1.05495
1.57459
1.34262
1.15718
0.912582
0.615352
0.719032
1.02018
1.32906
1.26534
0.768554
0.351076
0.905981
1.47247
1.07422
0.497594
0.132655
-0.620936
-0.759471
-0.334144
0.0616638
0.078905
-0.194071
-1.05498
-1.57331
-1.39815
-1.3315
-1.30417
-0.216453
0.857358
1.58429
2.2517
2.00859
2.35615
2.23885
2.44574
2.00527
0.894143
-0.417161
-0.181689
0.403651
0.905407
0.0364315
0.700794
1.31575
1.36378
0.934327
1.42392
1.4778
0.469465
-0.211033
-0.0759152
0.426299
1.47953
0.97158
0.694669
-0.00450233
0.539693
0.644317
0.758142
0.118976
0.238708
0.959818
0.80918
1.9052
1.30426
0.180956
-0.83441
-1.04298
-0.820913
-0.387575
0.0105686
1.15567
0.833785
0.832564
1.32896
2.00663
1.68971
0.815002
0.197831
-0.0508569
-0.0627154
0.827971
0.595407
0.353587
0.270058
0.389698
0.0948508
1.27946
1.60111
1.83254
1.17996
1.25377
2.28631
1.11133
1.39391
1.06752
0.354993
-0.238757
0.377219
1.13403
1.18439
0.0610423
0.659243
2.02552
2.14503
1.52489
0.289717
1.24786
1.97921
1.60358
-0.563719
-0.791883
0.124821
0.384572
-0.269767
-0.840302
-0.332544
0.185073
0.244083
-0.112548
0.686409
2.65177
2.2435
1.66459
1.13833
1.15292
0.327923
-0.421738
-0.318897
-0.231822
-1.10841
-0.258761
0.0999787
0.955627
1.36125
1.28891
1.80908
1.56901
1.00404
0.453611
-0.294937
-1.04549
-1.15768
-1.02557
-0.997971
-1.03463
-0.874287
-1.03432
-1.14548
-0.854485
-0.431022
0.730785
1.82234
2.36833
2.13428
2.02172
1.75991
1.00398
0.165048
-0.831412
-1.00704
-0.209547
1.35941
2.40749
2.35127
1.06495
0.0693553
-0.562866
-1.14408
-0.452476
1.2818
1.97312
1.68957
0.383468
0.27667
0.834811
1.12097
0.767296
-0.0919741
-0.70668
-0.502726
-0.529623
0.327377
0.465342
0.572131
0.827141
-0.436328
0.408357
1.42433
1.21343
0.550174
-0.587451
0.438976
0.385568
0.073788
-0.855616
-0.937154
0.620975
2.09467
2.73564
2.92519
2.1901
0.583315
0.17816
0.165356
-0.098067
-0.387734
-0.842918
-1.26509
-1.47438
-1.16396
-0.353088
0.598447
1.31629
2.06548
1.53451
1.12482
1.02604
1.44601
1.45549
2.31808
1.61956
0.837286
0.346023
1.0125
1.07679
0.605932
0.102627
0.12658
1.22377
0.904353
1.06287
1.73858
1.62502
1.11545
0.877249
-1.05972
-0.886732
-0.801994
-0.813077
1.00798
1.48487
0.677841
0.733362
1.11724
1.30152
1.43681
1.47092
1.27943
0.632031
0.917971
0.672879
0.447186
-0.093912
-0.612395
-0.646932
0.730311
1.25477
0.894023
0.0651823
0.185443
0.939911
1.07809
1.02248
0.156474
-0.19411
1.0705
1.63368
1.79005
0.618274
0.747358
0.808218
0.649575
0.888525
0.954945
0.668723
-0.144861
0.0203499
0.506147
1.05093
0.509319
0.209972
-0.665917
-0.496452
-0.16589
-0.464955
-0.511482
-0.316402
0.759009
0.616202
0.775469
0.23787
0.282696
0.309028
0.393542
1.27877
1.16993
2.37977
1.85919
1.14058
-0.47181
-0.46829
0.464165
0.879851
0.940229
0.393548
0.0535019
0.0810301
0.363843
1.09543
0.598952
0.0295006
-0.436232
1.32759
1.34343
1.5662
0.501706
-0.25972
-1.01123
0.673853
1.67026
1.44225
0.0493218
0.408293
1.36105
1.8396
0.793818
-0.0515045
0.519454
0.259628
0.75802
1.06226
1.22192
0.172109
-0.573116
-0.563485
-0.22112
-0.234317
0.288923
0.376301
1.08149
0.859107
1.43163
1.49038
1.65246
0.192621
-0.22953
-0.386829
1.31227
1.14518
0.717732
0.323406
0.0735115
-0.223961
-0.497869
-0.725958
-0.159127
1.41754
1.63286
1.39719
