182
-0.48967214170527384
0.6969529527683996
1.900603813742439
-0.7275506132050975
-0.7076944548618797
-0.14668818290106453
0.37833716076047325
1.0949601593736662
-0.41718234535567783
-0.7324293015553954
0.7511773849026329
0.6986131484108878
1.2843490573819223
-1.442000248046283
0.8556652025797249
-1.3845823069824499
-0.49771851264667766
1.2027954694511385
-0.5347255234092084
-0.017117375922317546
-1.131118422371163
1.7501246470685177
-0.792162654207531
-0.9716033414630264
-1.3049705389622146
0.002556291919803836
0.9927796271707209
-0.5178999561540251
0.7691316569594571
-0.40702627299820027
0.41242789640172506
-0.9941195812733895
-0.24043989176053804
0.39334228255866216
0.3180530097157564
1.3201836583814541
0.43407986013920746
-0.4979324577906723
-0.4805261913120334
-1.2163142840296193
-0.8294597347134554
0.39087004820550186
1.3570020603192097
-1.2900583753439774
-1.1880133384321259
-0.5039780311130108
0.2008048666336051
-0.7535579609684846
0.44227730266837817
1.6630847048272157
-0.3630846777771635
-0.06625431556525314
0.3749349676794485
-1.885836202213323
0.9269677147299388
-0.9307295961429437
-1.343345389175057
0.27585899667053776
0.29042903914440277
0.5592293370289467
-0.8435228355401682
-0.8628749272091266
-1.0969321227499784
3.1895723536204565
-0.562715092700295
-0.7688379931669675
0.6949974938399692
-1.151275114859545
-0.35484939675703564
0.10295649352781458
-0.9174883092996883
-0.2136607297368625
0.06498977985447771
-1.4718547447208958
-1.0869930371743581
-0.5755371674783951
1.3598055317098035
-0.027527636618903173
-1.2164458366572364
0.2867225800098678
0.033725975628971935
-1.2450070077010627
0.5308153839389892
0.19534490735399374
-0.35350017847099074
2.323916440403609
-1.020540657870984
-1.3414644016385702
-1.0414196609277757
-0.1724153221326456
0.47016512778862724
-1.196225255315273
-0.8897191391403213
-1.1474479808747122
1.4499694494122919
-0.7755906553968914
-0.23600543237903154
0.40270987369139644
-1.3937321035179189
-0.14526798359392962
0.5123269512487928
0.9931836635221851
-1.2005200461977914
-0.13050496232034625
0.46503163619904553
0.27998420586359407
0.9095908716946514
1.3914296550934027
-1.6211847175805694
-1.1860857394506
0.7950378186979248
0.00801509274865281
1.5287581812886084
-0.7860996207230436
-0.9722361722222371
-0.6238923953824203
0.5010864561986341
3.1486436785735497
0.7785743921067135
-1.1367066162311175
-0.021454273095270406
2.335082627469964
0.15982788914485813
1.466140834932727
-1.4309245501166241
-0.9759209540691532
1.9466613409024383
-0.056543358045661095
-0.022445175053840093
-0.29804518750958514
-0.8023581642417077
0.1539962409962673
0.48955594315103984
0.40302097635898687
0.15410266363652222
-0.2110738292868856
1.4403944654248064
1.0197743030848134
-1.1505849117021913
-0.9621407836782384
0.7071270723244754
0.17310687107635095
-0.8178756416056108
-0.004147850422703891
-0.18296343751625507
1.2461451720065992
-0.47385255729338194
-0.2901281736167117
3.6526454779797906
-0.5936843667187204
-1.289805736974635
0.5596076177779803
1.3342526618282644
-1.3257618961808137
-1.3335257820240942
-0.20570253263379534
-0.32833933382994207
0.8379928720790937
0.5440473842795218
-0.0023375274621114457
-0.4536155773016305
1.4410689453421022
0.451442422791183
-0.4013076591990376
0.6794870679281041
-0.9694799582775131
0.3114424991751356
-0.20429924845985384
-0.42207016641806655
-0.281964985451017
1.3950435142859476
1.0339188552116971
1.0258130862193073
-0.41681575288675204
-0.43066621035858366
1.6038939243692978
0.9133058503400886
-0.051222492342829544
1.2707735379128615
0.14144245710167427
-1.064837905078549
-0.9982916937936546
