546
0.693214
0.433517
0.972021
1.01126
0.832804
0.490496
0.424022
0.163105
1.4785
1.79443
1.82639
1.60414
0.823296
-0.578079
1.28288
1.5571
1.08816
-0.458972
-0.452925
-0.357558
0.017887
0.315913
0.295602
-0.383523
0.178453
0.237225
0.588871
0.866427
0.523334
-0.621151
-0.474034
-0.581929
-0.626863
-0.158092
-0.116781
0.421914
0.640881
2.72981
2.83625
3.10123
2.05084
1.82767
1.25707
1.00642
0.491851
0.4953
0.297748
0.0507383
0.0266556
0.430148
2.64351
2.78478
2.93819
1.19188
-0.338714
-0.443079
-0.397638
-0.450822
-0.422626
-0.660073
-0.347209
-0.140055
0.125331
0.482236
0.735239
1.66214
1.67789
1.52957
0.660596
0.515344
1.05386
0.954096
0.964535
0.368684
0.437699
0.305923
0.377092
0.411664
0.522223
0.358958
0.0793142
-0.0453621
0.466931
0.57925
0.428065
0.279871
0.522839
0.610149
0.780708
0.693112
2.61196
2.72915
2.84768
1.10989
1.02651
1.13533
1.13712
0.845665
-0.517577
0.324278
0.254892
0.144398
0.488638
0.396542
0.321206
-0.0894713
1.39334
1.66326
1.42147
-0.299779
-0.0884708
-0.342259
0.346776
0.0991919
0.0127649
1.56943
1.85234
1.74618
1.20107
1.37615
0.511061
0.474725
0.478687
1.37424
1.91657
1.80174
1.61732
0.37927
0.147129
-0.141638
-0.439023
0.119408
-0.253732
-0.221156
-0.290542
-0.207693
-0.0608402
-0.108037
-0.161424
-0.260766
-0.0971683
-0.480388
-0.667238
-0.372222
-0.282619
-0.158467
-0.277624
-0.597091
-0.51142
-0.278869
-0.349292
-0.455599
-0.301698
0.0152223
0.382126
-0.247559
0.215871
0.125592
-0.0509212
-0.0441542
-0.140718
0.134429
-0.44739
-0.40981
0.690504
1.16202
0.882082
-0.152197
-0.197026
-0.525197
-0.355633
-0.401894
-0.419118
-0.683415
0.0383701
0.0454255
-0.246641
-0.324046
-0.00272304
-0.0545127
0.406797
0.520852
0.296718
-0.712781
-0.45496
-0.463224
-0.601418
-0.38342
-0.197846
0.0449522
0.0238177
0.258221
0.292607
0.361023
0.0775649
-0.263539
-0.519364
-0.664926
-0.633527
-0.616741
-0.534343
-0.510342
-0.427915
-0.287213
-0.149997
-0.0802058
-0.0207415
0.223021
-0.308777
-0.424519
-0.458939
-0.448944
-0.312535
1.05792
1.40626
1.434
-0.49339
1.40327
1.58525
1.16758
-0.56432
0.418155
0.716399
0.726233
0.476465
-0.42411
-0.46313
0.146701
1.57489
1.82285
1.62415
-0.762885
-0.325569
0.0832355
0.288529
0.318257
0.1803
-0.0895743
-0.260041
-0.452357
-0.387971
-0.146315
0.439578
0.50972
0.0143545
-0.47178
-0.491104
-0.593852
-0.565808
-0.563164
-0.255071
0.483173
1.53144
1.86582
1.77301
1.49711
0.745453
2.35871
2.48404
2.21578
0.981098
-0.225171
-0.340497
-0.0478589
-0.218309
-0.20821
0.262968
0.294971
-0.178721
0.020887
0.0601908
0.165812
-0.527009
-0.506593
-0.732367
-0.597436
-0.601274
-0.657146
0.215887
0.433423
0.27898
-0.571791
-0.058825
-0.0130732
-0.25639
-0.53656
-0.63384
1.21561
1.53482
1.58705
1.78663
1.47988
-0.836266
-0.865109
-0.686326
-0.70993
-0.547279
0.0423295
0.188049
0.0308631
-0.716534
-0.778776
-0.788483
-0.643758
-0.509269
-0.408977
-0.463867
-0.319191
0.0685373
0.115638
-0.259504
-0.467422
-0.443859
-0.385288
-0.781015
-0.179299
-0.0436759
0.0903072
-0.423401
-0.242474
0.0809504
0.365603
-0.0860048
0.298104
-0.179913
-0.242698
-0.330651
-0.200719
-0.428123
-0.550217
-0.549292
-0.566617
-0.130409
0.313552
0.310419
-0.010306
0.0397535
0.140275
0.11992
0.0991194
-0.0486147
-0.447195
0.543134
0.795703
0.224608
0.0758603
0.080062
-0.08326
-0.090627
-0.365428
-0.405487
-0.448061
-0.552529
-0.27497
0.563648
1.19099
3.95494
4.0754
4.07072
0.393337
0.0452501
2.1062
2.41892
2.34525
0.227019
0.210044
0.070498
-0.408962
-0.511383
-0.23442
-0.169387
0.989227
1.30557
1.15038
1.13606
2.12697
2.19422
2.05403
1.28905
0.704172
0.524038
0.937279
-0.339413
0.0173689
-0.21285
0.481407
0.693467
0.337099
0.116519
-0.360871
0.0536931
-0.531842
-0.608468
0.129723
0.652467
0.591149
0.460735
-0.670796
-0.591109
-0.68866
-0.603361
-0.715067
-0.562264
-0.60762
-0.461214
0.931602
1.48434
0.873007
0.310274
-0.0155094
-0.0374371
0.0213107
0.471295
1.3193
1.36276
1.33734
0.517537
0.484279
0.577791
1.29581
1.51587
1.22316
1.3636
2.31254
2.25853
2.19221
2.04967
2.03487
2.2836
1.65199
1.7533
0.0708337
0.00439109
0.107305
-0.514398
-0.755063
0.360821
0.157521
1.00646
1.3232
1.17401
0.935945
0.100594
-0.354619
0.0958527
0.165897
0.0479662
-0.205247
-0.339027
-0.289862
-0.158972
0.164236
2.45288
2.66713
2.79209
1.54938
0.363566
0.509317
0.433828
0.398533
0.170573
0.272537
0.299881
0.593313
0.454213
1.69978
1.649
1.57375
1.50832
0.561575
0.581239
-0.264414
-0.236789
0.434139
0.354808
0.146818
0.520547
0.493362
0.265228
-0.426859
1.11037
1.24708
1.55896
1.97044
2.29813
2.29912
-0.00368449
-0.478432
0.602714
0.674762
0.255912
-0.519917
-0.404241
1.01815
1.11686
1.35478
1.2519
1.27831
1.07345
0.209492
1.59338
1.8273
2.00308
2.22159
2.10251
1.96426
1.77131
1.94983
1.84318
1.61026
0.933718
1.26121
1.00484
0.959985
0.377466
0.151184
0.545966
0.631139
0.476289
-0.33445
0.165577
0.398146
0.389297
0.62967
1.39291
1.2997
1.19167
0.0494487
0.0912501
1.66706
2.06306
2.10907
1.92244
1.92369
1.92169
1.84068
1.27875
1.17799
0.481351
0.346966
1.25205
1.17869
1.66843
4.32716
4.386
4.37334
