182
-0.9749245505569362
-0.48342893577417595
0.6266955390098715
0.7584487989074365
-1.119168295555886
-0.04798634296392383
-1.0647613560830527
0.07523785481557783
-0.8972694888225535
-0.8812175669102211
0.562748160470403
0.7616425630745468
0.7054769072311103
2.4351672283532997
1.943906179203764
-0.7203435048348176
-0.31997137614088345
2.143645754876663
-0.9918201148624337
-1.8903561380888216
-0.15186400330072322
0.2500177611463883
0.7087914251758053
1.146367019371552
1.9889794626156616
0.0790340171438732
-1.4217254924272464
-0.2631746271527983
-1.399469692601045
0.49282353595380857
1.4248945916653144
0.5553643993150477
-0.9951956179517031
-1.5679826470334024
0.6112176599573675
0.40051643873645254
-0.31774006472389865
-0.7387113671938242
2.013001069920756
-0.5080241422549103
0.42230155565574135
-1.102916255365285
-1.0352418231935503
-1.7510418795258835
0.9731171112082782
-0.8763106295831418
-0.6515303686426963
-0.31475215432466264
0.5271921604859797
-0.16313644901927749
-0.30902830156723227
-0.349039365647546
1.8053500635417514
-0.9036847880375747
1.486245752367325
-0.16038840882437708
-0.8401996264215341
-0.6595074391335137
0.873577972596462
1.1333290362450412
0.8416430241667985
0.7613036711322955
-1.17347850194751
-1.0624720356084298
-1.0300501674663638
0.06908191078413395
1.4441421717662186
0.1952022535453184
-0.8210341732581659
-1.203203263088618
1.247774853168623
-0.3569717892705186
0.26171393285484557
-0.5305011470502715
1.7457722501750663
1.3489033752992576
2.0296686681740117
0.0058996115872398305
-1.889963473563309
-1.16721256015243
0.9917476406841973
-0.13990113448319846
-1.4055959263070836
-0.8259833530777123
-0.8275029812253877
1.2155729450065593
0.04635166588021533
-0.14391656038383535
-0.4988867528540545
-0.016832929824045113
1.3676928552837233
-0.6366719734585129
-0.6709310317310245
-0.2914641013901026
0.23310232576706338
-0.8133390619724469
0.5988555087712414
-0.024082326457512612
-1.130298383854729
-0.5563937765858146
2.115028881564795
-0.2250206875880301
-1.330424401911715
0.2751282236285531
-0.9245609202118538
0.04374208810742333
1.527682004822144
0.34447628865679464
-0.12747711899325911
-0.7936970904106134
-0.9593572146620974
0.15557485216188835
0.7110621461392039
0.5667703876521071
0.7854514074584019
-0.6298094561359956
-1.4293562326185258
-0.772699358080199
0.48946090316746854
2.277753866050278
-1.3604444386301666
-1.2614402970682441
0.20075220457911308
1.422768663289332
-0.49042768122539027
1.2970387756937856
-0.43988896314257686
0.6820291802685304
-0.796215553343075
-0.3465577179440082
-0.8542977033197187
-0.8658888804834718
-0.8420797828695302
2.125413071348353
-0.36375271597798364
-1.2572691924105728
0.04006533766266606
1.9183112617746791
0.43320092204354405
-0.8593299791726411
0.017437133632611783
0.19319534842535627
0.43262725065113516
-0.5458705062280738
-0.32978472019621435
-0.518717080358099
0.19595046470119284
-0.6771197831640584
-0.7589058621751329
1.8729778602633393
2.692395890792568
-0.008531875109515983
-1.7535381204444969
-0.9207455967940825
0.4667073177728714
0.5717062610840604
-0.2584359214828198
1.0059127751767207
-0.8555046178114687
0.16406811676812738
-0.2999243426303669
0.6389645805782843
0.009574945541333932
-0.2768730403376811
-0.42561677308709883
1.3960023987150214
0.42892182400551787
0.40243835461671706
-1.0710897673908515
0.5219290836806442
0.21546310084483514
-0.7460518646952424
-0.5928578744913242
-0.2629449457793376
0.049914985392740745
-1.1086092033750055
-0.7174163623991489
2.868198098400541
0.4432347213052862
-1.0569060876969318
-0.4202372426515741
0.3154275325186895
