182
-0.9030746824406081
-0.2527505126662312
-0.2582377055737998
1.1808053130094869
0.7450176669242755
-1.136015920518371
-1.198633426361973
0.2485470922528624
0.8160834192948129
0.19130478847885363
3.0926601615406257
-0.831485166236633
-0.30783147701151514
-0.39335065294406496
-0.32037768349800816
-0.26549480392351565
-0.1754905479820728
-0.2784304309262984
-0.3634068432759957
0.5306989337565745
-1.1460454267247573
-0.9220568435726921
-0.6975975411611105
-0.04001919138079708
-0.08075446793327906
0.4435598833718015
-1.550804864243537
-1.0906435754654606
0.047471624807816186
-0.7237802820949641
0.25897288991822054
0.9837240666344959
-0.8471198083813801
-0.7100398123808398
-0.8312585456103426
-0.558014827259013
-0.7367964413767845
0.8427743861956285
0.11967529413681516
-0.7639851485458793
-0.7933610489335545
0.4096006170195186
-0.776094242307358
-0.8538059589227321
-0.4148665167248093
3.541138054533325
0.7641510695016814
-1.012164124916506
-0.5433165039129476
0.5838512735399768
0.709651429090239
0.059758699097583884
-0.8195865497626601
2.061704601717687
-0.26029792821401865
-0.1585182878970902
-0.4439304289943087
-0.38377861369110067
-0.05666115210574552
-0.9090175061579482
-0.013867245208803745
0.04017290339932799
-0.09404959536413054
-0.09814329291364235
0.701508644385298
1.3521020694719377
0.625400295117379
-0.03557738534832057
-0.5182303147726124
-0.3688496820621887
-1.4904213877123422
-0.054212876576532475
-0.06367430863401954
0.1351183181691819
1.2289158597346825
-0.7434291646511971
0.09434883452279799
-0.5046114407017234
-0.09204476663774515
0.007197878069885708
2.5496948765211376
-0.09056909973411097
-1.2882368871363818
0.6674413533218897
-0.2010740508444891
-1.2306705623661987
0.4043838691887046
1.6268395043178931
-0.9029781522077531
-0.9031498569064643
-0.39131296560115336
0.020646652090586512
-0.13979156121009118
0.9518727860780243
2.5071075270666774
0.4700484765581332
-0.9256667913984564
0.5168034035474374
1.6844569195527705
-0.9151111475761886
-0.6153572664036185
-0.8829058014828536
-0.007814399211995591
2.849313184693615
-0.6416177353120778
-0.8030850291960501
-1.3552898784132195
0.602289727089425
2.7074757835991243
-1.4540546850258487
-1.4956820101167978
-1.1619144346846293
-1.0689389337363169
0.5622110777367022
-0.6321596166390355
-0.6912296329337092
1.5018084434130183
3.2978439865664972
-0.9869839784896394
0.02657731816672474
-0.8501871369520128
0.1397157160904561
0.003487276007707697
-0.1395753091901275
-1.2978197292497333
0.4628372001317616
0.037176517123850616
-0.6086559268538311
0.03428348334272227
2.8027114931042276
-0.7891536686928661
-1.4410756453760383
-1.6126990068857332
0.8904752843619113
-0.46642401626918867
1.3806492272734703
1.117288381026565
0.08282553554348172
-0.5086508377804214
1.5439485772393393
1.2120177293398275
-1.6326292413710484
0.23150566301997436
-0.512617006292631
0.49287243655855173
0.14396193891289577
0.544286174134633
-1.022604515174605
0.1055560841161617
-0.4974601985468374
1.0826382369367051
1.3874491359947712
-0.9993347193795669
-1.1833145169877453
-0.9079151084261647
0.38849394172415447
0.12349259227293226
-0.3411376742003834
0.257465964008231
-0.5874348776162621
0.01733900169513457
1.713438024858481
0.824716137477629
-0.25951524731987957
0.170792199203127
0.02416305651258655
-0.4835981377717313
1.9772819411381786
-0.6635840958048247
0.340707328929443
0.0919813565147444
-1.0123466469559403
-0.24323028760260043
-0.19776969085835178
-0.5260712183103072
-0.9607432860349843
1.2675298079102228
-0.38960626982167745
0.7808458487324968
1.5376726277745245
-0.10178497502095565
-0.06579645622458205
