182
-0.118336
-0.0684195
-0.49622
1.83626
0.659129
-0.217534
-0.0401502
0.192238
-0.154612
1.53092
-0.321736
0.669122
2.29186
3.00542
1.5285
1.26232
-0.21017
0.481186
-0.272532
-0.749231
-0.853575
-0.753181
0.200652
0.198688
0.763555
0.309248
-0.606419
-0.255687
-0.266262
0.280231
2.07039
0.479691
0.357579
0.277052
2.45332
-0.509199
2.66145
-0.477388
2.18183
-0.644572
-0.55126
0.118454
-0.41467
0.50999
0.40587
0.0194099
-0.367703
0.447057
-0.407508
-0.622579
-0.0424911
0.946763
-0.0389677
0.156483
-0.313591
2.56646
-0.326145
0.0648417
-0.693576
-0.378262
0.260913
-0.483982
-0.421435
-0.159839
-0.542644
-0.273319
0.352858
0.642609
-0.566021
1.58775
-0.564056
1.89156
0.658829
1.53825
-0.143363
-0.247034
2.60585
0.565276
1.18552
1.54469
-0.136042
-0.175047
-0.146204
0.101286
0.467343
0.825789
1.03948
0.421587
1.19697
0.6981
0.148338
0.273579
-0.0992497
1.80313
0.959258
0.209871
0.621512
2.99021
0.397121
0.121081
0.292008
0.284377
0.148091
0.158616
0.0717804
-0.17716
-0.124008
0.701396
0.434167
-0.310893
0.74447
0.329742
-0.0461295
0.715899
1.69895
-0.18134
-0.173204
-0.00734632
-0.261694
2.33305
-0.454233
2.97973
1.83844
0.409544
-0.159
-0.0269111
0.201326
0.824707
0.914265
1.78662
0.656248
0.114356
0.331663
0.849602
0.809187
1.13572
-0.347483
-0.705318
-0.35852
-0.288886
2.78745
0.478022
0.332299
-0.505522
-0.317227
0.519591
-0.427209
-0.0860786
-0.489701
-0.474405
0.269291
2.26884
0.56328
0.380362
-0.286854
1.85718
1.37108
-0.0264788
0.463873
0.0113871
0.711707
2.56609
2.02946
0.540421
1.13145
0.610506
0.505304
0.404521
0.423539
1.35449
0.871625
0.909867
0.749625
0.889972
0.765889
1.89508
2.16019
2.08279
2.24904
2.36991
1.35706
2.77781
