546
1.081661767200538
0.2916655520431851
-0.14226913762149582
-0.796999913773598
-0.9672658787343471
-1.4822890929059032
-1.2736356793428865
-0.6838375196588365
-0.5052841971345844
-0.18162346501015578
0.7598211007485344
0.476517949086183
1.033715463679438
0.812663539007699
-0.014369051365826696
-0.6870314260727746
-0.10078993454940606
0.12045438859681956
-0.3658012587894569
-0.5286377220110793
-0.8990982113718194
0.6457066116607864
0.7350453202082619
1.070234187659904
-0.09066997510112461
-0.5145371748427582
-0.028886818985082576
-0.8697859001266177
-0.23433095939588197
1.1708669083985168
1.5183301129148563
1.9250317167556623
0.8139070278695246
1.2884584148891822
0.37809340800772034
0.37832063246671166
-0.2357325085123444
0.9304911434534459
1.3977346669710502
2.454588394418766
2.54598523767248
1.9208055348868645
0.27947770407583516
-0.8070792193956656
-1.2158732405728552
-0.9619145159066264
-0.7447776391016439
-1.151856154680311
-1.3844228714587599
-0.29094677359739085
-0.5001046568200586
-0.28527186602336035
-0.9097559476550788
-1.1100872016093928
-1.3468155112053464
-1.2538180789338078
-0.9718606514704728
-0.3453819545842167
-0.30733179226565244
-0.0036392716372274547
-0.582623600616527
0.8877689625802441
0.19364437484180916
-0.2578480553311281
-1.4921435440088773
-0.9925349360941743
0.37776390905451507
0.73425166945718
0.7497294575177568
-0.10450067103236568
0.7558205993777558
0.9522589941199111
1.3047829017118011
0.030979196193029274
0.4237308181633501
0.6815432616952013
-0.0743653231535183
-0.28119111481712067
-0.007798942209131619
-0.6155544306514918
-0.6891235416248969
-0.09342963523923616
-0.3744815449707903
0.2105217243835086
-0.3022110609008928
1.4186471657807094
0.6557296704718867
0.7143301806070967
-0.178958587207282
-0.027406614980517104
-0.6166949502579331
-0.06999983136897536
0.7901325062951523
0.1474250686569476
-0.00401251871697966
-0.571481936501926
-0.44188946252113764
-0.6191445303264695
-0.39209489453619883
-0.7041595830260222
-0.1192091428090909
-0.7597280508687468
0.9103281947121595
0.03533312517019107
0.11738754356901641
-0.7565390858609844
-0.5780547154459698
-0.9023421805509468
-0.5751864618515393
-0.4266387494499534
-0.5658820944326255
0.7534337122864119
0.47516656084546977
-0.5034251179827283
-0.810377564614154
-1.1630868446317435
-1.2818769292419079
-1.497898117932912
-0.9514208025372061
-0.03568506707755699
0.5543014227661157
0.8621343139334329
-0.07256433695209868
0.44288851822594544
0.4757831152900032
0.20538562253514803
0.2763554391019041
-0.15352151695907482
-0.24745091955111764
-1.0113543106949499
-1.0659278425142766
-0.958071786144428
-0.6457949278584125
-0.4759677560186924
0.159074508703585
0.38764884046381026
3.021439679625879
3.100553030646059
2.3937276462000385
-0.3348458220379971
-0.33385555927306887
-1.1258797463840955
-0.9486142562937948
-0.7308018526513664
-1.2613730621937542
-0.9886781455783
-0.6545846695252471
-0.7260022824336246
-0.07175304100682059
0.6175004695197889
0.1639481398907376
0.02649158518843673
0.5675941613824438
1.1889251681222144
0.6546493604971497
0.0045598856236097616
0.31007492907302403
-0.6966684936430982
-0.6906184343884465
-1.520514329242776
-1.1980762922313164
-0.4716858223179377
-0.30763768252943785
-0.3234279665912515
1.1374838175464121
1.0909392575243997
0.8223469332759149
-0.3074315938114265
0.8231525258708929
1.2869812938927887
1.062017580620795
1.4165188961204553
0.9615255074505307
-0.0908418763131116
1.7033485528087506
1.2478214206354197
1.701851856220619
0.32698630678363827
0.09048573442938071
-0.3339694632117931
-0.658873808541846
-0.6768926349978869
-1.2837031674496053
-1.2077133959197928
-1.6817090454760275
-0.9253636606790054
-0.680905571850135
0.7547722576783863
0.9604532114239795
2.4429273044105093
2.0400622425307064
2.1618795195670044
1.5621395800729316
0.3268911430960051
0.2949030218354635
1.0040631002730365
1.7059945545139448
0.3633408545743075
0.16503171425840973
0.3638077506528463
1.6013071245046777
0.9985619758239487
0.021995254790681366
-0.8842383240642872
-1.337134547269124
-0.9405670698371618
-0.7452523344814694
-0.3427382215209786
-0.6298283403952929
-1.0070402017338245
-0.8591134475989667
-1.3277201242950787
-0.5358443292367221
-0.5486067278456142
0.22639412800937345
0.2209358879210836
-0.3032840880397132
-0.6495276600591762
1.201443837910761
2.1750421336684935
1.7736116818364833
1.4594168094082978
0.2939443899242295
0.24489122720804085
0.9482998960549366
0.506126202158482
-0.3318178375299595
0.6168511184906682
1.31714376128497
1.3334269288534863
-0.27435032892681754
0.23454916770153367
-0.6354577352974127
-0.6420251541729801
-1.1333181372577803
-0.9815916551571805
-0.6504004212525301
-1.2735263371249972
-0.12040840907753006
1.20855261667118
1.5196722904144133
0.18409475631815617
-0.10891598237626253
-1.339330272465771
-1.541961713057915
-0.7617949740618624
-0.7911930592896106
-0.4158091159230945
-0.11188144446867376
0.07222403202396639
1.3217421628243813
0.5251187832691532
0.04485909657900731
0.04241550542459641
0.2953738222835629
0.4498709337895261
-0.12380696287296478
0.06112926946585945
0.21303134794774092
-0.16852952865261178
-0.600224126423159
-1.2139215499560936
-0.8491643776165045
-0.5514678972714284
-0.41930753499209084
-0.8529464595168461
-0.8733175721052201
-0.19239239408263703
-0.2990807413885495
-0.053505370983616775
-0.5092196413943405
-0.6477524745748966
-0.33142610417335955
0.3013353139326021
-0.15104067989146217
2.216215711835416
1.6114715027214923
1.4571442701238486
-0.7268613833544241
-0.9125239900869608
-0.472646679123071
-0.4468859030671397
-0.43018134473579983
-0.19098137089817652
-0.8973826729850297
-0.2915920189753316
-0.32584023581174915
-0.529900192584865
-0.6386637651574741
0.38438293234221954
-0.14789041543599704
0.3941943869587193
-0.1420569738877583
-0.16760701680631077
0.10790318224696649
-0.033661006616900455
-1.1308005948772069
-0.8440065540000943
-0.9213358926197018
-0.5614253278146655
-0.8534387243219568
-1.257804522390066
-0.29960242351521227
-0.28112576025872404
0.564336421634977
-0.41069737313047466
0.6625186725250397
1.0453998569194751
2.1539066713952475
1.0742467873700057
0.9095105207409433
0.5548743169578673
0.26487196360533394
1.434188295642068
0.33445079220770024
0.33565126907027404
-0.6801345270830306
-1.1454372930336427
-1.3063313117281043
-1.15800239896529
-0.38623911362865476
-0.18913460914164684
-0.06466484603703582
0.06978885913899141
0.1636744694684527
0.05541539176581222
-0.5631559270486052
-0.9717543313375276
-0.6210718232201917
-0.6522077032096688
-0.789565182489723
-1.1481399871188107
-1.2273086767889958
-1.0022777977885018
0.06921196441417662
0.006733755158996813
0.10426991642111991
1.1249540071283721
2.082668241722802
2.3939159730632604
1.6080892237591256
0.7535721289334821
0.6318560000086773
0.6486365169735474
0.24464957292453654
-0.41515269519433745
-0.6643349146192715
-1.3431844524019871
-1.304564783984357
-0.4614828841923286
-0.9939253726137888
-0.4429018198458271
-0.4702743341970212
-0.021647334759438763
-0.15727349961212095
-0.1351041561752259
0.9332163990976012
1.6617612781777376
1.3667753524408
0.5073562394962737
-0.8787247051642209
-0.9203006056775784
-0.14818787124256966
0.1851440224419675
-0.23628198966059571
1.1022372229227022
0.6991275880051329
-0.11137284320311391
-1.1052143048219882
-0.48549562108316985
1.0905436708671439
2.055875879804116
1.4360409322568113
0.5515306765509191
-0.06465761855240867
0.34896702656138584
0.46439506609166215
0.18610038276246915
-0.24048042410835638
-0.3880606609965569
-1.0391423481633535
-1.425302415650905
-1.177843481554786
-0.4658089098121904
0.3813880764263279
0.9513835368070933
3.6061683660429584
2.8560805270359757
2.601411364893368
0.14222758049519765
-0.819187405250458
-1.0182370505255915
-1.327026217857691
-1.4447908783667107
-1.258094295549509
-1.3542148442604474
-1.4112108136342172
-1.0257303605966934
-0.49850792312721115
-0.3096052713456184
-0.6732682089777988
-0.696273256812464
-0.6633512666877257
0.11557900753027217
-0.2340850447775924
1.089375285527086
1.2478725945244356
1.3194315809416706
1.5015916448959137
1.4398277527642196
0.8717308158689435
-0.5762497686139678
0.35671187230652596
-0.08371257962340221
0.2340236957193067
-0.20494445697651376
-0.5293652921678174
-0.7490624177570729
-0.9780414798048305
0.20096189445429397
-0.1985191190174261
-0.22408857055433548
-1.6530356248755904
-1.670454891131814
-1.1769068922367878
-0.7772826743896885
-1.1559180061623109
-1.1099276524380364
-0.9795768323689378
1.0301844331937537
2.394081698744234
1.6221891157971724
0.6815284804390205
-0.8111793981020434
-0.42233177728137467
-0.41128579342674865
0.2151708062492392
-0.45861170840930754
-0.7048850461849074
-0.33683463641712913
-0.4592737505663913
-0.2366840368054595
-1.0349391827967136
-0.5143560835564851
0.4409495528332626
1.499751565752321
0.6044733489658649
0.24901963239012334
0.015494222741884113
-0.19154908413680505
2.117891114874773
2.448129908441155
3.9258949444927103
2.799988822088076
0.7086337701144283
-0.8689120004647847
-1.5109363905344182
-1.5316512401556328
-1.4708922883594484
-1.0377341614645421
-1.4430073635714675
-1.1211722642161077
-1.6805358148158476
-1.045158601913673
-0.4391785438769251
1.054204880945708
-0.02167060188190215
1.397801206587599
0.48266874197892384
1.4920414420312942
1.0218785765371643
0.5383296418427425
0.0044009387596299155
-0.7470492006813756
-0.2337344542074772
-0.6432137429930641
-0.4746142392092273
-0.7530029352452258
-0.40131997341817444
-0.21684378458391898
0.4437201963019586
2.1758969206838676
2.19364643910742
2.962138855008924
1.5953327082135589
1.2223609788177006
-0.45844680832954093
-0.4935692268953799
-1.1058841933290964
-1.4554197270907216
-1.1839767354527695
-1.241196230235043
-0.9494633832035545
-0.4057246964955001
-0.40401003318000983
1.2992145924955827
1.9987415234785282
2.499052276991765
1.2945272764332685
0.006811530137727589
0.0290424915243155
-0.1734285767571979
0.8230661204257567
-0.13268758488568963
-0.06447348015377025
-0.3789380156479034
-0.6051444862184236
-0.12736765684230594
-1.0427926135785865
-0.994046799742072
-0.10202693896858936
-0.5173702263198542
-0.8456903493801167
-1.4219929799896613
-1.284769331880005
-1.1467172993612493
-1.08904194066987
-1.5335792541591329
-0.6915894907435917
-0.6540139718617239
-0.5492860257624916
-1.1156930199459345
-1.053100902058305
-0.2899516914611273
2.088301070853254
3.267317343053846
2.095569938223205
0.15015043128832523
-0.3135293214971215
-0.5779679147519957
-0.14990456519014073
-0.13954034942322158
-0.8528086458855568
-1.2512713060520684
-0.8670414867426388
-0.4862338969334847
-0.15167508333375918
-0.36245969712137543
-0.06624551539749368
0.49477658150634546
1.1515323265482207
0.04135149697283611
-0.8528591458686307
0.2865399266160691
0.32035310512658616
-0.08321609310503221
