546
-1.2732298838014366
-1.4470907750210744
-0.40670241718130357
0.06403335218199496
0.7824889968953532
-0.8655096863325503
1.3868742366325455
2.115991948960369
1.407175990230257
-0.7640604996352743
-1.1641660858493663
-1.3010391035665319
-1.3043526513231953
-1.1688838390412168
-1.055757459358974
-1.0751867840456464
-1.2261601022678144
-1.436744411996963
0.8505544719664628
0.6456577496932695
1.8328831151734168
1.0924973559077913
1.4473240995289522
-1.261967118482259
-1.337954407059486
-1.2190366357061408
-1.0378413967553752
-0.9488518841786593
-0.6614106810378518
-0.157520072685501
0.4492452062747832
1.1655474305419997
0.8230795501475889
1.069502290560923
0.5207405911562902
1.5078018108332591
0.637893017232453
0.5083639431629685
-0.24118024397452795
0.41144308081943093
0.9083986909346483
1.5791835631648972
0.3914108955363587
-0.09611637259668901
-0.143956693400668
-0.1968629262487295
-0.6283513456573154
-0.21910310776484362
-0.8421190331712494
0.2860379545505525
0.3189572245261536
0.022524278494753695
1.34990968744175
0.5355548032449616
0.11430082472987586
-1.1513160111728862
-1.301458838876577
-1.4505589599090194
-1.3262805506739421
-1.326935624585404
-0.34053879463835973
-0.5099780479142704
0.03427418474401103
-0.7349271122902459
-0.6017750577045289
-0.6308017847539318
-0.8133178479993983
-0.6313864225819072
-1.0879289490842243
-1.1060150319796154
-0.19402156807199258
0.7834645763133171
0.22276082225361854
0.5503724690672306
-1.4630144816852273
-1.280546776238297
-1.081360424031031
-0.7246928924318456
-0.29679991030572994
-0.7219518275517114
-0.7601341304744028
-0.46457468326837303
-0.15372910105877297
-0.3495833633956715
-0.5385779823704114
-0.23127807537197836
-0.8053861202445264
0.5892404375582065
0.628213664546155
-0.059441852990778116
0.849293575366042
0.30111669236215005
1.0556668169862993
-0.06518087281100696
0.5562701835550775
-0.5070620513874936
-0.20605839212231697
-0.5918643748694858
-0.7716600237443538
-1.2918723964536631
-1.0945506238702227
-0.10079753604456411
0.6426818825332167
0.19913691970795275
1.926239678496565
0.13016539882504236
0.5617740716333539
0.6527795529106989
0.6902423933698221
0.6049883346404049
-0.5565451940514304
-0.5417194440188525
0.5758559291993212
0.4394341564369828
0.8391068380217922
-0.2872351507127173
-0.8824252914895953
-0.5594661023234228
-0.21657132218979472
-0.7400885801165846
-0.9154958528359356
-0.9900311914272879
-0.2967331323577158
0.06706467942230399
3.111028463707363
1.9122098527071822
0.8117036188261739
-0.5776685777276807
-0.8871863087478918
-1.1824428161466776
-1.2892891825311559
-0.3479312170070292
-0.023136894683276017
-0.3794887520967576
-1.1169290727674523
0.04617630538895828
1.08775941258171
0.3944631849407028
0.5213966965667238
1.1815904256333598
1.8645507085136637
1.2771863850766016
1.863192367321627
2.7434986095289706
2.77071523405343
3.397663572265253
5.668624035015717
5.084365836614237
5.217826609432008
3.8000760051145757
2.5329352396267377
1.5099707444504
0.0811054904534158
-1.172318335561318
-1.3082452358709449
-1.1413712294738507
-1.0785427779682397
-0.19055109025713063
0.035548836274400857
0.578616245371883
0.1590982950045594
-0.2720261677837395
-0.4985512446649446
0.1556013991930556
0.5244996028418465
1.1836281769137766
1.7275683149494945
-0.7786576849659258
-0.729909172358917
-0.016945040753344
-0.20095616700373273
-0.9158297814898915
0.36298927878690895
0.2597484653267206
-0.3658455327899618
-1.2767549075141593
-1.069479511388917
-0.8877997528912404
-0.0763414929983409
-0.4152883089769129
0.11367195149327053
-0.9465206118108985
0.267546199558038
-0.06973020170310562
0.21876136154087197
-0.5300152470324894
0.5212882315807885
1.7812111598899916
2.2177287784201725
-0.007890525548553256
-0.4556551796110552
-1.046468674601575
-1.320360269780007
-0.8639655723675704
0.5377714231018365
-0.2445793648011729
-0.49184980478560836
-0.8900012326816881
-0.7794404872563847
-0.5978002872812649
-0.47543426870499167
-1.323064236793878
-1.3934017914503896
-0.21985671206648402
-0.3225354994551428
0.14274045188070897
0.22488478608262313
0.2777770581125826
-0.14065744537181396
-0.4500638107824317
-0.38465921038859197
0.34531245670725413
1.1111360447639376
2.1961595161938963
1.9858869833150878
1.4954839437863872
1.3596207790513937
0.4609329582143949
0.19674852703232468
-0.34766485819109216
-0.36987332680514234
-0.7649667439000277
-0.7054937009356741
-0.06662128461332903
-0.7120830112505032
-1.0725812208955796
-0.4720028008023219
-0.0936602340925637
1.0548591369144238
-0.22747167225695625
0.3089766735191587
0.21801933785303584
0.18096293302489605
0.9082882767324643
-0.8783950439627191
-1.06723907537037
-1.0544358710910147
-1.2087056458882024
0.47670194350935696
0.12749399249516033
0.1297062428892969
-0.6473436057455626
-1.0277459023438507
-1.256342834753217
-1.1933423080700303
-1.3071845112534077
-1.195406361448425
-0.40951376622584995
-0.4012440034540168
-0.5233121250814924
-0.061129601430012497
0.08463187121442088
1.9734756766745365
1.573528491935777
-0.02167871444109683
-1.079222702563088
-1.1694487262370448
-1.3588161872275584
-0.5108550587411168
-0.15750533724853283
0.389306380246005
-1.0804403678650045
0.4201742804309103
0.2074494532553271
1.2448179530050296
0.5023004109028477
0.48206810886106066
0.9093517024661826
0.04494635473924319
1.2177268561580048
0.07129649242423476
-0.18038790575268723
-0.31715281644389937
0.38434090848999863
0.360858975041768
1.4209780889345243
-0.10786018959310777
-0.5162658616979937
0.9765054345810916
1.1241410085367125
1.3034194883507602
-0.048414785400835283
0.9789936963049096
-0.25701940423019254
-1.01334636138398
0.09385508961501532
-0.030717362733381055
0.3169064747193325
0.7094340166618179
0.3818739524038618
0.38999219968982757
0.6710119887994146
-0.6085775147302149
-1.121520829983244
-1.4299081423364817
-1.2925229902582118
-0.5388068709053054
0.3104897469505103
0.30801211656269006
0.6209897653784544
0.1016442230506292
0.8085553130837108
0.6194554376785874
0.8008359131296966
-1.0621203867055518
-1.2336407845337676
-1.0487354802774327
-0.572135324272966
-0.7527043854054559
-0.6412397376694995
0.07454444279383785
0.093684402784072
-0.2584626052245729
0.17418222345669016
0.009686659707880556
-0.29757089512957696
-0.8915715946726541
-0.3224543510763956
0.5223845059657024
-0.17538944929523687
0.17394403417571416
2.3237467819997715
1.6766244984749112
0.1791879989679124
-0.956862007945535
-1.1731837461552015
-1.0172761472430947
-0.8543140698283516
-1.2042854839996526
-1.1406497214682034
-0.9277768389434776
-0.26702363233463056
0.055477397102204846
-0.5371881495276809
0.1843120402592541
0.58910560702106
2.4051675425448527
1.5452586119852956
1.0522605764381654
1.131062627458395
-0.6065755502056052
-0.8129948750240926
0.19408059904614466
-0.030118880346049898
-0.061264626055533525
-0.6957442964883912
-0.9109247493847142
-0.8301818910572328
-1.0138020648446628
-1.0918256627004028
-0.6158379151227914
-0.23201782097500642
-0.19063545550174177
-0.14954643340340087
0.5773791111786497
1.199950809400468
1.3576405606426287
0.5808176803606587
0.16393270281266992
0.16047011042797377
-0.418600360358346
-0.6298848465183299
0.7257601074336827
-0.08089146563408803
-0.3366618284289115
-0.9536783346724277
-0.7572588225135627
0.2614864872803851
0.7491196718482427
-0.09836150230144278
-0.5454543503862199
0.4639494845437581
-0.014065365863163187
0.507267446371376
0.11835830863233174
0.1279380216049138
-1.0907354356827093
-1.1176986166758696
-0.0939686048600778
0.10197657606402082
-0.23984497625174897
-0.6109547477988012
-1.0159433878814745
-0.3293943932027182
0.003995127482157742
0.1818720569594324
-0.4082481118478313
0.7771169436629466
0.697223671811016
-0.8775938149440312
-1.0685743453895322
-0.8464556723341646
-0.4764431489944611
0.11065745591218172
-0.6273353574467754
-1.284826920685947
-0.9353074775072636
-0.5099649198444203
-0.24757327652658415
0.30883637178814993
-0.5159171810559257
-0.7638700377352972
-0.32531082964130054
0.09732136395925871
0.5522507135848552
-0.0027660695236802
0.4842471764025923
-0.32158801388259906
1.5364384796921835
1.5562797329827915
2.1539480628910654
0.20822563387147872
0.6558341656349658
-0.3151045471191389
-0.41739157345996075
-0.41888492955075124
-0.6861191049550257
-0.11786049888049957
-0.4219282916482069
1.0568951334679437
0.8208523427338142
0.60701860237143
-0.31668509092372793
-0.37671125678777934
-0.6319486765466755
-0.8640614910913189
-0.9612029589948748
-1.1023958685289517
-1.2189667599027143
-1.316246092976055
-1.296934108582872
-0.9735760415560645
-0.10125511512643032
-0.5238820726998903
-0.5159429047874132
0.23311982439494672
2.0938988986444147
1.3519791836964012
0.7955000152676708
-0.8362955170794609
-0.3521427474644776
-0.2989817209813577
0.5019595199602346
0.5357443123172124
0.8570664945415379
-0.48325366842803236
-0.5522397310331265
-1.205388851756582
-0.4678755204160675
0.12127826803517071
0.24322590458285542
-0.8636286145583988
-0.036421224554138494
0.2809477233421436
0.08026655274334066
-1.1224234039355445
-0.40468245937167163
-0.24290631157583795
-0.5595287777431533
0.8394522478997464
0.27771928787953754
0.8519426829514227
-0.8758250419430533
-0.030874006864839522
0.06864522964020697
0.27700713567494845
0.7362994283999966
1.4960452652787215
-0.06817748015152332
-0.7428370938454097
-0.0854010586281161
-0.15018056966132537
0.008320765314683398
-0.9581951809597439
-1.0023832895005804
-0.7861704734454036
0.4115400200667058
0.29677405233637744
-0.15065773957493653
0.38424726793159086
1.6362550541615573
0.9774912507582921
0.15594766784558534
-0.4368732690865135
-0.29410150024906595
0.4476799454387298
-0.7757799670471354
-0.8576525549454571
-0.5209067523158273
-0.6591544963914184
-0.7390099116152373
-0.7228509843080263
-0.49534314763478776
1.6395570649165851
3.7351486325564514
3.3842625179239243
0.999832599967315
0.06639327538229192
-0.09249462214878038
0.2605746419816399
-0.14685598699028454
-0.20156268691478582
1.0698357547789483
0.8397625514928052
0.9494205992109283
1.1425927813928554
0.4733300690181308
0.43054605610816976
-0.6236432214270569
-1.2188561191358984
-1.2872048487222023
-1.1235213851760169
-1.0702987179226373
-1.131327171909804
-1.3471648073280693
-0.9977483011618803
-0.426200123682679
-0.5932378182263649
0.03190429800565524
1.6934814508377083
0.8041838044870997
1.1921239574981952
-0.11313343984675733
0.4328029679859597
-0.4376933540446972
-0.25945751200236983
-0.09872045152966635
0.1351444000704078
0.16345281711215437
-0.3552799957971359
0.9520424026354495
0.9450318990174436
0.602841288605228
-0.3726774581136538
0.28154250057977354
1.0393124983909765
1.9226785913420672
0.18110491917184182
-0.07768300060736759
-1.1538421709157038
-0.9683566383611818
-1.020086543443651
-0.8951875758826116
-0.20937491846820588
-0.004931198434551713
1.7225726010779723
