546
1.023462400108817
1.015991905950108
1.0232730195993676
1.0045221220494773
1.0024535441231541
0.9919090363735081
0.989820887594623
1.0044526451424134
1.023430367791193
1.1050504531504497
1.113442597037824
1.0964489187568482
1.0418866955690846
1.0279522863205255
1.0600336224572664
1.0503490516111407
1.0350882605502865
1.0214635117068576
1.0106084157752488
1.0174743083847777
1.0288126100679928
1.0428820938525516
1.0255180946173001
1.0130308496527607
1.0030198324430093
1.0012065584731076
0.9989770950685799
1.0042314299878936
1.022855770152234
1.061651774684803
1.131941616529682
1.123888058675615
1.0962071247673886
1.0913525813886642
1.0634628576056904
1.0678507617452748
1.0366176083989036
1.0559696102450493
1.0635127819238783
1.087977595052537
1.0918902219449251
1.0855765077745123
1.0120807530070857
1.0021366503630031
1.0020858858438109
0.9995064371138834
0.9923650806196471
0.9942840213250206
0.9881534100454429
1.005535475552861
1.019809826187776
1.0298803451483884
1.0469343155104778
1.0564699391771177
1.0640459022371547
1.03528673136008
1.0147889225781692
1.0232586403926978
1.0242748732160973
1.0368737835353652
1.0368319546762466
1.057607321756762
1.1355675933188611
1.1562588995129193
1.1095354788949576
1.064144873657214
1.0462008992452323
1.0813230900417472
1.0779622308166905
1.1073242505436869
1.117909631361048
1.0866394104918637
1.0419984075251265
1.0291769706654166
1.0364174834230875
1.0369351716660147
1.0229705779390512
1.0155110245298553
1.0129376036647846
1.0019834687476474
1.0208931976117503
1.0631371814538109
1.1114875008615939
1.1160729786636008
1.107755952489121
1.0939564356440041
1.0663031218616017
1.0883194896708983
1.063766452147033
1.0732212354623596
1.0678818759422355
1.0675440068663218
1.089647337259874
1.0448463589792767
1.0100609353902876
1.0318191644380632
1.0509176039278054
1.0394260747700168
0.9947381225184067
0.9857595540229719
1.0176360840647587
1.0334728936748605
1.093492079998322
1.0635062134865514
1.0581044443678271
1.0398729892881464
1.0543699101378508
1.103137353438704
1.074739735444148
1.0571782033130357
1.0422887659296387
1.0498947380625914
1.0463724149384113
1.0334726113260366
1.0319325446262897
1.0448292080022796
1.0457361476642673
1.0439692994714598
1.0519037885411455
1.0521517682358064
1.060591043837612
1.0533659846361387
1.0671821360300393
1.0339418813996937
1.098644150684546
1.0959347456302941
1.062454326946665
1.0496007621077292
1.0476598875415484
1.0434497282344868
1.0535607825986038
1.039572100229097
1.0282736304486233
1.0224515051760663
1.0212989877174554
1.0245996665044004
1.0422544295491014
1.0692011909654828
1.0859317949655587
1.0494915537457632
1.0390275225156071
1.0390381267195377
1.0587145210548037
1.0823994880273942
1.0823347582442466
1.0614160618517052
1.0491100802899513
1.0288109148982658
1.0477061686436695
1.0771232090718168
1.0707564253910857
1.0286128158149885
1.0159870939891509
1.0031761749086612
1.0415656555662276
1.0562551488414114
1.0675660068603845
1.0568818824639035
1.074263039117275
1.0533276214311926
1.050670136053793
1.0439896739371926
1.0782236079688192
1.1074438927203005
1.1391920008523257
1.1048881719365857
1.054242954227314
1.0196486798313764
1.0303285690959347
1.0185862083589539
1.0009037518342279
0.9976174062599166
0.9984026821255929
0.9980642833027167
1.0337450493773122
1.0256908823821422
1.0328962577320524
1.0245826268341522
1.0280990818613758
1.0747275220026542
1.0874738545320874
1.093895428699242
1.0403801944969535
1.0329467989496297
1.0336944780888833
1.0218462677851865
1.0293239770458578
1.0539618141034774
1.1258506575230187
1.1299359887462137
1.066042956625545
1.0316656233640398
1.0680826411257118
1.0907323254176058
1.0886901104323488
1.02421605639076
1.0222440010344667
1.0274343257712855
1.0331579495759509
1.0062469904866678
1.0000668234404688
0.9943865645144607
0.9924084457726863
0.989873118396997
1.0183090399881323
1.0209240679895406
1.0365998668910108
1.0347473023787803
1.049530963930923
1.032932766802269
1.0348285664440753
1.0165958123896033
1.001553875936001
1.0197645847974168
1.0396387207229711
1.0378959000487171
1.058738349994494
1.0820586968115895
1.1080628601506797
1.107262618920271
1.111549857735946
1.1030515174319315
1.090487921674144
1.0677530713392083
1.078999408363675
1.0902085518044067
1.1150519234184733
1.156510056967662
1.1775721651821316
1.128568869693844
1.0593193612696759
1.0092255842572868
1.003478408293113
0.9995843918490488
0.9925533421044005
0.9952239339709538
0.9894589707335653
0.9854019413745982
1.0720164005601955
1.0880776162436319
1.0598230734578182
1.040114615597331
1.0388422776086255
1.0375826642384764
1.051187982437829
1.023608325528151
1.0316567297818706
1.052377431793754
1.0330277363518812
1.0298150497939935
1.0450844256762195
1.0905586631450557
1.1150142261585365
1.1101578869482889
1.122430461394467
1.124898722181521
1.0893825952987164
1.0280226598200104
1.068130949738449
1.102988631175607
1.137264359076667
1.1057727566013764
1.0923583811618194
1.023444581166686
1.0083705473418072
0.9931005246624208
0.9920890826914561
1.0001804399144574
1.0047586042070225
1.050249664056023
1.0674631620682247
1.1185834419178042
1.0748671862623813
1.0742860348892247
1.045616971924892
1.0550197280607334
1.0334225901125338
1.039861845442931
1.0349694694829583
1.053866851174774
1.0940230773898967
1.087229988676721
1.0852233002157858
1.0805829009228767
1.0774866924654678
1.0976202956405257
1.074526848210106
1.0429745449481038
1.0412880075910582
1.0959905633924412
1.1225139714334884
1.0720079147675492
1.0179261285393033
1.0096681733387292
1.0030861680737426
1.0111755295550582
1.0049305056832125
1.006195932513398
1.0262753921203045
1.0499550579364614
1.0876495290501116
1.0959781523437828
1.1121916072000564
1.0936653875161724
1.0619419407144783
1.038736568854025
1.0272286369991712
1.0321567489527164
1.0291425836308306
1.0541310209288521
1.0481093493436613
1.0257567668559993
1.016883077093287
1.0559454578803296
1.0506616470825114
1.0398647072152936
1.0297163149332833
1.076850312687355
1.114229957691519
1.1215344758619454
1.1301546978845614
1.073170274074441
1.0649872514694438
1.0443605931817501
1.0320719206977507
1.0267796958873485
1.0050038288240224
0.9986294613181894
0.9905849126942711
0.9925157918086456
1.012175021519731
1.0491117032172075
1.067815564406838
1.0484081550620217
1.0646903464042197
1.0636742556430112
1.087135264110327
1.1110854828696832
1.1141756273667371
1.0864551262761
1.0900045370414317
1.1264965028846403
1.167964190068608
1.1497566557061818
1.083212358967362
1.0212228793339948
1.0054913382934674
0.9980391321774498
0.9848853121205225
0.9989547686833881
1.0236599078753856
1.065024121358115
1.0547458285547129
1.0478668354582061
1.040092564705935
1.068034325900241
1.1108716399732095
1.1156625222725216
1.077040347338926
1.0555573771131732
1.0255010294476403
1.0639318119675267
1.0853748293524028
1.0993956451933644
1.064752182723442
1.0565547929408043
1.0110459388539075
1.0184521970905078
1.0152707193741493
1.0761172948767181
1.0525009463218005
1.0447270747557025
1.0189314743428581
1.0638140393147602
1.0574466578952244
1.0474988582246625
1.0361867661264963
1.0153628079234593
1.0369290776515214
1.0389691952613571
1.0253707332784638
1.0198257273157547
1.023506390571772
1.0588638059612667
1.0901881678433811
1.1229238106989485
1.0755491521690292
1.0462490132961386
1.0146814429746938
1.0017753424158915
0.999568182254565
1.0006727780746876
0.985885054246638
0.9821106484407636
0.9849546417891002
0.989843081342254
0.9966870826881816
0.9849365106721122
0.9940211648395276
1.018088944230215
1.017644416682654
1.0250665112534674
1.0255681755700352
1.0416012379653348
1.0704375283265806
1.065396752204044
1.102219251132109
1.0752569093699114
1.0593682658984709
1.100628188695582
1.1408273972819398
1.1312573005046467
1.1618361914139412
1.1157225400778743
1.0470991777249679
0.9992508126200338
1.0015633856931494
1.0086508014557716
1.0428307736489715
1.1015882004765993
1.0834183133464292
1.0615609874279515
1.0019629548782196
0.9997113134796365
1.0023905196785718
1.0080791334313608
1.0383343716308722
1.043022596481657
1.0464165083811041
1.057358164543557
1.086779393123966
1.0893843507237937
1.0650545382501426
1.0477358140254833
1.0678192875559718
1.039286952448477
1.0950289704913603
1.0766503656258748
1.0714169777576028
1.0467715631838115
1.0348438137916987
1.0643588207309207
1.1058997959260568
1.1265903424943846
1.1118099497754825
1.097457961517077
1.0625721597727669
1.1116290185785287
1.1814057419656947
1.149121295300073
1.075646550485663
1.046699051171315
1.2077670917433596
1.2000122734466685
1.1795151678105547
1.0432243698921888
1.0055632446754754
0.995929330146384
0.9961809577840247
1.007751751035863
1.0187533607802428
1.027174154258582
1.0256590554369878
1.0771454034092178
1.0744775912523357
1.1071267864693328
1.0689227561435555
1.067591145486514
1.0200258307726116
1.0239601376074354
1.0198486467111132
1.0508336366906288
1.0311094750437875
1.0242994584487326
1.0293293385285316
1.0515655578456171
1.0436698954454615
1.0420622971321059
1.032496772078345
1.0392071829791747
1.0335032424723694
1.0577933836654403
1.0466797899553144
1.111847708942424
1.0898380014071323
1.119995152521914
1.009987548238525
0.9832444991950542
0.9958421977390784
1.0027450513078457
0.9989378793850306
0.9977507408190597
1.011311260334502
1.069730804891693
1.0798451147413053
1.1013567534081774
1.0749849315598117
1.063738436221385
1.0511864586949162
1.0694458235555495
1.0727809382268636
1.0599573919819645
1.083543136169177
1.0421520917990312
1.0092807817140559
1.1228132994119713
1.1577509843412783
1.1243812736060983
1.0405998059020296
1.0306011283971164
1.041249101373024
1.0274609940409827
1.027484383466011
1.039365879585684
1.0343047920335369
1.0371251195444542
1.0322608655627765
1.0296858628175944
1.034079477254934
1.0251622721530051
1.0764365265853553
1.093381127220129
1.1621407896598732
1.1191082707111957
1.0948244982487565
1.0712935764535998
1.0434443392732233
1.04313946816081
1.0331900513884311
1.0370557740863409
1.03242507122776
1.0302421476667147
1.0230000752093387
1.0208650556329881
1.0395550547631718
1.0221386528688847
1.0050157699908568
0.9965427099768511
0.9985120973778358
0.998411505696778
0.997054392306471
0.9966363067242577
0.9890331366538734
1.0192598638763353
1.0486242912028652
1.0761989362858597
