546
0.0142599
0.125522
0.0224083
0.289706
-0.204152
0.143894
-0.0856066
0.500739
1.25043
2.68726
2.54033
3.15445
2.14291
2.08793
0.217035
0.206453
0.0872445
-0.353469
-0.332189
-0.445428
-0.366571
-0.35765
0.736165
0.784553
0.806673
0.411464
1.71851
1.82069
2.89832
2.66364
2.94668
1.15355
0.61635
-0.290235
0.402716
0.746428
0.888743
0.811237
0.642661
2.25161
2.10276
2.4743
1.69888
2.44526
2.24826
2.38889
1.81294
0.630123
-0.319019
0.0500177
0.121325
-0.157142
0.417254
0.250141
0.514735
-0.242492
-0.254604
-0.540942
-0.829743
-0.514954
-0.328249
0.678358
0.777565
0.686111
0.357563
1.7158
1.84244
2.48795
2.41092
2.38459
1.2769
0.398666
0.495594
0.421724
0.444405
-0.0164344
-0.510123
-0.0634714
0.171601
0.158597
-0.125073
-0.568375
0.116859
0.0836723
0.350288
-0.433854
-0.395344
1.16194
1.28345
1.3675
1.47416
1.71681
1.75642
1.09998
-0.109471
-0.431913
-0.576786
-0.557293
-0.908216
-0.770175
-0.564526
-0.642597
2.34159
2.38169
2.37418
-0.742784
1.89691
2.07186
2.14697
-0.65717
-0.641522
0.0845578
0.597746
0.817359
0.303151
-0.451705
-0.380252
-0.534789
-0.543765
-0.338499
-0.148001
-0.133592
-0.620539
-0.621597
-0.433981
-0.434364
-0.418048
0.414265
1.80479
2.01271
2.05168
0.146447
0.253118
0.274399
0.135538
-0.546471
-0.572126
-0.334431
-0.121231
0.044724
0.0886849
-0.293752
-0.220001
-0.0689702
-0.461632
-0.458957
-0.617317
0.0544502
0.250508
0.440204
-0.143582
-0.036463
0.0112183
-0.344079
0.4894
0.544723
0.658504
-0.52235
-0.384319
-0.480155
-0.00691319
-0.36107
-0.298923
-0.61785
0.0780379
0.0461431
0.0145547
0.0940885
0.356147
0.177841
-0.0455773
-0.663323
-0.687093
-0.650474
-0.509423
-0.319361
-0.550822
-0.215492
0.390239
0.386184
0.473411
-0.412855
-0.100955
-0.291571
-0.0210234
-0.505088
-0.486459
-0.470085
-0.321343
0.846806
1.71012
1.86611
2.24662
2.36662
2.28179
2.48043
0.895644
1.08911
0.502373
0.562028
-0.163123
-0.462387
-0.600158
-0.610277
-0.615375
-0.726438
-0.0857937
1.03258
1.2199
1.25551
0.428189
0.013048
0.0529584
0.978116
0.451834
0.67223
-0.480336
0.989044
1.31272
0.928946
0.31731
-0.626125
-0.544568
-0.62272
-0.549406
-0.187886
0.279503
1.79269
2.13715
2.34443
1.83485
-0.568902
-0.541892
-0.157441
-0.0349167
0.0669303
0.0347215
-0.156995
0.931554
1.06438
0.335341
-0.0266951
-0.405716
-0.331148
1.91321
2.10676
1.86426
0.387027
-0.251694
-0.549601
-0.286416
0.0107506
0.452004
1.47728
1.86912
1.98532
1.75259
-0.266609
1.55931
2.34836
2.18147
2.47794
2.035
1.92471
1.82825
0.683256
0.263058
0.0968738
-0.312082
0.565141
1.23855
1.24626
1.37797
1.32987
1.13383
-0.283476
-0.302048
-0.021582
1.56251
1.74845
1.37189
0.323675
0.252933
0.18925
-0.229648
-0.516534
-0.469365
-0.457516
-0.109948
1.7203
2.02431
1.86542
-0.335569
-0.37387
-0.658991
-0.633189
-0.698127
-0.66704
-0.542368
1.81007
2.04287
1.92603
1.01224
0.0223397
-0.491473
-0.644679
-0.510585
-0.571922
-0.698276
-0.762472
-0.886441
-0.583452
-0.400815
1.48503
1.73137
2.27902
2.13844
1.96479
1.51172
2.46673
2.55683
2.40053
0.088675
-0.694214
-0.81373
-0.640233
-0.578499
-0.580766
-0.529092
0.340265
0.575889
0.149319
-0.238388
0.937672
0.983417
1.37839
0.417619
0.361533
0.357109
0.478444
-0.0693703
-0.106365
1.9428
2.19501
2.13796
-0.533369
-0.536063
0.625582
0.315667
0.501401
-0.16321
-0.174881
-0.626428
-0.684313
-0.624422
-0.617927
-0.574157
-0.416504
-0.329822
-0.543637
-0.416056
0.760371
0.825731
0.958684
-0.0325793
0.184378
-0.0741209
-0.0503693
-0.341468
-0.313457
-0.0900816
1.09762
1.15927
0.75255
-0.205971
-0.425667
0.901953
1.71496
1.87783
1.93836
0.969701
1.32074
1.49919
1.47334
0.978072
1.22427
1.01697
0.86947
1.03435
0.194614
0.114281
-0.561571
-0.663095
-0.289946
-0.211086
-0.278528
-0.738817
-0.220215
-0.0800585
0.00888179
-0.208359
-0.0703469
-0.054041
0.123615
-0.197583
-0.250237
-0.504267
-0.36191
-0.579826
-0.443531
-0.372407
-0.432095
-0.212379
-0.203984
-0.0610406
-0.50561
-0.28383
-0.114775
-0.0572894
1.49232
1.47098
1.16835
-0.545578
-0.662466
-0.695814
-0.282884
0.138535
0.0956496
-0.130152
-0.265474
0.0305361
-0.148513
-0.241851
0.0411958
-0.0124039
0.0557874
0.102577
-0.126342
-0.143286
-0.362604
1.19653
2.00861
2.03012
2.08678
1.30919
0.8357
-0.256134
-0.18283
-0.480385
0.135929
0.378559
0.447953
-0.400471
-0.300509
0.275641
0.272857
-0.148756
-0.225745
-0.1511
2.33819
2.3275
2.40649
-0.487766
-0.666326
-0.535307
1.34321
1.4706
1.25885
-0.129608
-0.0541393
0.157648
-0.139636
-0.175821
-0.00107431
-0.25222
-0.01758
0.127495
-0.117778
-0.352572
-0.384899
0.183514
0.413881
0.552693
1.03987
1.48684
2.08021
1.30425
1.38872
-0.0488818
-0.0946794
0.0315671
0.271736
0.220932
-0.55606
-0.602327
-0.169551
-0.142623
-0.238597
-0.371659
-0.0948404
-0.226589
0.321995
0.29493
0.187061
0.634505
1.31944
1.67977
1.94725
2.59056
2.3629
2.41675
1.45212
-0.417752
-0.241802
0.0736022
0.850086
1.03117
1.06041
1.01171
1.4058
0.850691
1.2555
1.04124
1.2153
0.510969
1.53315
1.67671
1.56192
0.663212
1.21584
1.39935
1.46672
1.54796
1.3688
1.02714
1.41261
1.54262
1.60657
1.69139
1.51277
1.30495
1.47659
1.69337
1.70695
1.37975
1.14074
