182
-0.295539
0.887984
0.337351
1.02611
0.224732
-0.00422854
1.90158
1.33734
0.0948206
1.21599
2.64962
1.28402
2.55541
0.995998
-0.519158
0.368944
-1.72907
0.495811
0.33226
0.711052
-1.43474
0.321284
2.06994
1.89462
1.2891
0.955965
1.10132
1.55833
1.03679
-0.105475
0.644383
0.885319
0.633171
0.193938
0.213544
-0.0599463
1.43479
-0.115108
0.944605
-0.143036
0.671384
0.439231
-0.577825
1.49971
1.12737
0.52139
-0.509211
0.694931
1.01991
0.907847
0.415881
0.472435
0.576644
-0.0644839
0.981999
2.11928
2.30749
0.00893611
-0.248493
0.0664209
0.948293
1.04895
0.0940243
-0.895098
0.899592
0.679712
-0.446898
-0.414459
1.68884
1.344
1.26673
0.0978002
0.913352
0.301475
-0.725654
-0.451939
2.23474
0.807998
-0.5084
0.192255
0.0590429
0.926809
0.196575
1.28869
1.28133
-0.234966
2.38179
0.756963
0.0416931
0.985528
-0.14106
-0.0407063
-0.476243
1.04813
-0.667499
0.951426
-1.00927
1.30799
-0.516813
0.493458
1.05769
0.667575
0.330934
0.0663366
0.617685
0.355756
-0.0957088
-0.0228195
-0.91953
-1.83383
0.615589
1.33376
0.399178
0.37502
1.73666
-0.36436
-0.276167
0.714336
-0.156243
2.10386
-1.15422
1.1555
0.972514
0.347886
0.131733
0.343611
0.917419
0.476306
0.612103
1.15504
-0.888191
0.176158
-0.66464
0.60212
0.723325
-0.0940756
1.16761
1.27566
-0.000793592
-0.730864
2.39174
0.701328
-0.548466
-0.0290635
-0.270387
0.121691
1.26529
1.65528
0.115245
-0.117873
-0.656387
1.3498
-0.74434
-0.160669
0.0557042
0.535011
-1.1011
2.19751
-0.173398
2.07239
1.51823
1.57621
0.671117
-0.42608
0.561969
1.40096
1.82493
-0.500323
0.583113
1.06537
-0.53571
1.47498
1.05799
0.0765152
-1.45022
-0.181933
0.56366
2.35358
1.61382
1.23861
0.665666
1.23791
