546
0.5234978878976264
-0.29110047239405956
-1.2267587397403552
-1.4904836029609903
-1.191774756364215
-1.201682848464511
-0.8375418943623297
-0.2367883588078363
0.02125804339785088
0.6343326640162076
0.8911585065435481
-0.3886274874576345
-0.0018304453706021006
-0.6707588914040529
-0.36477559900424195
-0.8970563864335773
-0.949999305060772
-0.8323186548297851
-0.7615706364863021
-0.5921164807656712
0.643952073194739
2.162669904599527
2.109044141004967
1.2745956975762807
-1.0039470806691644
-1.2158485791340776
-1.4116248197514525
-1.2232635999959292
-1.2960910490706172
-1.2577431779235972
-0.8279236713706526
-0.30358853267174213
0.1082640724366072
0.6493203783865168
1.2670708746582715
0.5255713019313809
1.0010496600845658
0.574948547108265
1.0881885563133222
2.030445511024081
2.2562280580863123
1.177386920615241
0.7376388386251647
0.03167992191658076
0.33838776502352663
-0.8273503522369852
-1.2870073425698185
-1.3990402894295988
-1.1077612723148975
0.31349893312572497
0.19999545607889038
-0.4047644609768788
0.028230025509371096
-0.4104494400001687
-0.2938679848871563
-0.9099798965294826
-0.3357906948488254
-0.41998488441546666
-0.33852726109615294
-0.6914459685702459
-0.3413318497734345
-0.4111641969137644
-0.044902301046770794
-0.6176590568089092
-0.8192409408811723
0.8987927414854205
1.777810139113506
1.8699803041216088
1.5331898787553762
0.22618845957786912
-0.14048402074554933
-0.5878375313384289
-0.4265643771903844
-0.6390595219315611
-0.5929065682510002
-1.1690001548851299
-0.7290064669434966
-0.5709397596816942
-0.7691078775592126
-0.18874618021355483
1.7353754307742355
3.728000724501879
2.8219182069606585
1.1597360557757854
-1.1768915420072752
-0.6439123661820508
-0.7163756060474786
0.11612069337363681
-0.37008366858676484
-0.7393640480796303
0.3866824501544109
1.112228910214021
2.5285393822146207
0.8865690550568978
-0.9174877486190411
-0.6449902880998762
-0.7198939059283435
-0.8397638236622719
-1.2706304971967868
-1.0868906140365213
-0.475143484061861
0.037008371676358
0.8159602676220692
1.3559437950808866
1.4851159224630246
-0.8335596739390251
0.6112878684810579
1.4768732133783364
1.0946262578979662
0.9770264146500328
-0.24017990343620677
-0.379937210984848
-1.4658377023210207
-1.2414964832640993
-0.17782820270161254
-0.5127912003526313
-0.5024296690541564
-0.4281522832427824
0.07878318229961627
-0.7060014951153332
-0.4349607848513486
-1.0601015289145665
-1.269240938060579
-1.4418563594098894
-1.3100558748680708
-0.8267164179935547
-0.18128803791846115
-0.7389792109802837
-0.028663385129574042
-0.4492017768995876
-0.8314829451507904
-0.9940389730568419
-0.8672872088639307
-0.4400889401089297
-0.5383150645536672
0.14587000559527008
0.12710370480360866
1.131231983339076
0.09342563959825646
-0.20884833524177465
-0.6039993654477767
0.2817011017799502
1.0092597192746509
0.5148197142540158
1.142305512463796
0.6542953563454003
0.685892606289585
-0.7169136858134876
-0.3527626667211867
-0.6074850629867249
-0.9052467575664633
-0.9705862544037616
-0.3133716006758475
0.42763237777647733
0.8776324922999869
0.047003139980652496
1.3564660423660098
0.9313232922105936
1.0806625314391252
0.006520555459687456
-0.4733924148144854
-0.9294783435373281
-0.8860798534113704
-0.5735280166738356
1.3842680083252374
2.118949588882565
1.6729997607345672
-0.336437680138833
-0.6996768572574636
-0.9086288872649803
-1.1204121927718915
-1.2450230394081845
-1.3044448113910543
-1.2239741444311802
0.3009952405959283
1.3958705945696654
1.3644746307131574
0.9393319957996943
-0.04411060264581874
-0.2121815784197807
0.26750650057142167
0.7803529553051858
0.35149929722081147
0.06176948828205932
-0.9702610058651754
-0.46501555684101303
-0.3271829027785341
0.18098319754672762
-0.4170368533704095
-0.2711090699600829
-0.7405942835157063
-0.015351504168514805
-0.4282303765866872
-0.6529411557837241
-0.756004409788921
0.06418945926366659
0.2890601645736617
0.9942449135101237
0.6804672698203389
0.08175256928460388
-0.5348502875615201
-0.7942160480815391
-1.1514653301076718
0.6684247517105821
0.18144473217390428
1.574401175226166
1.8431559764081473
1.9202449449252523
-0.2675981564122742
-1.1336580877514058
-1.3565421812957186
-1.3818130850981085
-1.2914903204913488
-1.234952667310461
-0.7630793887635007
-0.29227370974814265
-0.10211031455207524
0.05264123972938589
0.6995562558208869
0.6423684169131418
-0.484091759594238
-1.034238141173202
-0.9693133356797773
-1.1171763356220825
-0.9607743633615566
-1.115839623734678
0.93432361688712
0.7658121291336875
1.495360125120428
-0.03895848340770278
0.3007115061459417
-0.7729989356638471
-1.2865210835933414
-1.1008063776454713
-1.145597719966336
-1.0499068628710821
-0.8373609623330258
0.9486552881527727
0.1504527953065233
1.9921102379710087
0.3455026416547745
1.0202728696866972
1.0892085291487128
0.2770136667013434
-0.13185787812835764
-0.5235840321574298
-0.9035419564460361
0.30512517134780354
-0.5446576019643571
-0.3682086676149249
-1.0597757825913052
-0.5339788087422017
-0.1677675539544647
0.0666179341465589
-0.3983070589329217
-0.6101634769334178
-0.21143955198558925
-0.29430250224351956
0.09976329054360022
1.9174287978310842
3.0398664151807204
1.8339416583397192
0.8549431390239727
-0.07517790548378532
-0.6758629009789036
-0.9691397991937366
-0.9401327846793399
0.06024585980729724
-0.012796370010711159
-0.5713048562336288
-0.5481196293175148
1.083427651867911
1.6580608413445659
0.9085801653059637
-0.2874124157046441
-0.8719556634525335
-1.1841976721026906
-0.9509362122312732
-0.28719028138843034
-0.504873400506866
0.3245039872109855
-0.20222031567125845
-0.4799806207301439
-0.6795405235072579
-0.8591279172964346
-0.7286504208896251
-0.5778626695549915
1.0162030741792687
1.4533970715740696
2.564999520939151
2.2026413557543334
2.4146318165205556
1.2413480059052127
0.34658646903222884
0.03963958904915354
-0.6159596656383922
-0.6373728951915296
-0.8452536625128592
-0.6761656191824476
0.061386764490284
0.11085652999100555
0.5535803397441811
-0.8092863561831053
-0.9103030524125256
-0.8639228251943463
-0.6438386588358537
0.2511582555918899
-0.675363477584802
-0.6033660881843425
-0.22080077343617704
-0.544634487493122
-0.9163752137114659
-1.1347197148463048
-1.170915522241727
-0.7717340532911912
-0.6390137913558684
0.026783891672567173
-0.386663210203304
-0.2595477987585886
0.014679761842704543
0.5078404550279313
-0.41248669935005394
0.05036320191039094
0.3034247129516124
-0.08647722034001395
-0.7921988942572239
-0.7557335446212342
0.6298652028619023
-0.13668386324915455
0.002722654391909318
0.9564857454085222
1.706482972626067
2.7434242192088285
0.10578981147458216
-0.6278388001996595
-0.5192222353640654
-0.6337288814734496
-0.9364128611843778
-0.8184704265044951
-0.47403030203004926
0.25817135357859555
0.7918345600121935
1.261248285760989
1.1956053714229486
0.4313549905557747
-0.5700726325333665
-0.9249274359331584
-0.6811767391792592
-0.13290212673264312
-0.24775580342674317
-0.23613607136059045
-0.6036320823382262
-0.9192053378321341
-1.3552020549328487
-0.646764219683671
-0.8366392167760593
0.05370653842103193
1.0116875332646704
2.8018934268752353
1.5479361397412132
-0.15266301972703755
-0.48663831329287216
0.9695825546549094
1.3006072309774808
-0.3321021374971609
-1.1601967674622753
-0.9621124925365554
-0.8537425479136483
0.06394257161384688
-0.2530162304380508
-0.3800879238543796
-0.7769321016451126
-0.22271250970367093
-0.4424097609791558
-0.699727923813518
-0.13218541081340326
0.002404765960362209
-0.17436989568205222
0.038738707772464756
-0.410416685734751
-0.6979687395065689
-1.0080438979068238
-0.8313108418609219
-0.1951669398712381
0.5764204131165256
0.1719760375560148
0.6289375636853956
-0.5220839650745
0.8501946631411089
0.15960183133209638
-0.0036780284013988715
-0.3338157170589042
1.1951126400587029
1.2443510199470122
0.816074686415098
0.17863671523366637
-1.0355677436684025
-1.139864742298072
-0.9576432599612994
-0.6759444064747304
0.5873687269688309
0.46419951475091614
-0.22232403594626785
-0.9999244740501084
-0.5138898224628741
-0.3405796760273808
-0.3047034804692126
-0.2722656964431738
-0.6205555543679835
-1.0236755485169844
0.20166217580448023
1.577987977931839
1.3601472863995387
2.0220666064684836
2.079608375339235
-0.09627828877084275
-0.7957788400414153
-0.09881141482185898
0.19199879024073824
2.1788140986330204
1.5995022427810957
3.15444325646655
-0.21197875291254115
-0.7342653474338878
-0.7953488376728733
-1.1286616192450547
-0.7892979064495639
-1.003500979563246
-1.1526978623719404
0.11329141861383442
0.48639067185735074
1.7507325042584834
-0.7155406459343674
-0.37966180745793515
-0.14098790601576577
0.40743407204307197
0.5715922459997483
0.6995291922416703
0.4821383778958297
-1.032100023531379
0.7398119448520015
0.8522727694290475
0.797823836718882
-0.4843968150170264
-0.8210838157816959
-0.8469910689472284
0.15431055746656458
-0.042836625040622425
-0.4638559846764548
-1.27472734030416
-0.28878807949306146
-0.45128005005178395
1.1823625570622318
1.4527682613759667
2.135597762673888
0.20406828414376055
-0.6831154404949166
0.10500161462507346
-0.2330501252735843
-1.266041719633873
-1.40362414137801
-1.0382338512574782
-0.7595791646999839
0.25689797705649026
0.9575338386252298
-0.0847871452278908
-0.3533372720838009
0.2000135448238796
0.06194828995522987
-1.2136279310679345
-1.258137569073355
-1.1588806301993027
-1.1464027774018937
-0.22533925177457834
-0.32405608695423777
1.0195234363913317
0.9621639856172177
1.2108791674794015
0.9952978258728735
1.0811091416811067
0.458816198651164
0.7104536261913806
1.0217488982645402
2.8259731901266116
2.436674327294051
3.7822750467010895
-0.8307661650614494
-0.9617540204139642
-1.2910955961218278
-1.263921976836026
-1.221326919422969
-1.2462673019133936
-0.8643876655874089
0.36665687423155624
1.1085691218633893
3.2806158513456922
2.077943697798752
1.3533581644347898
0.5619461593667097
-0.04287451171577151
-0.35741738066439405
-0.6122815605470546
-0.07496363780342735
-0.6695495292375079
-0.6470271558104675
0.6195260972531278
0.5767622577148757
-0.1108214162802604
-0.6248612799831158
-0.7455046647313569
-0.188285814369235
-0.7361979073929855
-0.8817745763034327
-1.0064746718947666
-0.8337654855031617
0.130375017421645
1.5883399237193496
3.0642037408433564
1.8018288371972704
2.563653086777564
0.1886934035456506
0.6090179473473493
-0.049585558790797755
1.5706680145815783
0.28001422724630537
1.6872009934269332
1.8776256714547586
2.4070421776000517
-0.7363518523220139
-0.23971890305671784
-0.325974855613414
-0.7760385737540263
-0.8573244811453833
-0.08010224113853867
-0.9652508143927062
-0.39263649578632476
-0.6215377638956824
1.16620020298902
1.4658003770324848
1.0340944233863292
-0.44765946055369765
-1.1093802168873568
-1.2249965846078352
-0.08038149980791238
0.7484941746485844
1.0142871426933477
