182
0.9236425297302997
0.029211790222581052
-0.6034676266274078
1.743285571370571
0.23318130532878345
0.09816818551520792
-0.34935601742103795
0.23604830918816203
-0.34861942380019034
0.9654109186809072
-0.04936355944359418
1.274078471440988
3.424534405818417
4.059073211729062
1.516679286760758
0.4451128356786025
0.15901499260383678
-0.15823701244910854
-0.44909563719689055
-0.09482324268077502
-0.8186855392551827
-0.39445162893719377
1.067773426228337
0.5619187431311551
0.5360654204621135
0.0032368372708647688
-0.6378238570297485
-0.21700017924417303
-0.7796976737008559
0.1388038180243765
0.7372481291689778
-0.15418569466315182
-1.145971213019038
-1.066706538502317
0.7919217763385036
-0.5161739468747354
1.4486980711951263
-0.8365782613067269
0.01854228301466699
-1.241141587918589
-0.9015854537891249
-1.185247515265627
-0.8317484601563918
-0.5778064035832516
-0.36944453292598234
-0.7032545156682644
-0.8011217090989958
-0.6609107343497181
-1.0967515464865836
-1.130316911921635
0.2604342650782004
-0.05094084011343179
-0.46758710470302983
-0.9823493536666643
-1.0921809437177488
2.1510191047086904
-0.6583186163132027
-0.6170693562139485
-0.8308976213885966
-0.4380034140094261
0.3511745211200157
-1.2305933568735083
-0.6253050930108206
0.052383888594566726
-0.7010646207555165
-0.2757000776370707
0.7717457742982772
-0.7950354280694414
-0.24640544734455888
0.0633757434690075
-1.519459053409529
1.2098476465192936
-0.15562439100388478
0.2496306260502002
-0.9552773317001366
-1.1584300753099188
2.1438526206397976
-0.005008738367865209
0.14188235436712382
-0.11397388254499956
-0.2898316448480607
0.02872651015185027
-1.13163179451438
-0.3013324336100115
-0.4229051786325779
-0.37473696397838036
-0.03125586533172973
-0.6811919886204467
-0.39686686698378004
-0.8661030700219247
-1.001604963430588
-0.016509901768410103
-1.2654512796476112
0.2284931964415398
-0.32937507767523816
-0.5616278881787553
-0.6101433348920834
2.1161345611165907
-0.7716269664474581
-0.8278736438710661
-0.6140614584106776
0.49207056203117133
-0.8707793269915239
0.31652345029937173
-1.0665120757216817
-0.1446376881001586
-0.9148411204679606
0.5202849043148261
-0.5416998235919138
-1.4124150000016342
-1.0091724922468883
-0.8545440633280963
-1.284060683032749
-0.3141505447345714
0.728140084658863
-0.9191375897442088
-1.5438386066003738
-1.3130288601831959
-1.100502599598051
1.1360089206377049
-1.405664757538465
1.9245069252873352
0.42259095713143363
0.17211903478990603
-0.578047351702579
-0.16839395014600061
0.0221200984916754
-0.1814189243705783
0.7693767905467676
2.9091207259860576
0.5245404309428044
-0.7134277792933349
-0.6791566447605443
-0.21112238626190274
0.06388631407856978
0.5861467494652883
0.03409119512502843
-0.15874913923371997
-0.5688819070403228
-1.032806400287427
1.9144624536448709
-0.8761394378476485
-0.7065913225578772
-0.7352473892931832
-0.3935612939046089
-0.30484618798925917
-0.11359782433318745
-0.5933244469782558
-0.6968647986839751
-0.31147487192446144
0.3782611908543431
2.5905927042693087
-0.8409085954529414
-0.1277866565273528
-0.8382908794534699
0.7289089606630101
1.0292544134108148
0.7320128229170928
0.39722732752070944
0.22846740918642305
0.20760003572401253
3.0982474307776613
2.0732505450602217
0.3263887040259558
0.1473488595022256
0.7031937033094104
0.0024832215180275777
-0.315874166137085
-0.006652745268465398
0.9993398852619877
0.24503890375040566
0.09343346584326764
-0.28104877645228893
0.18296560055605052
0.48959870979630316
1.5142009633249385
2.331847393955473
2.2962380778827116
1.9701371777524457
0.7742475339591425
-0.009513918643477025
1.415008747047073
