182
0.9455740073950647
-0.26749925192587937
-0.7630918818487709
2.0336193376036347
-0.6554399707634736
1.079003086907029
-0.8747274337831046
0.42063426308226964
-0.5063392903259142
0.0944948648671612
-1.1770162054654685
0.31567540037277475
0.2861189103643367
4.1704667612757795
0.6887541984078032
0.14822726593443902
-0.917179189655996
1.7882992376831781
-0.73026908259492
-1.2567338463503073
-1.1051774829795442
-0.6486628999100794
2.2424412683569175
-0.8361186365652251
0.8662247034574391
-0.5925561418252334
-0.5425468723839811
1.0053732425040625
-0.7798131997991625
-1.0038323010492194
1.0761922796482375
0.810743432492114
-0.35848071675200077
-0.20429868117334385
-0.7130894108614929
-0.4004849317988951
0.615981075670708
-1.3931866933865265
-0.16548284882901826
3.3161980251159764
-0.8963863027276109
-0.5654072376804777
0.3982960878895104
-1.3765987948568255
-0.75310788167797
-0.5545501315448587
-0.2672196019974362
-0.45807223952254317
-0.6980538590366757
-0.9411971977532092
-0.8593500925421322
-0.46743640957312316
0.8400040013853437
-0.23583749119193928
0.39755194707707264
1.0636062398917996
0.8539980611680834
-0.27189680161673097
1.5652645169407136
0.33517618335713567
1.149306323488962
-0.5521148596463571
0.4729570591760599
2.1383499660213783
0.6573904667011828
-0.7179939842815708
0.3681263720876842
0.6297017764295965
-0.976735959389342
-0.3834572877383131
0.3824441716778146
-0.4820557696777678
-0.43743360556360555
0.8796291790658334
0.13222263061765874
-1.3447743190430155
0.03914922352675899
-1.1019169263206359
-0.604710791916205
-0.5677845326523169
-0.30063875846385096
0.3396925018828408
-1.2396541301548658
-1.1322502540084691
0.7855198088412648
0.3261539690186651
1.6767248565889246
-0.6417374495210765
-1.1882628978419802
-0.8609980097401652
-0.31672062873002843
-1.2488442317224389
-1.0089366593596416
-0.2470727092201391
-0.959381125041767
-1.0286058128149413
0.8043237339837415
0.15797287778518834
-1.1279491447034018
-0.3542565243441155
-0.40109525101545407
0.4970228199113189
-0.032127820779085624
1.3541652137030138
-0.42789694497313435
-0.7901901072851565
-1.1916245167978532
0.8785831395853516
-1.069472872761208
-1.0641921410949347
-1.1580530262599003
-0.6987773114475692
0.6504522046955449
-0.9149098662866639
-0.1965112955656434
0.1855261920480529
-1.2140565927589955
-0.9791880331898812
-0.47057998108079263
2.0260110881135764
-0.8276787125762379
0.5149246714569282
-0.3735827578815031
-0.5396074899530744
0.7735735039186463
1.2541751302900397
0.12595470911782086
0.03534107266770973
-0.24788583543484854
-0.4671543121712458
-0.8581848590064911
-0.693466144317067
-0.9037969744770031
-0.8112880344602549
-1.0542938632067738
0.25049375516448047
-0.5681677912395102
-0.9738419123523836
-0.7329459869679814
0.24899912192398113
-0.3704430281415745
1.7397556124129112
0.8164146005102026
-0.3788124843976698
-0.2149724163262214
-0.6259082953827071
0.7007012110903784
-0.5742658313744842
-0.6494385091556897
-0.5828281176773735
-0.34412351676703035
2.523442775579467
-0.9084463820786244
-1.002687280849479
-1.0134270477463618
-0.22292697894443592
-0.29034516340543265
0.2066984663087867
0.6449370755343447
-0.671698280591
0.012584621089161366
1.1336205438174818
1.068971213858237
0.1648799379424693
-0.7073517290646316
0.5997995906995678
0.20652107813738105
-0.3482797142434385
0.8129300840206597
0.1174748750289308
0.2650989656045641
1.5114559072070304
1.1552586554524538
-0.1398904562960787
-0.04580999110896751
0.8858107417156033
-0.1309120148677643
3.091791854503728
1.6262806491105817
1.1709538957498997
0.946207672892105
3.4501690908002103
