182
3.39991490858455
-0.16469541579190392
-1.1622038009519255
-0.9345392723959655
0.7186331949803244
1.7559133572151966
-0.6927893095899582
-0.7021195443973466
0.5269474295902253
-0.8452069065145774
-1.130627635652367
0.9232200641263285
-0.8262275910350225
0.77070732092751
-0.4641523483184175
0.2634044028717327
-0.9866745826766757
-1.1184677856804608
-0.7565186067249989
2.5598727270546773
0.20592578919956775
0.026339654048566752
-0.8417784908259457
0.03916811116087743
-0.9309443556844067
1.216622401666946
0.22722949684679145
-0.7569208040126215
0.8458286271033258
-1.2018636432496965
-0.09196182990456672
-0.969370182926754
1.0989588015244938
-0.14190698042603891
-0.297870621673963
-0.3140053052727325
-0.5830522616602823
0.6800962030899069
-0.424910989266432
-1.171337117296869
0.32400522857798764
2.2077685731906582
0.75145377768058
-1.0463402784941036
-0.7335859622355965
-0.20224029414236994
-0.41981584039103903
0.26435683664926335
0.2865845510621522
-0.9634949136558687
2.5709602954777093
-0.33627513291116784
-0.5703683061685256
-1.1531915636756926
2.4888947287156986
-0.3707057812479561
-0.9093789983050339
-1.0714692183131986
-1.0495988636262048
1.453556113965802
1.283556658180195
1.4150568505896959
-1.0304102351969722
4.306885616004225
-1.0916843019131777
-0.7901287106858581
-0.6005724188641527
-0.8077806858550021
0.8959918164111361
1.5885646207017572
-0.2379529102778443
-0.9454770572421825
-0.443194876500002
1.256441302838175
-0.20613758492947415
-0.21892404886420483
0.5042551195747462
-0.5275376465340516
-1.0991814107653133
-0.6915047645092829
0.6049064836513234
-0.8151920311666024
0.5720623946044432
-0.8328115121398454
1.112858235663936
0.6567470824537777
-1.0281933395924177
-1.0718003833793797
-0.7930837863715617
-0.30755908502042967
0.5705563746510374
-0.42961541924156554
-0.417003037705667
0.4473937482945695
1.327476372157785
-0.8194441756033595
0.0024080771654038657
1.3274494844229943
-0.48011436184853756
0.4684028544767542
-1.037162290714247
1.4982288487281206
-0.2524744363686456
1.0692683948295478
-0.053375189013595566
1.7227664326054382
-1.024430624098227
-0.8004885989631768
0.09230354210002263
-0.508121353894461
-0.06945407674479291
1.9321588681482498
0.11408931965435559
-1.175947218633776
0.2346974073621837
0.9103650260699283
-0.7557389368833961
-0.953371663215944
-0.10895176119496632
0.6703457823541694
-1.0092541249581253
-0.26110044771918045
0.4235900684046944
1.9715306826512038
-1.0001576379578305
0.15410030505990527
-0.5895249156124369
-1.019569090759246
-1.161194274083138
0.16392234026212368
0.29292845380380045
0.22573022024698486
-0.2703432780324793
0.4900374607472026
0.20025455329554676
0.058494756669666
0.4165701404643494
-0.7964330302028915
-0.05351523380777107
0.38524442462126013
0.14666955225339043
0.2334481037037849
-0.37690259830328654
0.25578737387365286
3.36937876179797
-0.3182851651681931
0.4496357397329966
0.07317282538198291
-1.0635599374235554
-1.108844075172436
-0.4584604229422118
1.3532721661451226
0.02009073989103437
-0.22544298373011726
-0.2717070260219594
1.1153774292268914
-1.1243027930666902
-1.145379207169101
-0.4330599158782546
0.3246491021745259
-1.0610063021118832
0.23502128150028592
-0.07259101906526719
-0.49505907614298933
-0.8651330311760712
1.4509695288924847
-0.6010042291381101
1.6737668840537574
0.3752264303245967
-1.0817157202097696
-0.9591276066481287
0.05046695506205889
-0.09672726432762972
-0.4312341904944933
1.4291437048209825
-0.07901763124077905
-0.5153864835612033
-0.9306934532478793
1.0785340973386035
-0.812642254953146
-0.45621776625030874
-0.702590735800408
