546
-0.9981721576914936
-1.2987893485476394
-0.18847170334419097
-0.585010095549223
-0.03983061913930667
0.18693794412809223
0.7580969181858345
0.5539178979000406
-0.792013650944453
-0.5733629922871385
-1.1221674989370976
-1.3529860026990825
-1.3727477356706166
-1.0975820048812903
-1.3206689493714272
0.2281879403942326
-0.06748587819721115
-0.4866135089760406
-0.4515045470697596
-0.06644327069429426
1.3008465105068738
2.4833437111916097
2.7182298488191585
1.8505712195496897
0.12851146267863736
-0.3530659959435075
-0.7384782882550819
-0.3335093788019949
-0.17168365415380676
0.5050670397493617
1.8094618901267454
1.4035353125481762
0.9326264243200135
0.19355732631065262
0.49781274718781
0.9030675933184045
0.8348056058164264
0.5334471802742712
1.1540208063752668
1.8036726830921033
1.6003970591722563
0.20157283660986955
-0.36298207628487267
-0.6933164817225287
-0.9113005418770179
-0.7714786330933516
-1.114935002820783
-0.9783682556337986
-1.3338667225867147
0.11588741444191349
0.5088201144076423
0.6431513451239924
-0.43104981854822305
-0.8694936526846646
-1.0373763613004996
-1.6344863449855378
-1.256682241954029
-0.09541279581832011
0.4692265013101391
0.10301765672813455
-0.6577768256384688
-1.4248417961987108
-1.4619968587555636
-1.1427177644696949
-0.666475475078013
0.07841750116567042
1.2156024353797292
1.6111500556368825
1.6077514796465557
1.7487421935147294
1.3103103688668016
0.2916049360465
0.7090613043051964
0.6246349474332668
0.286505936974247
-0.42041410074974284
-0.7221879930529757
-1.0456866192650864
-1.3948839622734095
-1.598972577910421
-1.1604058992008286
-0.47341218940237106
-0.3595580651417765
-0.7873960806299739
-0.36928648232399547
1.9762543479806385
2.665229350140269
2.8601635260465983
0.6176149299185412
0.08777563321679448
1.1904132512112224
1.8934178099320933
1.2107178763027673
-0.7122765577966989
-1.815003341480187
-1.1349105860101345
-0.79956657703869
-0.8930713813045342
-0.9591176707749242
-0.7380397598230038
-0.22320778394352564
0.6051595905832169
1.3013556957475576
0.7229786675832037
-0.38662431691470067
-1.2157519486283155
-1.414316079786082
-1.2137726362163377
-0.45859588974901355
-0.8915492950116248
0.6358655672601052
1.2178336358825146
1.1875717868487365
1.2450064634095417
0.11182457404939379
-0.32930547924838155
-1.4331584090256997
-1.6974145732419734
-1.6953455553220864
-1.2377420164833381
-1.0411973517278805
-1.262289219663738
-0.13164982033613096
0.05726273972919901
-0.19299936372074797
-1.2860009950547093
-0.9674410140923881
-0.6095170303988099
1.0118443769940768
1.1851546851884218
1.2546862011048356
0.5134329466405827
0.405451413578583
-0.16242832621902806
-0.7916572803306903
-1.586040882370418
-1.322517092399656
-1.4873230824329002
-1.072029204041456
-0.8056109283029182
-0.808858442855896
-0.42953148172991956
-0.32032772533971277
0.7334712181706097
0.514502181493781
0.47748439199222376
0.16144006771206088
-0.08039007140952126
0.20648043292042517
-0.17003437418192985
0.21094411561941806
-0.7075567188594821
-0.23624639307613168
-0.12189059627878031
0.04691256570899327
-0.5372394018187693
-0.21706925310473166
-0.46318538730979864
-1.0212392311741685
-1.1160075048937301
-1.0326046841375542
-0.3967102758323439
-0.011662820319918303
2.739005034518544
3.738215907436498
3.297662170342811
0.7521670865373091
-0.1459114151313975
-0.1254505700543498
0.0763828588295162
0.456564029174996
0.5156272855167339
-0.06668059371282616
-0.013833486136477675
-0.0759491973409762
0.3909781470574159
0.07773503169828183
0.25484103463197905
-0.10532574168990029
0.06306284865557088
0.18218401985020402
-0.22607778394391956
-0.2540058690487791
-0.6699919566239413
-0.5983826632327468
-0.15933673899141226
-0.3729768486473939
1.0210809754494883
1.003631633084445
0.9027412959996384
0.2537881329219165
0.03886125061524359
0.729379176484587
1.392452492056839
1.26791169386179
0.11689771007256727
-0.6679497960522113
-0.38332178978283704
0.08420083847394105
-0.3624074928480463
-0.16572088979175023
-1.310181690700878
-1.3110889354777064
-1.026213745634218
-0.917450696579056
-1.2029311831841563
0.09641528594707094
0.29606140748673515
0.4008545074968577
-0.24592036880311544
-0.43198354539390355
-0.043190064684264666
-0.0969885498154925
-0.6322223274462482
-0.3789905493816842
0.014418064949690562
-0.9616471734073978
-0.17956961102155075
-0.8729608774674763
-0.5303338768049234
-0.818701474607032
-0.957315142950051
-1.0030554917978687
-0.996031158423761
-0.6495821159867113
0.7826910173393099
1.8946570163842653
2.366057634253169
2.188425296407818
1.11734598071635
-0.7581562963617807
-0.9489733743495925
-0.9969301693098829
-1.1348498689636117
-0.7706760482877246
-0.8629575903793492
0.3702511052973165
-0.6794635011189082
-0.38642789510724873
-0.3519911618681014
-0.29360144209422584
-0.19637267187380594
0.15502630696989272
0.4284250696589039
0.8252410726612174
0.7201071520705721
-0.06311223482667053
-0.47374650291105813
-1.1045305597599275
-0.8941588761209123
-0.13763802030229347
0.11205136998119629
-0.22946105678201079
-0.485371149598606
-1.1221721707460095
0.7310624497957608
1.7291265662077815
2.104875810976087
1.1186142062109918
-0.506022592630084
-0.9757967866717355
-1.1023160057304906
-1.173069305087176
-1.6920031711805548
-1.3603368278945533
-1.2543800299473835
-0.9563260471090398
-0.5694943583585604
0.15143348486284905
0.6688623206093869
0.12269355061263684
0.48827716999425197
0.11544714805050206
0.38188314430929876
0.7173873983658628
-0.262645974434514
-0.7859805332369434
-1.0325967990760727
-0.5368030984364937
-0.06626501560906134
0.3380286539392426
-0.17383629849593277
-0.37174779462986146
0.11634631763353699
0.15253755830391602
0.36851906678900864
0.44119111705338554
-0.16439336607461927
0.2757818102473043
0.18023743527325198
-0.6064261369690171
-0.22171863486904622
-1.1672243682213508
-1.6587896010905216
0.07397949010603655
1.2067142607149
1.1074195281573895
0.14412006280100223
-0.12981619581962053
-0.44502278339613804
-0.8074275714393642
-0.8223106915269106
-0.038907809813383855
-0.14423016726844454
0.10098016794360891
0.7028810312280371
-0.08744172931174292
0.8092700897776401
0.9370577088715597
1.9051511599585942
1.424927814124288
0.9807824422638977
0.7306371717054991
0.40885976893535
-0.40023169127485386
0.01306736847403192
0.6905274574753073
-0.208607815264353
-0.42207759314368964
0.6893992212861921
0.7639307931950845
0.8922034770743511
-0.29661189568238194
-0.7094584844183499
-0.0019685202829908205
0.7324480898946909
0.214005415783226
-0.0912416422387554
0.04722372487014579
-0.1465694699328547
0.6513964918490572
1.124058261681765
0.8742996443132021
-0.13284749601107826
-0.6607636306287902
-0.17446925934387983
-0.1090617416814309
0.2068714517379996
0.05614702614896174
0.9881450655481699
1.1077319128469079
1.3485968939944244
1.7648728202705677
1.1264364489827632
0.44454176913406274
-0.29268272789915734
-0.45496246910553617
-0.5200679382670969
-0.3904364228949958
-0.31744723330076663
0.24464054756068135
0.5984485966154944
0.6814248071702
-0.3960100616972425
-0.18035885679080194
0.47193639736847875
0.38031420992670156
0.8159093443706031
0.6394289872000067
1.336395413601882
1.5948152600439536
2.2258466643815726
2.348284585713101
1.2120862309758496
0.8442664172131975
0.13086261295971152
-0.4659177745852403
-0.6904497560627114
-0.126147261877146
0.1305030068185875
0.11560818960933303
-0.7160647959377767
-1.2732436325342549
-0.7145371856382559
-0.4841104790167483
-0.4562170904590049
-0.29618030415161084
-0.34325252932046324
1.8702903484922697
2.3316719616231993
2.0650371877698936
0.16099577140489094
-1.023092569300612
-0.860770737219413
-1.0719564311606964
-1.1252898747589566
-0.10658014695006207
0.4438009426134551
1.212511518356932
0.9081312280322633
-0.837729269328528
0.39885892502926684
0.14776039215300013
0.2613652611281387
-0.4999283669216553
-0.3850724332335229
-0.49327952103041256
-0.8918171787541571
-1.3260187304466315
-1.409947793409535
-0.992422522657497
-1.0066258308484937
-0.5191861945631351
-0.5111711358025072
1.5757803311136866
1.3873710191241055
2.1204034868980397
0.04675564248102349
-0.01933201081303222
-1.0036714361419685
0.5083712529957348
0.31234443845776416
0.9787022069068986
0.0411930425850125
-0.28742738797706374
-0.8765600829317292
-1.1054363921695833
-1.0123499981805226
-0.05141357483452848
1.2636284265306494
1.625826564811436
3.2731881476088835
3.0295738976593
2.5518317280002853
0.7626776588806221
-0.5991515313390804
-0.8236431943354768
-1.1103741663506503
-1.3053549073451747
-1.140378798133067
-1.0082084275511976
-1.274799045713193
-1.328039771969553
-1.0983943256300903
-0.9728114541056808
0.18554743339839883
0.5573572703348431
2.61259183624593
2.8729566671054956
1.90285436745877
0.012576987739650712
-0.5664421244172295
-1.267277767027989
-1.5191852396356225
-1.2375145459795356
-1.2819283159389923
-1.059585231317582
1.1235152235558443
1.9936826756354766
0.20289593963738844
-0.9662192286407314
-1.4314222281008349
1.5087088183244453
1.4207024625910831
0.6035408090006631
-1.389375441083128
-1.6065290043598852
-1.5520252300169315
-1.4070598163453178
-1.7256215341846186
-1.8421103819881082
-1.618531681252818
-0.31651130980267345
0.6015665950657877
0.825091329601206
1.07116438598696
1.234495821618684
0.862593044039754
0.40911284665113795
-0.46825446105621993
-0.6381856384045048
-0.6064973450676622
-0.6085267337381114
-0.7821099863530059
-0.5068069964316204
0.06729188992577032
-0.3020359911053963
-0.14662106013753987
-1.1719094252590647
-0.6847867532406564
-0.4525294420412128
1.0059435998722994
1.4022672382132668
2.115045842458562
0.7643805393381516
0.7245048651785099
-0.18379578783927547
-0.2726623066852211
-0.35412745516750394
-1.4189896865651597
-0.7210391593365224
-0.8501499013068176
-0.48180866952868473
0.25433193700490386
0.18379031769346799
0.8646572093767785
1.6620463445945348
1.5644250253789875
1.1092515281268749
0.27157377587025106
-1.0897036038096213
-1.2553072407917871
-0.7294521236572492
-0.42951299608633503
-0.6879122837668189
-0.17208239795051622
0.37362088329176707
0.43141438118555786
0.6848919222912685
0.845691242326029
0.5918477649805729
-0.08481591802564618
-1.0022404749416296
-1.0025612619023336
-1.0912653090314388
-1.3123818509852407
-1.5693505693122316
-1.4978687706901188
-1.1286354214211292
0.0387327403714594
0.19066537373477174
-0.5162477826883204
-0.012655509517775238
1.1470296984274873
0.30292441788777497
-0.23945737095073397
-0.3856651344299366
0.3810659611962528
2.5122247766484676
1.5587651802690905
2.0828821424601704
-0.234443287026533
0.2546708179813042
-0.13868468006230614
0.12056807180650976
0.7822833170963971
0.1985645129045064
0.3224007894116069
-0.28704663364393435
-0.0651775536022068
-0.05261726004515171
-0.14737006895981605
-0.7272072868129404
0.2499795414484228
0.3189438147118438
0.8003610771543964
