182
1.2410367347128712
0.7246132869355908
1.3373683228820756
5.4669900673486795
2.3347320879215214
1.5827810861901368
0.5326603130536064
0.889509268894064
0.10754485435361864
1.5357787860607213
1.685995607465595
0.38404609239533216
1.4006656166665559
1.279608147202074
-0.11571746352450267
0.0007761644852612015
-0.3277885421225226
-0.5149401431089136
0.26262339904922644
-0.3469717758324545
-0.1333075586143784
-0.5076971418875779
0.971923623976115
2.7323895141961794
-0.23632204294014944
-0.49200933904004124
-0.6455833947178707
-0.5169607842118528
-0.32892888967148204
-0.6448152030683996
-0.2211852868029787
-0.3811186105070825
0.06083243632083205
-0.521879772990593
0.7062284387907533
-0.8795599219732474
1.5070921478312702
-0.6943877755037267
1.0234681991946817
-0.620326889739675
-0.06299847691917743
-1.0436995488142469
0.9534042407100094
1.7452895009983762
0.30498383852931066
-0.7938860029777439
-0.7118179780709033
-0.8725036976686981
0.27973669367003967
-0.02733786084123317
-0.38763734757281054
-0.6587287468648975
-1.2414243076835165
0.1536524357114015
-0.4515512082841477
0.25728853596933665
-0.9982956607841544
-1.194976003594877
0.28977720356363557
-0.6329445637859045
-0.6720582802483828
-0.9866590139377073
-0.34499835735381235
-0.5945356178359484
0.7831955517801164
1.438383185584318
-0.7133509651801724
-0.9874453987693349
-0.8024206625186382
-0.9356133770379378
-1.1241591073338089
0.3946361706561337
-0.26610787651791035
-0.49265311659382904
-0.4883722930469945
0.19574607316441414
-0.5918329596036277
-1.1620199344718365
-0.8504111044273911
-0.8480157239798272
-0.4151530901665914
-0.8410818854113271
-0.28262481320672445
-0.6752555367363033
-0.9133521255363733
-1.133375837086164
-0.12380107067155159
3.5027077409664487
-0.6689333641349338
-0.8866652978663608
-0.32416408902540306
-0.12347167789583763
-0.9839672315737397
-0.979026577824069
-1.0537260233008319
0.49659154249678594
-0.8288504550464181
0.405142581504635
-1.007291094208254
-0.8597699194331437
-0.47607902231529503
0.5926423815290497
-0.8883998794232998
-0.5571302628940145
-0.9988203544951179
0.5410908095996504
3.7161208441602738
-0.11700829792286135
-0.7411613494463605
-0.9056999462081421
-0.14942429216250794
-0.2914606085886432
-0.9786730091945721
-0.6847742663162627
-0.2596167851889574
0.788499806571987
-1.0932904204959575
-1.1948847008446657
-1.0935104740661263
0.2686921465558794
-0.7352033863106376
-0.22451816564728144
1.266192760362443
-0.36011564813833713
-0.590666417635129
0.8256961742861013
0.3290584888030772
-0.7805656949979555
1.7566625026429405
0.5766804043927476
-0.6132645499659874
-0.8671830058106408
-0.8416773728273164
-0.2987083686326001
-0.5505919825465281
-0.8332392735734414
-0.559018325692248
-0.1599656466184867
-0.8117590588489166
-1.035557734752686
0.5202431042853625
-1.1094330302260436
-0.7651515841739985
0.812069393506794
-0.3397868197298935
-0.7020150026416877
-0.4571692687385218
-0.42224620799356755
0.692821391535118
0.49372360834966783
0.1464098442575336
-0.1648763215438509
-0.5666699018190167
-0.13514256433154062
-0.9691218051307441
-0.7962310704044664
-0.32465943038299877
0.8040279694372326
0.46872132015044116
-0.21092521476390907
-0.42940677256794096
2.2249543270103773
0.9228863661862162
0.030852956111397035
0.1404800069210168
0.45484501828902696
0.1536151070129821
0.04143625814467375
-0.07980864857680127
1.1771529188759586
1.137059042245394
1.1346854721765773
0.8578123377379336
1.5916620678292943
1.9408401457492293
0.3734365903451917
1.0294196209995645
1.3041444213284483
0.6803296868718144
0.4061508141432733
-0.399368671219425
-0.43786916573012635
