182
2.155267668853425
-0.8530197074637168
-0.9163656265610467
-0.7137564477176559
0.18067983075044294
0.8121629323768251
-0.5338862698478163
1.6243126862364203
-1.2447340126754332
-0.7491508749022249
-0.5638607493997139
0.5955411574561084
1.0089089205270891
0.5081169855801904
-0.2709482429423628
-0.561876956248846
-1.0501144475424382
0.23132307787563613
-0.2079734369265216
-1.0770385248863394
-0.5553549327353555
2.485936422757842
-0.3651386395012066
-1.4614879116667072
-1.3954962964378252
0.82062803224588
1.1375341674866628
-0.616310899313324
2.117098348008353
-0.11009957432214727
1.090622753488936
-0.17365838953895324
-0.798286978477564
-0.9193654622670094
1.1284948974803353
-0.37276194693404896
0.07555499256033076
-0.21846734023622272
-0.4673356933593466
0.3912136499717936
-1.1025938112302351
-1.195626020296891
1.8655031516813283
-0.6055527304584947
-0.24619486331479282
-0.7337409451630513
-1.1787406779744636
0.7785328616879762
1.996453808437995
-0.22187142528689177
-0.05725760540891251
-0.261922500926993
1.0773039322722004
0.7924825218851836
0.6860746569138692
0.07235930500536933
-0.5751253865286337
0.041841974169649646
0.7122754428456504
0.7476839883952927
0.8990948461686
0.12601633749246355
-0.8224471052329734
0.4986284357684592
-1.3069355053682215
0.10436408833835917
-1.0468602329675176
-0.9108714615373386
-0.7328138753563258
0.23531058266006633
0.05763522015667595
1.6611966949027364
-0.721880030334263
0.026264578151577674
1.7096065793678958
-0.9679506555174787
0.20591721851586972
-0.20384984362095843
-0.6614992828491103
-1.4877969099445472
0.1774351824715612
0.23399795580391297
-0.8111174887322593
-0.22207175388968572
2.716387726126317
0.36253558821267684
-1.4266306082562867
-1.5693494009453552
-1.2721435073361707
0.3770563723616663
1.2116394165497872
0.3531562928080251
-0.08048790113204064
0.40747068927290014
-0.6338123654644846
0.04025413066512921
-0.4549349000035342
-0.2012264269191973
-1.0742223065221657
1.7316400351790595
0.39466428886631133
2.3414123113279643
-0.6339514650844676
-0.7810291978609312
-0.33518816876130003
2.6049762098497404
0.2675688860673821
-0.8618691659776132
-1.1747621403753994
-0.38706249307533
-0.7327257377593945
-0.05162962140207575
-0.46706947387776154
1.3209910663328632
0.8416401725241576
-0.33658115670548056
-0.896689105085983
-0.7288895741903687
-0.5008320340998406
0.3592902270917685
-0.2934028116446659
1.341873985589644
0.5502541659005348
-1.524623249732935
-0.09141247577303496
-0.15596426567699928
-0.03175955702368184
-0.8062109657546265
3.364681217762475
-0.5477275380082742
-1.3383106099979913
-0.5949245335184037
-0.4289402229559723
-0.921925857168001
-0.8965956938968684
-0.6247513248733207
1.6763758966299573
-1.3158770713662755
-0.12637967881983853
-0.18465598811279957
2.1051180121183903
-0.9551386657668403
-1.1041451464001413
0.8551331581947768
0.9030085001558726
0.03756247100542464
-1.103194912148832
-0.2596820944300807
-0.026000322965489427
0.31069971714506905
-0.13093664975581784
2.6457313362507464
-1.209613028946191
-0.9468492352518719
-1.195893748218652
1.5386216398036854
-0.6153276194857675
-0.00509580793320798
0.15333774299636563
-0.12180984778619583
-0.3222446809658841
1.3269066514922008
0.755478462171682
-0.2000837790748632
1.7246646886148778
0.7667928003693228
-0.6513350564899321
-0.4122900589249947
1.0354647232342857
0.3884124611809451
-0.7348250442524129
-1.2707157255000203
-0.7570891696138494
1.991095787794838
0.12423233176540797
-1.0251646019618095
-1.0596006714998658
0.12623776410706425
-0.4924849767936506
1.440104702958384
0.008475159458676301
-0.2150437635162566
