182
0.684633
-0.358078
0.278935
2.49641
0.512268
-0.205675
-0.390071
1.00839
0.0860365
0.299365
0.337328
-0.174017
-0.0553625
0.919333
-0.0567944
-0.642484
-0.426057
0.0995429
-0.180339
-0.217008
-0.176672
-0.298976
-0.0636082
-0.654137
2.47985
0.861854
0.306088
-0.244862
-0.180032
0.0662911
2.08195
0.571708
0.98717
-0.102649
3.53404
1.40929
2.19602
-0.750192
0.443347
-0.213176
-0.883862
-0.390007
0.219865
-0.256499
-0.305976
2.02853
-0.744807
-0.40474
2.10065
-0.344152
-0.614856
-0.48924
-0.404152
0.115236
-0.629101
0.574842
0.479635
0.240079
1.71225
-0.254838
1.43635
1.4549
0.528804
0.279681
1.98727
2.14296
2.56699
1.31363
-0.102595
-0.143981
0.114862
1.71643
0.16273
0.869619
0.919357
0.339467
2.14705
1.46239
0.498952
0.182388
1.0481
-0.0685522
-0.00651836
-0.220544
0.189513
0.384332
0.120446
2.5991
2.0518
0.249949
1.27594
-0.273919
0.0224317
1.55777
0.357605
-0.0234581
-0.394934
1.18354
-0.61593
-0.00197675
-0.673958
1.22926
-0.428658
0.283624
0.348812
-0.19108
1.9877
1.87307
0.0128112
-0.0715492
-0.134465
-0.434969
-0.570854
-0.06356
1.56504
-0.131664
-0.677349
0.137911
2.20071
2.98792
0.645088
2.22368
-0.0420616
0.535354
0.779268
-0.387355
0.430152
-0.409524
1.29938
0.255669
-0.10081
-0.377222
-0.2887
0.338172
0.313447
0.113776
-0.401453
-0.348867
-0.419689
-0.560945
2.28203
-0.393832
-0.724233
0.159284
0.100142
0.24472
-0.0310276
-0.183859
-0.581047
0.234322
1.3362
0.22124
-0.349638
0.379841
0.456415
1.24246
0.303135
0.338278
2.52592
1.36406
0.156345
2.83731
1.19218
-0.145791
0.865548
1.65323
1.29553
0.203621
0.741063
0.242059
1.89079
2.73258
1.4521
2.08881
1.55216
1.4141
1.49305
1.96285
0.634932
0.723216
1.24143
2.16585
