182
-0.6531528798601541
-0.8441541325367996
0.18651084485292183
0.2783085308391581
-0.5019488663368374
-0.35820182199690875
-1.0222324857365972
0.9871667334071533
-0.5804918889995717
0.06330594421445039
1.1131438810672916
-0.7160251811813485
-0.653020482130083
1.6094254442641376
-0.27343157789377165
-0.8078180132588499
-0.4010730543685106
0.2132072538587737
-0.7618229755701175
-0.5996971047863185
0.3781539059124363
0.29469291405422354
1.9510302347877713
0.1820420803192159
-0.3606046084908384
0.2841979067460017
-1.2830562433753427
-0.01850898765508771
0.4185535446050757
2.3882543456482086
1.5161680579487842
-0.8468879224873688
-1.1140693301634312
0.14251297976577196
-0.30684882143402537
-1.1773835279566032
-0.9186959060433015
-0.9440432697085223
0.8118537171466834
-0.15481385566822808
-0.7885718477406807
-0.4098729763459113
1.4975426640056306
1.3508966007663252
0.5973905319572584
0.10049346203872851
2.5937448367045906
-0.6759424473891582
-0.8237186158798462
0.12317834563174614
0.14590291013223633
-0.29965050100536555
0.8084112033061386
-0.7591944613888301
-0.9097154286353781
0.4324346615883418
2.15704032283347
0.526080849672885
-0.6716682875717613
-0.7770215735335397
0.5439434705847167
1.2217928149291206
0.31512136156153514
-0.8260332237912619
0.16883622035563836
-0.9362543472778072
-0.2463683054509635
-0.4879631452482736
2.249631181925098
-0.2896562307970397
-0.2621893823854449
-0.06415954632240763
0.13017997638398593
-0.9246597113973469
-0.7358557261841148
2.6700042852343193
-0.6137732755849927
-0.6998594518439292
-1.2604359227489257
-0.8341704726145944
1.3719781822613393
0.19673104559305452
-0.4862051528268203
0.48694653528580784
1.1370870282486099
-0.13418340710483734
-1.0223822778795115
-0.6679287659473648
0.32240459262587584
-0.5223541211900395
-1.1693829582816346
3.6458792259851602
-0.02837807406832115
1.7884118690281046
-0.4313632759406906
1.5281557714933232
-1.1347728127572652
-0.8805428109927411
0.2401699113992152
-1.018957356044775
-1.3169921067999386
0.9306243748902687
-0.8890908314545569
1.2863589243387075
0.513004418187496
-0.4566787378611589
-0.5376835671120593
-0.3690902949200294
-0.8724524153429787
-1.2240281502676698
-0.39357923547845747
0.2572907126302719
-1.0761642008301422
-1.0472530112124798
2.54278322092563
1.2390536177143483
-1.1066460808797771
0.6064990342551437
-0.04187675762004287
1.2118701961524447
-0.6617502101311997
-0.30153637355307084
-0.18046377966354837
0.2635191308977936
-1.0415252085482891
0.2306742327241127
1.2630684683938331
-0.9578424783060336
2.688646352327432
-0.414356691982496
-0.7029638963023812
-1.048402963206009
-0.635758925078604
0.6961730437173712
0.16270411294834025
-0.4952206456709277
-0.41737261985034385
0.2891020220379718
0.18150878679936233
-1.1547334942205485
0.2284580945975956
-0.9685450781853403
0.8344608019388561
-0.2704282452538811
0.20888316039217775
-0.0739733333519163
1.299728049342086
-1.0903602413955775
-0.9572042587974551
0.7171401988303602
-0.8583242074983211
0.005332074534882185
-0.8244072269429081
0.28412276959225613
-0.8412995095421503
1.1585022793151125
1.0118578660454605
0.9780236713631247
0.4348255672211723
0.32154130112282103
2.6622075598833197
0.15382382096573977
-1.2117785384571975
-1.183730614339299
-1.1758689756402394
-0.193243128850211
-0.7537737510748965
0.07030766421565952
-0.2387295116119631
0.8658356573284495
-0.9218488367121304
-1.0650685169354779
-0.9098736229843362
-0.5876373161829284
-0.6133159649461203
1.8016560026876243
2.6431223742609853
-0.8285104089686975
0.5136048011740498
-1.0823512359767167
-1.1949590930415979
0.5546305800700615
