182
0.662762
1.75891
0.260085
1.13081
-0.531796
-0.122276
-0.614771
0.586117
0.158668
-0.108782
0.118954
0.36072
0.761445
0.886491
0.311182
0.24789
0.116259
-0.30078
-0.480745
-0.653181
-0.241847
2.3803
2.5134
0.266894
-0.34448
-0.144505
-0.191466
0.444147
-0.00839828
1.99697
1.408
0.548635
-0.612229
1.39534
1.39035
-0.942966
-0.422251
-0.365434
0.69572
0.477735
-0.481956
-0.411878
0.104431
0.495877
0.448553
-0.191119
1.37633
-0.253459
-0.364266
1.45204
-0.247597
-0.453669
-0.724805
0.111085
-0.152433
1.34819
-0.673922
-0.380742
0.355656
0.225942
0.787495
1.60539
1.14495
1.024
2.33393
1.6893
1.90144
-0.361103
1.27855
1.04863
1.37304
2.11289
0.150492
-0.10867
-0.574541
-0.0978752
1.9441
0.348955
0.882318
-0.295389
-0.055679
0.718202
-0.540282
0.0431858
-0.586702
0.13057
1.56009
-0.508243
-0.299742
1.04718
1.37152
2.30034
-0.116282
1.38463
-0.0536731
-0.115408
0.189151
3.08437
-0.217827
0.496211
0.442775
-0.15496
1.15734
0.0497397
0.548808
-0.130171
-0.865772
-0.125227
0.108764
-0.335101
-0.29222
0.663438
0.858451
1.72656
1.6783
0.240726
0.702431
-0.36237
0.487344
1.87967
0.0724306
1.30906
0.809155
0.384117
-0.0605696
1.8353
-0.387407
0.196247
0.755894
0.269092
0.385289
-0.262159
0.430801
2.014
-0.33246
0.053138
1.25461
1.19985
-0.408155
0.424369
4.13392
0.762144
-0.736831
-0.302575
0.541808
-0.0351845
-0.612923
0.297556
0.362672
0.369256
-0.0448605
0.14676
1.16447
1.21416
2.26292
1.22037
-0.0326832
-0.113864
0.0996263
-0.54974
0.649536
1.33856
1.3379
-0.146331
0.251556
1.87168
2.7726
1.49049
-0.139805
1.48194
0.0756763
-0.471857
0.0461644
1.37286
2.75732
2.05866
0.233299
1.52475
1.41464
0.716999
1.80745
2.90748
