182
-0.6627006347651226
-0.6382011569142885
-0.9129822835200366
0.9116200174927579
0.055184798987503864
1.3580054548888703
-1.045790104685809
-0.5817790261716286
-0.5857127275714744
-0.9486778997305534
0.8446843960342576
2.9536215033373323
1.1994651027121472
-1.03604155161861
-0.9355610349471815
0.49499461988852633
-1.054098400674113
-1.095161581446228
-1.0621175170704396
0.6796087738047042
1.209726429900575
-1.0783340094006215
0.042996631309429253
-0.9673230733855261
0.5951350104371024
-0.7602180589360232
-1.0820276217247309
0.05840599804688037
-0.626070952213061
-0.09535534353313398
-0.3273444906749505
1.3191938052816248
-0.3395643771318312
-1.0837604080806877
0.4546545918402922
0.5813591912343506
-0.31584298420893914
0.7776703385484875
1.7407170498942923
-0.5251066135897206
0.8867908916298215
1.0240986396943998
-0.6325020256732529
-0.8818728186278649
-0.8575254072546581
-0.9881218068316948
1.6716590214287381
-0.7306801888462741
0.12764161123367934
-0.9217984941853448
-0.9056311758026243
-0.3989397611685604
0.02023619085287663
-0.608129902251162
0.7286313125553826
1.8023933309996856
-0.40050066122220707
-0.6081256763211956
-0.6066554152216961
0.5791175501200198
-0.3432123832291388
-0.26736757378361703
0.6072176157676875
0.2344509458147418
-0.3529638649933419
1.228470739331553
-0.10882536417016109
-0.290086830816445
-1.1442869870665144
1.1245616979393986
-0.7684675403770312
-1.0454966003794424
1.3190325842277009
-0.3325085382917485
-0.5268050902713042
-1.0606774706888447
2.8598977909540277
-1.0960635996979669
-1.2350225914928812
-1.1569636744538894
1.4901260280568671
1.5635562661691473
-0.06731308082114607
-0.7390604605205301
-0.2682883711400739
-0.4993347628967016
1.816147206586848
0.3669619298625838
-1.0973345504356102
-0.658381039069043
2.4104604865192383
-0.40495121170277043
-0.6338131799271314
-0.5284510809265884
-0.15210637263585472
-0.9588817742078035
-0.8414217563665009
0.6276825961515355
1.3111157815692578
-0.9532321468137751
-0.9567817689927723
1.1082281373769118
0.6524977176462741
0.26244402701450825
0.8514190298274545
-0.2585113534428413
-1.0885310888628015
-0.699716656489619
-0.18401446281005024
0.7380056445794634
-0.5687815203515335
-0.269332615541177
1.2810477591706075
1.3895204667331649
2.8792600553191545
-1.1354162661976428
-1.1754467035819525
-0.4196722728255661
-0.14440562147613048
2.0782376570788434
0.7395041519345595
-0.27625708767609497
-1.1214575177440085
-0.6396879214168625
2.100614526606915
-0.470662753498181
-0.8930653691867023
-1.1170782652060733
0.960086916473931
1.0995794388542637
-0.71207794401902
-0.543704973014913
-0.7438916875704281
1.9363846237487365
-0.5246820131345431
-0.4766963896925202
-0.09902446162024038
1.1383302882681445
-0.9605231408754588
0.215787737432136
0.6403258257735577
-0.7489612794012733
-1.0701198864023673
0.8408863282264609
-0.18791239607356436
1.7828320989002773
-0.21460841774168912
-1.1562034005559623
-0.1908838895964835
1.7341970965659042
-0.735263699583928
2.729182264946081
-0.9401150017378798
-1.048301799980138
-1.0573265454182
-0.3205991615254728
-0.8796008910622791
0.7691829448612437
-0.2508774146340416
-0.7488617900064575
-0.8183025984496485
1.2819389724517207
-0.5730881715100644
-0.8619601613716517
-0.003723276730303695
1.1425257793718155
0.2122877377306976
-0.010489939801211365
0.4024263869708774
0.025367904367891977
0.8056345057323737
-0.3182892265864106
0.34200198879040095
-0.6828574011631173
-0.16230897052498164
-0.42703977224073936
2.531773408899769
1.4806237293479378
-1.0035526223496316
-0.901704207721559
-0.061857472792134535
-0.543626749341019
