182
1.1358051859550113
-0.0775310614102922
-1.0153929298789703
0.6861948914492378
0.1770445981881748
2.229396839269296
-0.040787628964076124
-0.7413449185435967
0.5211793824793498
0.5060503848075353
1.103963001269593
-0.31943885172476344
0.19809118439359533
2.4400090647897303
0.5889559165238485
-0.17056835196038414
-0.8182451900490386
-0.49991297132919893
0.5808071212163111
-1.1288433420446682
-0.30979632842535715
-0.3697500032996083
0.2776905846508198
0.691680365047039
-0.6187013899897769
0.1780995688415384
2.3466449503963696
-0.7599000748595064
-1.0387096435721155
-0.10929592148482654
0.005074716235705454
-0.5251316684847837
1.5256269373969844
-1.2017718107940458
0.12074351135214831
0.82296442136597
0.8746466479579031
-0.32688118976457076
-0.5851531230649738
0.25522805950516375
0.665169269521213
-1.3660342671142836
0.06912739742866669
1.2553240662990808
-0.9077171729110155
-1.4373239734266214
-1.4570269114464294
-0.9686506696061193
-0.3258812991892005
0.8980785126980995
0.9873347227354449
-0.1876737660699562
-0.7222684289304863
-1.5029166242611793
-0.25079601709052973
0.1549257825556746
1.6835246618432242
0.06694625336129692
-0.38959356186386573
-0.3792096104833738
-0.3675690159885717
0.011832960556042623
-1.1342570863083261
0.28175990457093075
4.0407668650061686
0.276406441112351
-1.2507671210980955
-1.2060574659942147
-0.21617509406701757
-0.06761005414672717
0.056153218253218486
-0.050327608773441695
-0.6656208584566116
1.2406228354301783
1.7306947304211047
-1.3789140891460812
-0.7303021435205141
0.14711513155282124
-0.48933684544764755
-0.7166793970496717
0.24691616127272295
1.097958902882572
-0.597168992031026
-1.0903989202968951
0.427883707388613
-0.05684180624911814
1.8201139283803338
0.19318188758780797
-1.4706393965601403
-1.4220604138630843
0.23218120780995144
-0.5305284775939492
1.3400431686120602
-0.06426709368313285
0.3503632853311675
-0.4273062310615281
-0.027800191425378745
1.049893036064357
-1.2023555471152212
-1.5589697400517617
-0.10446686288377223
0.11357658818224624
-0.8060659164404297
-0.6405520122650078
-1.3594364669413428
0.02760481989773144
3.2189741047374323
-0.2944269745610957
-0.8714140608818209
-1.2493854152237076
-1.0244256821498143
-0.2362177461076861
-0.6373510088058499
0.8242226976463474
0.8064815517004876
-0.8766037103604181
-0.388769248708503
0.07922334397219306
-0.27851279423405556
0.9774740914896642
0.5259012334683533
-0.28925802520156085
0.21706786835998368
0.016152874072971484
-0.4426742945229824
0.8739220007699282
1.3805201009330363
1.1290102572898766
-0.6185335050302156
0.5613457338300081
-0.8926141050809201
-0.5862369386819578
-0.33498563476559373
-0.353638141652102
-1.2684206961126943
0.31011222357128143
1.6736621298873184
1.1311364730121019
-0.6502370527102996
-1.1501827616156295
0.45836290337840835
-1.4282369883125634
0.3523308947151983
-0.4236688582006014
1.9696546437553122
-0.7523302711049479
-0.6488820918477544
-1.0875669615729349
0.3939471847078584
3.0243583473543043
0.17620565767339783
-0.16592460305419532
-0.8692070233738997
-0.23228761921279975
-0.8642345001237473
1.3684937328463005
-0.9332135864367234
-1.4114707545524787
-0.4969265396018386
3.0434863901545355
-0.6045801893392158
-0.5465183793415216
0.3585791612081179
-0.5474299381773541
-0.41642354132484405
-0.4210864051978276
-0.5524204355646914
-0.16782521658128763
-1.0159277507880438
0.5603679334558097
-0.7525184584303956
1.480235200215376
0.12479456477685066
-1.0446176606246032
-1.1098777535365674
1.7152573191981106
1.7259824762713973
0.6960724056977022
0.5100072750466916
-0.05984088849102753
0.2583892574732037
-0.4915010508208838
