546
-0.7192325771521321
-1.30522233411679
-1.3898785563606826
1.4378922292847784
1.3397937788716332
0.6399848610163543
-0.9580828048549733
-1.1966382274254166
-1.469341269777399
0.6458370298129982
0.36738313414219936
-0.5196862519436733
-0.848377765615046
-1.0533885876620985
-0.4227987150352402
-0.6684022631016086
-0.5464352013457499
0.14584252791252958
-0.2129560963744274
-0.6626218617991162
0.26679795811700374
1.15995237546041
1.0034072277669728
-0.9744285950741003
-1.1424352285651547
-1.051469946830855
-1.0319335023846867
-1.079569877486142
-1.04658912054853
-0.09360274013831002
0.6405520649550398
1.3140007574641557
1.566136658984696
1.302312917453652
1.147503751136923
0.5292870253244452
0.27822190515399103
0.23059005749112063
-0.32919918993907066
0.1333947466094828
0.4854128616576684
0.500953318244585
1.1739100053676272
-0.03940046726761458
0.37049308955042626
-0.2797889147867378
-0.7241212873320986
-0.7326159430926716
0.08300101700004352
-0.2808655009243079
-0.7699268549518951
-1.3367262191840341
-0.3203483678689557
-0.09439129357813125
0.6056370734065496
-0.4580954650480873
-0.20264548386294617
-0.34206296511244105
0.30254702644405396
-0.2445774797497177
0.5385246594034973
-0.023961684458606556
4.624318840167844
2.913839854733136
0.6793007700983266
-1.401366894347096
-1.3172450552075934
-1.263389635480307
-1.2406206000241042
-0.6016185133691437
0.18448373375161714
-0.4175515040036624
-0.4907512596380171
-0.7666810868100922
-0.9671722015711438
-1.3573591481304634
-1.303221237417341
-0.976986286775378
-1.1885980462077166
-1.1606114575003785
0.20987245308670097
0.10997360410801808
0.12138327747799219
0.1848756582008519
-0.709729004619547
-0.8672654570225595
-1.1915085881545822
0.7322541615591985
-0.29089230121384896
-0.5217361048120139
-0.8978339368857696
-1.107602207994004
-0.5883217873391572
0.9940324849959643
1.9931797534049902
0.38663383743154334
0.25279985854495857
-0.20659020342237083
-0.2202713825041273
-0.9498313729532952
-0.8335466502769406
-0.09212660293157612
-0.10432175744491412
-0.33720358557043556
0.9763505062378818
0.9335146099653275
0.018013513025706133
-0.038125296063481605
0.6197590265760717
0.5326061330543932
1.3711963586356581
1.023058246962672
0.010204473607382305
1.0188501054655694
0.5007227219413548
1.2160261564438526
-0.06813803101731811
0.18746296957196346
0.1725740178111267
0.5419249901258253
0.33144741482781714
1.2386783351000055
0.6849213070619188
0.07036808242716526
0.7246593178654391
0.23013328742031522
-0.24265062141176016
-1.0512621520158283
-0.9844228273219882
-0.5298263020903518
-0.17612042295783945
0.24678981712955675
1.5185422334252558
0.629345011398752
-0.1160250675433954
-0.7509785110536332
-0.9363599890473214
-1.090696802614005
-1.431059479384081
-0.7663289679110441
-0.1405461313966289
-0.393310972093656
-0.3358711774006939
-0.015017337425797963
-0.2205161340273155
-0.30565564972420545
-0.536601166510096
-0.4495962085442467
-1.1088433815102228
-1.006708586660794
-0.3320126055820646
0.3202426055279244
1.353965233287013
0.42005102815669326
1.1922480092011416
0.7585955808398567
2.104195240613454
0.7457139996826638
-0.06651899187332667
-1.237841306254695
-1.1440183272435154
-0.9178552033472114
-0.5015938212523477
-0.7620556139412167
0.742489348053884
0.24558345064049988
0.5883061579210452
0.9149863116580461
1.4602300477192478
0.8544510197313052
0.3474057461057595
-0.33117342348417156
-0.6078435028903182
0.43749581427959744
0.14220013077386878
1.1636602133756182
-0.7198232117208713
-1.34256711551829
-1.3773993035781391
-1.177669219296809
0.1867613847768105
2.009366193308071
1.7626932238296866
1.647761915789948
0.324390968339956
0.3916742821673326
-0.7416909561878346
-1.1291787718258426
0.5214886761373204
0.8687460170760415
0.4663835862517545
0.34857923224128035
-1.1844607626366506
-1.3340804767662278
-0.9720995871559573
-0.8364689610935518
-0.8843252643279165
-1.2450019679021618
-1.2471153594327808
-0.2527281442779686
0.7914684702505776
0.43168029544500436
1.2736778081229039
0.8650802600032049
0.39352840080467133
-0.17603063500483251
-0.13688421259024894
0.0085680196795553
1.5614501054595094
1.925342857147297
1.6700676187618018
0.48150987104841525
0.21066532725915993
1.480025300695421
2.052656509845369
1.3860281516194772
1.0335537951724243
0.18882729621230196
0.9720774219455216
0.9590466358139439
-0.09808632472504161
0.97612734793383
-0.2994110808700363
-0.8473638429403569
-0.5537620780633459
-0.8083081963010499
1.9808818893111222
0.4443451859413804
0.46266152901222446
0.5202493956130196
0.09073538369668326
0.7507231076114568
0.3983558405790417
-0.053344142065028965
-0.9692778193606906
-0.6650577162327872
-0.49146889152528145
-0.3075730399466523
0.26513620026938367
-0.3154449686853343
-0.1487434586025552
-0.24201633277655626
0.5070560249851104
1.507986631636793
0.6775899358399116
-0.36821337880220584
0.023836875359379856
-0.442918955160425
-0.181678453853041
-0.5605592568416033
0.5967416064187188
-0.2652701137859489
-0.8551817653567789
-1.2184457014281767
-1.0101961567102853
-1.003075726683534
-0.2075228132895462
-0.8222084815960032
-0.096128437854172
2.1469098657981665
3.0825809557492474
3.72839702019814
0.5452205338442253
0.2661727346729158
0.7254581491816904
0.3164073486632543
0.2139352599901225
-1.3041691745007993
-1.362489982255123
-0.9607024510719687
-0.9878375345547785
-0.8807905923133372
-1.1000331668499372
-0.08738785207365678
0.4635539292877264
0.7016748431937332
0.17709518562162307
-0.021561146252338823
0.3855086025264137
0.020592449598100547
-0.21131987516890646
-0.38371488193657066
-0.1902330618721737
0.48083267652791334
1.4110485476616772
1.1543069994959756
-0.24142435415171437
-0.22428275079778193
0.6144744650090926
1.3242477331274287
2.252677648300678
1.689699743919923
-0.9385379058631674
0.18401369851365548
-0.4519941340775196
-0.385001939911133
-1.1158851986091718
-0.7747177430926896
-0.9418947653930049
-0.908736592820647
-1.301521243333011
-1.0684198192520709
-0.5419738736158735
-0.8274919444833644
-0.8620849632859937
-1.0335493439451717
1.0183229820130568
0.5837257126390726
-0.5138588190503888
-0.6749091668755601
-0.6267980146411064
-0.3691920580982566
-0.5142379766752376
0.7960191833345267
-0.2702592571824429
1.3141433571221786
0.003942188890113802
0.6329598063521024
1.371542039972732
0.9636433612373546
-0.2407778719638685
-0.6944265858453105
-0.7125117431085513
-1.2812602815593739
-1.3964983938234419
-1.4993260093049083
-0.2905361486536725
-0.3483434208649839
-0.257671308508995
-0.35630197051956297
-0.9643726998604596
-1.153941224713272
-0.3052099482929132
0.6770307192511915
0.1712234362574547
0.21016647764178958
0.5700262435551318
1.3171673777439037
1.6624517814746729
-0.47683355479171025
-0.8846651422221288
-1.484968653494464
2.4275373387129138
3.3142722973240986
1.2378836305771406
0.21913841163019362
-0.40548163705860035
0.1693381695959613
-0.6704520907621653
-0.5071074271264204
0.42840211007778994
-0.11191996382785703
-0.31530812740674097
-1.1533313919563721
-0.1639766701848173
-0.5684875919012833
0.42838228597989625
1.1043159489307415
1.2520924291596962
1.0964431095462153
-1.5619791382599324
-0.9885024907129344
0.023179545189881565
0.44376922970326677
0.48056976018190944
0.1759111990121739
0.8400479444405476
1.8952244182375895
2.3082959977552613
2.431623596063395
0.29768298689052297
0.062484824278382645
-0.17108474322340947
0.686948157154235
-0.433605392909514
-0.5654945435067217
0.10269853346746217
0.45306827117696324
-0.35419308260016846
-0.7297711659899324
-0.026613735101294986
-0.7105167656136159
-0.9895739085106406
-1.253320265056912
0.4901417739875655
1.0356281983701368
0.5461405168892132
0.7276519455300418
1.5476650127721814
0.7012239240525449
0.19986286877777173
-0.8701473230904907
-0.5127143914054837
-0.8524782494819088
-1.3598822064050557
-1.4126474481723357
-1.3174208305931212
-0.8530596407882702
-0.5407454573111817
-0.6311485514035463
0.18777311403199012
1.5407911649002068
0.7066132057061193
-0.415410942408307
-0.47356640578080694
0.7690483867307406
0.8783949957837485
0.073502612789447
-0.11893847686699785
0.49992725266655363
1.7958094923564845
0.8155956569935748
1.0289954329465043
0.01952648963863437
0.08636440944867214
-0.642729958510771
0.09152044594015574
0.49313838784212943
0.28633096342698144
0.9530423449041473
0.7790112956488958
0.510597582240957
-1.3355848104055157
-1.3626800236718015
-1.173694468157762
-0.7361961385955669
-0.6518164924135528
0.768682065368329
-0.17844007712604765
-0.41107733714279104
-0.4034564352601722
-0.15126355241233339
-0.3026560510782894
0.34156938471372783
0.4775402180506031
1.3279581652676735
0.7136226880229409
0.9211237628645411
0.6421953690230501
-0.09274251750860536
0.17118753835480116
4.817374142468224
4.011929738307402
0.8915529958880919
-0.23756304385467664
-1.0775508171968127
-1.3576979401361458
-1.4315442401537195
-1.5114292608196827
-1.3469513444324872
-0.5150419465412198
-0.739142452781513
2.3165382897440803
1.7820638847604893
1.6889006906439787
-1.0020561033927606
-1.165507613737643
-1.5093987453226005
-1.2131554964723836
-0.9618545485581159
-0.49311455711848634
-0.5646253044472486
-1.1776583265043126
-1.4842021207319276
-1.5277307441725465
-1.383829098048291
-1.1225599851195684
-1.4333686274281254
-1.3408111814118258
0.030681860998288072
0.1311461300968796
-0.3237085867673978
-0.03407632206025488
0.5151684886068532
0.18464648985036086
-0.05413199349480678
1.2536862800771469
0.2554985403582336
-0.10441473374090202
-1.3415582440095741
-1.400876423330957
-1.3244054153912608
-0.820600984803909
-0.4257641951188144
-0.8285748769521303
-0.3364783269606801
-1.415516000720182
-1.4394530023422643
-1.1977679296604171
-1.21426036505535
-1.3071909649020665
-1.175445385910949
0.6279668602225269
0.6151975712302927
0.3952833194932415
1.265038535441289
0.550099468177036
-0.07432216218272736
-0.937654626599304
-0.7586019491952436
-0.09517329843485853
0.029784671690492835
0.6175507088728288
-0.17028009657504595
0.8088150963767908
0.6206911353240534
0.9966329799228056
0.8560058757309247
0.2909855444398976
-0.9596008233088262
-0.519013619608565
-0.04345217336322847
0.3893563951934312
1.6587769041697995
1.263682976407192
0.7370729184427081
-1.0202142248664077
-1.3208454476254086
-1.5495317149910304
-1.5946582356054786
-1.2495367643750437
-1.0715388730010396
-0.554231678174796
0.3594986888867901
-0.32412115987665874
-0.12356339191923926
0.007486897061857802
0.958102833290518
1.114455028018174
2.21943634748389
2.660483035992656
1.584387624170152
0.08936682368882642
-0.9475550522899553
-0.7547404608565341
-0.8505113412329509
-0.8449757919974821
-1.2933403112925959
-1.434699763625493
-0.654314504926745
0.5176087551353652
1.0782881525326709
0.894902398822819
0.294912394487652
0.6568264362043614
0.6981394526442487
