182
-0.8402495132674498
-1.0624751693921903
-1.0820550824444568
0.9436455569873251
-0.3373819505429521
2.6339619474832485
-0.9563480095524324
-0.6703702449794997
-0.7343857085944291
-0.6021552873612703
-0.7040676244368181
1.0346891811301206
1.0197137289395921
0.3509811857612632
-0.8216995989048693
-0.6631681978670648
-1.1008321585579164
0.10554253877460378
-0.4973506822443222
-0.4783093055970785
0.6035407789947226
0.4375236531042185
0.8548377721376978
3.389922408727862
-1.0017407338224984
-0.9735258371092956
-1.05245491159294
0.6966819611898221
0.20641443857557748
0.8464152391382209
0.9273267548679125
1.3019063741158503
-0.9181746214479111
-1.1273921372535365
2.1568836538117
-0.5789342924583402
0.304368343245823
-0.33900025095123804
0.9083622903477423
-0.8119460603230887
-0.5481967372218719
-0.14088443672368592
0.4316434291227947
0.5568855053980708
-0.9248810976097465
-0.9774870122074926
-1.0794677042357932
-0.8729986416454099
0.9889360960239003
0.5391374272996622
1.0513763149869766
-0.562904379996599
1.2281407976458851
2.427332516474265
-0.04494526101143324
-0.13960415865401082
-0.944450617575582
-0.596629013756589
1.1040379616602576
0.016577446272319274
-0.39049479404553605
-0.6903160763312305
0.35720564006939887
2.0503942080522566
-0.5592845867329713
1.4180678847428578
-0.8924362215562879
-0.8408591348378827
0.5977174347308087
-0.9281690729011637
-0.924902508325748
-0.22714095221476957
1.7627406255869602
1.1751579230776747
-0.8458057057204483
-0.9410920804002745
1.221756337557797
-0.34043592296741115
0.14350554275358657
-0.9795954419685649
0.8133709658597286
-0.9238019127695217
-0.8529990619401021
-0.9391768762744933
-0.5272706648828019
-0.035934319807145385
-0.3212417635675944
1.3284823511317474
-0.7479460774595639
-0.39986152155838645
-0.7265404768883544
0.5859712796530969
-0.9827014787705765
1.408262138503933
-0.03060471876784032
-0.6353104054851727
-1.0068403147239748
1.6269642174522467
0.2858471225637264
-0.7034889210797782
-0.22980966659686153
2.5980226249569442
-0.9743690742561987
-0.6826374117223172
-0.8557918601209994
-0.13881001393888592
1.2995938629951576
-0.9055146827992834
-0.9520861883333104
-0.9645325050249495
-0.9083561271134108
-0.09083019311319929
1.3500834843066218
-0.30616153927475986
2.671576550242181
-0.5889875855837042
-0.8725022171329189
-0.539941472470716
-0.45487685414339596
1.0606982967749168
-0.14155959780009586
2.8076585724804484
0.04958733608364162
-0.8149538187573243
-0.7550093816674829
1.0699745838966284
-0.6934114621039503
0.2819218659754049
-0.9366987766457652
-0.8955126371182486
-0.6809317979764493
-1.0439072976395358
-0.7051699005685395
-0.2866020222817001
0.1563393121133905
-0.4430186475428405
2.6016044191858017
1.6652800175590425
0.4552702221583926
-0.8357679540708195
0.330531659166096
-0.1264627297522771
0.8371633148739834
-0.7834637650690373
-0.8938149189393435
-0.5503056449744456
1.513309574669773
0.3022980350245712
-0.28876691158796813
1.8855537470308756
-0.36368621142348806
-0.976760797025136
2.0660284054206146
-0.9832927015921782
-1.033023724009287
0.05489775204842641
-0.5305787280905078
0.28661054488635074
-1.0491801607953513
-0.1292452778135769
0.5848415649914749
1.273153362550692
-0.6247213776805058
-0.8840281549238619
-1.0252999653237478
0.46323578542167565
0.7994310898859924
-0.36428102303491305
-0.1795295826341184
0.18967798356255658
1.8681018796100144
-1.0713334934639205
-0.9115038512328298
-1.0514850190289171
0.7383187480881026
-0.3312911759131936
0.2347629516463732
0.6910840592729196
-0.3464098103801034
-0.7917040634751646
-0.45290376649951614
0.9927004109464564
