182
-0.9574532216830463
-0.49792802486602666
-0.7191601943807642
3.2627917858101645
-0.9065518268784944
-0.9451253511998224
-1.0878690147775185
2.064563380760209
-0.11673927925922312
-0.477016659940604
-0.2500666932763306
-0.08040102186084615
-0.2381470537987283
1.32838170083397
-0.050107828679693836
0.8932172970379828
0.12081368562238928
1.623033883879871
-0.21249677894984267
-1.0515645700896021
0.06310333122471704
-0.23133016455293975
-0.7431510890245405
-0.898605608453893
0.5485976954509137
0.40512307039304835
-0.09749429580094801
0.09672343604757395
-0.4233313817606129
0.027040077968126425
1.822161968065107
0.10857541064438028
1.0338551646815215
-0.9812236619042206
0.9687784434935102
-0.9056567884174764
-1.199436449848996
-1.16524819077142
0.5490651557749049
-0.5866573107494922
1.6102138830122188
-0.006577375681777151
-1.142469777601947
-1.0966593565244853
-0.5956149182916237
1.3295351790069283
2.0843399728881873
-0.08016464162266014
2.1696764494471146
-0.43159751930468826
-0.8520765817677448
-0.6805705908326994
0.3358737302027157
-1.0612804878018383
-1.1683596579838484
0.8234089217317354
2.1823386272978182
-0.4418256388366747
-1.07346625383347
-0.9047664215196358
0.37852634611385805
-1.0335706678523953
0.27617401582357165
-0.8349779191419967
-0.7541267815419757
-0.526605390646658
0.8624674387578531
-0.044233444080951506
1.118472819562002
0.7478465805806624
1.0329145190122506
0.7084659217088505
1.580668438256314
0.5417496723488705
-1.082842398829631
-0.7535892811947257
1.2583293779930358
-0.7449907618410038
-0.8117428468866863
-0.7842384286721293
0.2893418484951179
0.7822261755979444
1.408531854972823
0.08040661374793086
-0.6083892630942248
0.372649826478708
-1.001803854877644
-1.199344562989156
-0.4875644742533455
-0.3598522808688394
-1.2216420633569471
0.8007935560013032
2.523874946416877
0.5406361612619403
-0.8801349256753704
0.2700315801296638
-1.2610811507200617
0.5630269222090973
-0.9686707480560746
0.6685607901086514
2.555415782862423
-0.847150297910691
-1.0553933018218324
-1.053369262697106
0.9858183024053967
-0.6421034725398792
-1.2042475232616185
0.016394624037630826
0.41020248045379326
-0.15555861663000645
-0.7027866761546879
-0.2154648353278716
1.283245600945078
0.4063035848471457
0.745325113342781
-0.9900470696784427
-0.8970812704063278
-0.3185865457016714
0.29332064218955417
0.7876067970121585
-1.126874188950252
1.5373578219068227
-0.8887969407359977
-0.9493980646941238
2.930575254945633
-0.025192725624551895
-1.130449027736431
-1.1496492735911534
0.28711529914132106
0.9495584733021032
-0.2985793131907735
-0.7260614054777901
-1.1184403774651224
1.6064193354298637
-0.5517191622640266
0.34871983629114917
0.13163106747084652
1.4568725548546737
-0.5180140575656688
-0.2938246208425419
-0.35493323576768737
-0.8496930776777454
-0.05944962132976337
0.011714713121775015
0.0859464950320197
-0.04913800883202006
0.819789962417857
-1.1105423772381238
-1.1707371079203823
-0.5791293573643195
1.8091888106951648
3.5513048283035227
-0.4958072808436559
-0.4884796279912053
0.31907156088413025
0.6759157339636513
-1.0299440486636124
-0.3135798281172189
0.92700519212498
-0.13289682080033666
-0.4435669806630608
-0.535955601785045
-0.10065549255984291
-1.1250814917747174
-0.48536891435566654
0.9012225664857691
-0.01158256970292926
0.3962891025645248
-1.1775657409737073
-1.1380975729893326
-0.24223558549392288
1.7238968864573705
-0.7982056799005381
-0.22419214797430476
0.6446899612456476
0.6223878830750545
-1.0729480358286996
-1.1142414904421927
-0.34878980825706113
-0.9457436868219583
0.28758313918212336
1.2101450856012201
