182
1.315747417223015
-0.601314662673542
-0.5208328409489761
-0.302840736805105
1.2999062330193527
-0.4382003973759542
-0.42037858669207223
0.5333801020220694
-0.11454403601018151
-0.8520785593975134
1.4848444493855015
0.873011127753864
-0.2455262757984367
3.2659140208016435
0.3353916325647082
-1.0021514895507875
-1.1816353506005761
-0.1628684054941142
-1.5135563659778066
-0.31301726789801254
0.03602702779740768
-0.5020015151788619
0.3952186794801169
-0.43660948212208417
1.4648724285533914
-0.07711503282096281
-0.4843151631063008
-0.03921574405899521
-0.161510352691554
0.6109664872552389
-0.4497783166584118
-0.023203399930607323
-0.24446795719072872
-0.9113015007255628
1.148982007710009
-1.1807984759019428
-0.43387272641383284
0.02453050954026509
-0.8711995982975016
-1.1548193862844371
0.2974556444378904
0.0749353170187361
-0.16769337399100073
-0.7883441510078547
-0.7360909295093655
0.2878995357059826
2.3716721519306505
-0.9643520307812339
-1.1357359130024391
-0.7234633481557771
0.21253435639900317
2.2250958669219476
-0.1232037718715797
-1.2269560250338878
-0.2767214442231509
1.1704316347366561
0.3918182596742605
1.2468150747765714
1.1701178434496735
0.12091424254408187
-0.8012730026970706
-1.3707998312951857
-0.5463563403120555
2.0760385831251638
1.0004348660280384
0.8544104931974653
0.08197567820277539
0.6963485155121113
-1.4360246262308236
-0.056259296179521204
-0.767947571219148
-0.13572272125350326
-0.319900589514712
2.1794477701246704
0.4223047223232096
-0.047391195345157115
0.9230199948506951
-0.6446797952325893
-0.7935000001550875
-1.0326931711058955
1.5685209902101822
-1.3059695535022406
-0.725156879504394
-0.19591115326750122
-0.04515917505484994
0.49800815104346424
-0.19291458900107133
-1.0780781109677424
-0.5875156906742703
-0.19700418564609412
-0.27504902834692163
0.17258298210191697
1.0673251563016821
-0.985674376279851
-0.5754218231588905
-0.2350109896378323
-0.7535650385330633
0.16042576190348679
-0.27098451022572223
-0.85070626208467
-0.5889873804591615
-0.06423903079000495
0.804028530641436
1.1261363056648228
0.29205656269506575
0.3498699741408655
-0.8346583522111236
0.15514973296532542
0.012236316595694971
-1.0809791715862136
-0.6772604724852971
-0.9782178533133898
-0.715417965158765
2.3109728760790764
0.6095970611762034
-0.3618792283147364
-1.3843329885783031
-0.361052517994917
-0.303668812748684
1.9460881615629846
-0.6813200522749794
0.0788539143526787
0.8027418596858371
0.07085562259053979
0.9004148366093409
0.36327730228040855
0.12099656801354255
-1.439561524603296
0.32952643110981783
2.999721619623589
-1.220011966108126
-1.0553828828924545
-1.3240547992005107
0.14343737774342363
-0.6797601875568842
1.0402646917648288
1.6344022539608172
-0.6698432525965395
0.7766948220466936
-0.4888270419904874
-0.05324249451888556
-1.487520164249689
-1.0933754177038895
1.0342152412095245
0.7426066124595994
-0.3130494144350168
-0.6894732940736616
-0.02922078385278589
0.2144618122379084
-0.2745984798817341
1.7450367753207436
2.9850534968579256
-1.689902942218476
-1.0502209360594708
-1.5489975305247432
0.8397462036723067
0.40297981139436295
1.1177706966832965
-0.356223164250416
-0.9356026616024196
0.23988134308763628
2.3961870237264673
-0.24091620085890184
-1.0668190356363445
-0.69743674760939
1.5550207812378005
1.0762378038221725
0.020537038303915907
0.06291889332677095
-0.44443149425274775
-0.1770290735504697
-1.282951306712413
-1.1383046524772007
-0.18348187746400738
-1.3227188759450499
3.297982502799375
-0.0403339409671616
-0.3984392669408274
-0.715417404376953
-0.6465343297927321
0.617044116935326
0.5197524014212438
