546
1.964789934781615
2.3729191329853028
1.7252885993878768
1.8531398766247493
0.9082349384703092
1.1291223825509276
1.5494585136681451
1.540353380093827
1.617572548226724
2.3705990679852214
3.2931358977326832
3.626093278659325
2.6795760085363862
1.163237631686534
0.7842250352555897
0.2806221255726187
0.18463664450009276
0.055639512821352766
-0.10276807185841122
0.11960083087106896
0.06648741732792816
0.4721159030439348
0.45875630883655344
0.46488757606806336
0.7055393531145397
0.7603231735296974
0.8099043290805684
0.7970099941993694
0.2372713277959111
1.6624682434600957
2.068704972031883
1.5465455261851475
0.9425868894607935
0.41441920530808407
0.39170207576301913
1.1846284388603272
0.6485167211416578
0.5716422692178895
0.4021881346066405
0.39848375873049546
0.617541834201436
0.2805590532389002
0.1872988070291554
-0.029569062557785193
-0.08780482636686145
0.14582411425292985
0.13897322290318012
0.456796818844614
-0.3424329569293431
-0.1439003924113297
-0.3124372570746116
-0.7091658177121539
-0.48113280163691674
-0.6446837931911117
-0.26627316723529365
-0.275509436984534
-0.3406248551830465
0.6122240159941011
0.20246735807731267
0.2090755289018693
-0.5325414786935099
-0.9675514614172387
-1.0442846271568393
-0.8400854903710286
-0.6389432788022534
-0.4359389630529437
-0.6402317168807276
0.3484544685689979
0.01520552467320272
-0.48448811442146433
-1.2806558439353282
-0.9672951088926464
-0.3026249377858146
1.4950498447471121
1.286608718319389
0.7848395017414715
-0.6546329958107905
-1.1072057493660532
-1.2701022611751493
-1.0205633112669212
-0.8155119882105815
-0.6796857485480272
-1.0290750718961104
-1.0674498611865268
-1.0294489197730348
-0.4651806201751679
-0.34786673574364385
-0.6555197542448986
-0.7543103427128665
-0.9132805053929793
-0.13476148563514137
-0.026258654775653794
-0.0019893548969662786
0.4767685640725149
0.4889355875394561
0.3975413397434428
-0.7229293331300943
-0.7570728862628634
-0.8225802933065871
-1.275774359613564
-1.27898742058922
-1.3117933339710781
-0.7862668010770116
-0.3774692389476885
-0.5298641664275131
-0.9142748071685721
-1.2316539874657146
-1.1669073978811846
-1.0837771515434722
-1.276171243020087
-1.2578043743215008
-0.19990064466727153
0.5404435380394338
0.8325030770862197
-0.3041307966644131
-1.0657300349353516
-0.9385699787949342
-0.9270310323329315
-1.0283945152810106
-0.9765823560664758
-1.0305765507973916
-0.35120691239179924
-1.0237092693392769
0.046216800177695756
0.019279921456467144
-0.0838824056919908
-0.7020043264095246
-0.7976113819173981
-0.8111484876637713
-0.9815349647519215
-1.0027343482083175
-0.8560947408424568
-0.8220701808458304
-0.4214626224888211
0.022887225052324
2.0976952724335107
2.844872208705213
2.1688517393446904
-0.19704336492584534
-1.2661304878853634
-1.4333470871285607
-1.1189812612992824
-1.0584435260464127
-1.1968599076130302
-0.9660531761893536
-1.1365982771483156
-1.0644860008077712
-1.1542848408219801
-0.14547783039759185
0.16481155947519482
0.13173867799016556
-0.43415975052127337
-0.6696914947363597
-0.6157867029313806
-0.8413046256499066
-0.7934367820732643
-0.9729411047441989
0.8749229554270822
2.154207890857701
2.125757097522076
0.0702017275251293
-0.635237428417217
-0.4124181757305958
-0.24844687745519423
-0.4107541743200401
0.27277290467545173
-0.1834120969066194
-0.40118722777804156
-0.849595129538366
-0.8205354933028557
-1.0749387519169742
-0.49571128991068825
-0.4457142509466881
-0.495033115976353
-1.053477857466105
-0.9083175519940341
-1.1417287204031195
-1.0656850245312166
-1.3131277201813434
-0.9963801177758367
-0.7101416077734157
-0.5788410159026486
-0.8541427327808069
-0.7977702559731223
-0.5777701948800734
-0.4633057695442098
-0.8535880704098834
-0.9129126498401626
-0.8844859005814737
-0.888116641673622
-0.4912533773496378
-0.3046492387786829
-0.2832070202305934
0.39568662862763143
0.7103946700558208
0.63586363445323
-0.6217514647277995
-0.331065026554119
-0.4152926164579879
-0.060031993549212646
-0.3904022447980065
-0.8556118617355699
-0.8526585653999894
-0.7691024127502666
-0.4481867983440876
-0.3975920878229169
-0.3319910413702797
-0.5300054645142807
-1.2277965829485207
-1.3356458788629022
-1.2806676832924833
-1.0533339574072076
-0.899626232035647
-0.1787867245198106
0.21974102683779229
0.00952904562576185
-0.404041447245903
-0.843600088558682
-0.835753873365556
-0.8685172099377476
0.1752570250117761
0.09156301865455531
-0.03510597697631248
-0.9210317550106345
-0.7033980238509313
-0.8851586628469671
-0.7274632556716637
-0.9492595797070605
0.5643631423142543
0.4326167472232257
0.546444386282757
-0.29665719519295
-0.7771201182601158
-0.8650284273461922
-0.661291053390961
-0.4991883105961272
-0.4331395071024186
-0.7726572941084715
1.0832966516900016
1.090275261638014
1.131884829079319
-0.923218340667544
-0.5990498303869998
-0.8094609318110244
-0.928958340622125
-1.4537274807401237
-1.3495912030703856
-0.9345792309431412
-0.9093571661207422
0.39192898191342473
-0.12522823155570986
0.012834386635436438
-0.9489511551106425
-1.0624650447001822
-1.1436036636221998
-1.166889286110559
-1.0895250942786021
-0.7543377192766879
-0.5396223315017961
-0.44425523624773594
0.5821103276031881
0.7579459113683662
0.6418120047982109
-0.7278581674904612
-0.6995179491851006
-1.1723068158632801
-0.9419835117072957
-1.033490988094575
-0.8908060713748677
-1.1708993621033295
-1.0895068391983775
-1.178051180785969
-0.8686216915009073
-0.3408648834493081
-0.7330874549422679
-0.9004692088827481
-0.4677642300228645
-0.8222845063846876
0.8439809431953084
1.1896574576822514
1.281398191841965
1.1327887190256722
0.6576287614563673
-0.21890061860355686
-0.43936487160116294
-0.4506336624500592
-0.5286875897087047
-0.8033839762213689
-0.8604952306024393
-0.20412145342824373
0.2602395704168332
-0.09978407117602424
-0.8695711519704671
1.442509376901722
1.434340532369073
1.1055418181588603
-1.2386457277085077
-0.8925901265454823
-0.878947089899365
-0.861028836619891
-0.8882509286188073
-1.0728229554744277
-1.1641266197919184
-1.062771002365769
-0.7281625805656472
-0.5515741533864896
-0.23079399505868695
1.7212490794293653
1.8549317387309006
2.2197398222301308
0.8373750498573221
-0.154653135008755
-0.48579080997342
-0.6545075430054954
-0.5198374220099824
-0.6852161379770563
-1.012253483874567
-1.1353501274799795
-0.9482959264490471
-0.3505090806722517
0.21289005738108763
0.243802139232304
0.3734297847649335
2.3249772739462324
2.168236874552095
1.8370567946945917
-0.6413709114622862
-1.0501602904042426
-1.0216246005401075
-0.9914478922621189
-0.9062000099429447
-0.9506224599353152
-1.1487177072299841
-1.1017290298412472
-1.0919948738991638
-1.0785982287060456
-0.9523055480246142
0.2989067277983478
0.7596594712587674
0.12279550320771332
-0.3971879561899621
-0.7715817470458849
-0.5896178575887606
-0.23332010331430317
-0.8205188886347732
-1.0479831712164545
-1.2127289877251983
-0.8477989661790386
0.5674335498268125
3.712015053823034
4.618869970239974
3.6079675466912136
1.5663303265981798
0.21054281572486316
-0.058035448753809095
0.40842928281667645
1.838373495799422
2.3261234891099787
1.527284811674435
0.06844955552127148
-0.47526080544966004
0.6120479097669903
0.7305376790479128
0.29324594943772914
0.11473207051130953
0.11652830350390647
-0.23411213810479586
-0.35325186339368614
-0.755116617140217
0.08282696992944992
0.3598161901652313
-0.11396876818186306
-0.6035023579776477
0.4725661059364437
0.6147619321405888
0.13165445039418452
-0.4218459581972806
-0.8337003405347313
0.004186661101333038
0.042044366980724085
-0.292670950569459
-0.9927280778186984
-0.8353952010341167
-0.48654644086585314
-0.13625509608198627
1.4182763392474833
2.852474561844723
2.8447188087679356
2.429317733212271
0.10119003957082955
-0.29766252665456927
-0.5050434283600547
-0.44762837413604684
-0.77070411714976
-0.8156046838944734
-0.9454051084953424
-0.8258712995317804
-0.6383856060135741
-0.1332827555313471
0.4486006243182657
0.19724165662191281
-0.48370868017857965
-0.7287799332118671
-0.49220672609839583
0.027124239626928465
0.2615805462781306
0.6325580927190724
0.18529252010882152
-0.2078463191553824
-0.6262898484421116
-0.22326451222264804
-0.24616696221990209
-0.5640505674750226
-0.703302159174406
-0.5645946222254706
0.28231569121358097
0.39935934694595676
0.6406084714744704
0.7441952725353618
2.895506903155655
2.8591017236787666
1.6338076042104361
-0.6826484608786269
-0.8474603531028378
-0.6716515710031308
0.035889723240692305
0.49779365560660027
0.513617415982544
0.019881868387430977
-0.2754330132947586
-0.0680228406209149
-0.15644242466997196
0.07338327872082354
-0.24912214187141354
-0.384577570811296
-0.1618178833135004
0.7902111689568498
0.823118511453254
0.23636662690549415
0.050483810822623945
-0.37543798991973815
-0.4008026353260517
0.33329907318186097
0.3468018866722002
-0.03926224385905872
-0.45101613887484704
-0.7231727101021883
-0.3359176158874317
0.36698234924154643
0.4922623229425921
-0.22194287044702726
-0.3597246761768267
0.2886726153855357
0.8864752365414332
-0.23024928447770823
-0.25987015423021914
-1.029899147494662
-0.9712138440599458
-0.7336157686307884
-0.5939834648138419
-0.42405187528895466
-0.6316085061950505
-0.675370304756183
-0.8646056715520926
-0.7813483986825848
0.821594045794962
1.098339257868343
0.6649108847666831
-0.18058128642025065
0.22362705214032297
0.07017107751346138
-0.13311015066133516
0.050058909828078924
0.024080582632807813
0.5175216772559075
0.31788180836697966
0.588948890196302
0.5036610813289857
0.49048928605868997
1.1065757291667497
1.1457261493543693
1.934465709707796
1.4304168970621345
2.8481519931255295
2.5923721593984985
2.5804139088084397
2.0187180954149255
1.8291673646272744
1.7329016228073575
1.1921386809416252
1.3910791591326386
1.1637831838564003
0.47790038999762263
0.002790425247653099
-0.03205269608580199
0.6162348507284995
0.6173891767704124
0.06678419540111452
-0.30587819639895836
1.4164014650814267
1.43659150369963
2.1009893142449805
0.8164773957029221
0.37231964502625603
-0.8718119711080444
0.38573330488100743
1.781004898641265
1.4324763317620288
0.47478655495593514
0.7834946520920314
2.039610756109656
1.2188321103997093
0.48800153646891176
-0.2606839723342883
0.4446356103787281
-0.22141918535920085
0.3545717601684062
0.1831203908702293
0.2811414279451175
0.09568370011057821
0.012609125613886557
0.21371985569997062
0.16396727766802657
0.4353528566051173
0.4263899263768198
0.4093364584571873
1.1026162500213148
1.0583507141314412
1.2927821518333809
0.6897105756448829
0.5650867924716406
-0.12303268796872771
-0.39759226896160615
-0.002681066348760537
1.752741401215437
2.1443713965157425
2.303167814931085
0.6445565639954683
0.44371472931270073
0.09809603107065198
-0.48927781401045534
-0.528602270101463
-0.6114849005026614
0.45979938754003785
0.6473983344535078
0.4202906122017149
