546
-0.7832791065071526
-0.7790121016782904
-0.9354939659027552
-0.7838917537937801
-0.9176627338004336
-0.9871512394586235
-1.2350572774490747
0.6540570309314724
1.3805384914884755
1.5456717152389439
0.7664012793181748
0.4772888307606186
0.28048374251310465
1.5686345538397415
2.524228811413567
1.4326882464852666
0.024290775459238155
-1.3610671298311428
-1.3120075505374869
-1.3577864099480885
-0.993760546925749
-0.17916274088724352
-0.6540452467519005
-0.7417543428958217
-0.7027568768940017
-0.766255118466129
-0.6524501145513653
-0.8451115414834288
-0.37513843627971283
0.3078813229980139
1.3719872600428036
1.0192523896409942
0.22784602337530627
2.4926312680806157
1.025028087442371
2.4492970368801688
0.7471132022739133
-0.41587759984165723
-0.9134592618793944
-0.6338614466818352
-0.9003781235258042
-0.9208625438197093
-0.8115871482329525
0.06836202642214938
-0.778004732869386
0.39096943782629834
0.14558766939472517
0.7815126519776048
-0.38381279986648353
-0.5826065927483022
-1.1010244026724538
-0.5940983923791718
-0.3797160606080627
-0.8487579076479851
-1.3743400683566926
0.9935815191253207
0.5889147275112914
0.6042588074111133
0.47573419830876906
0.20479918655873497
0.5718657271275667
-0.09175517423445625
0.19536438909510148
-1.0051867744520613
-1.3351621609837965
0.616810478198254
-0.10858894866165734
-0.6267315888649203
-1.1084974541774202
-1.0623081615393963
0.05858720927171904
-0.5971862008297979
0.0704668896311855
-0.297294322464698
-0.395470430072973
-0.761319248068339
-1.0923311738314232
-0.9703031367348465
-1.2962572950926663
-1.1148996049766091
-0.739455767689699
0.31812023163099473
-0.09579061885392136
-0.25798508080351906
-0.1511429196572174
-0.18762775577152135
-0.3770022722941991
0.20911685445844658
-0.00797941589461147
-0.3521132616673892
-0.11525302003094594
-0.6524095466005408
1.1667893546496462
1.0383682314752931
1.3670713472242768
1.0792690888608953
-0.3997687799659493
-0.4818430068916843
-0.9410005546161909
-0.7552901882508894
-0.47561913093638136
-0.09848159180199215
1.3572175892574379
1.9471605793936093
1.3519331400989905
-0.12268870307187975
-0.40192608739591024
-0.1950837583286978
0.019584932623978486
-0.6129245275889599
0.3258601335616567
0.2010470823960138
1.7651026652830835
0.5098811454967588
1.6733937660573805
0.7981948613329237
0.36968269247420765
-0.5944386938110182
-0.6919275075398135
-0.9608668036423266
0.5815174453792628
1.1408546226847076
1.2566826185720852
0.0977873864833697
0.000774139594346585
-0.2702794429323526
-0.40867108102193583
-0.4746122401509915
-0.4782259354369149
-0.5904598342395528
-1.1796907330702264
-1.2394643751813372
-0.4410355557661031
-0.4823670501091727
-0.6349397671626301
-0.8039080866091002
-0.25093053401265225
0.32050851075738024
0.5581795185139025
-0.5678021235637533
-0.5482732721147768
0.07192788983899014
0.303875025540773
-0.628611441749254
-0.8994380341777851
-0.9653725263694529
-1.0105470233914309
-0.30419286832587433
-0.20070415329753263
-0.4645117721292457
-0.7221347448944719
-1.009646907514984
-0.9892626255633028
-0.6728814528620743
0.020710593284590302
-0.08619508837825753
0.6276438194624506
1.0400956378750998
0.3066120404953894
-0.8061927371538333
-0.8377691437141574
0.19611468193253564
-0.21809030996294587
-0.20668226469766926
0.4340379081353697
2.3822409664144373
2.7961339635884674
-0.06512191858603028
-0.008383763495491041
-0.17572236113021547
-0.7184359499899509
-0.43222019221014846
-0.6573256245994106
-0.7711219078200486
0.20052084458762034
0.024809350895948032
-0.6142608958458349
-0.8024691652844632
-0.8021810031627218
-0.7477121532021433
-0.4952079889712496
0.31874266394582845
-0.1940016239153184
0.25694126870420125
0.7956400993923982
0.7520301921302053
0.40221122798946823
-0.3356233900756493
-0.2406375735670031
1.3357249741124921
0.33557820977086567
-0.5711711514072315
-0.5669584371148724
-0.6299128331801753
0.34598076228315655
1.1343440807214873
-0.032454985465116735
-0.8629424435563948
-0.02282626788813771
-0.23872942837604708
-0.5105926617940799
-0.6486803480417463
-1.079772874839044
-1.066150114053076
-1.38764965599828
-1.3313750068310433
-0.195982864061816
-0.37817964966404255
-0.6243519605702558
-0.9557626754022857
-0.7616845869314329
-1.139164495167345
-0.8607585442081139
-1.0171145048968289
0.48204248173731373
0.1905435761866719
0.4655960444953898
-0.028802715790680274
0.36005800856617887
-0.7807454941408115
-0.8363754074022531
-0.03979579630929214
0.42449271041404546
0.10294310387417638
-1.4020152693208485
-1.4203297058106954
1.165874283146965
2.2207223793403092
2.4823171465495313
0.3816021080694771
-0.3894459814739148
-1.1383920288161797
-1.4095593869210645
-1.469836917992927
-1.291208396016919
-1.329021250728907
-1.3697876465250498
-1.0199824472853491
0.8808260558042834
1.9299096808350793
2.6241545972163425
0.8477292765302127
0.5278045317529232
1.64903890162121
1.0362101104237464
-0.15497884641607365
-0.6068447249036446
-0.5778739641612856
-0.5350466283198252
-0.5993447459935455
-0.9509627989156
-0.6133563074347305
-0.4543364076812566
-0.7775915627083801
-0.5766482236519231
-0.7870485970444
-0.9628154510353608
0.43224816584302284
0.9522538093477422
1.0447617588514202
1.3832704764793622
0.4658177919471232
-1.159516956615679
-1.406184008263784
-1.3217722303979715
-1.3295862919348742
-1.2598478029086337
-0.38404830041771704
0.5237546752185591
1.0233698711171746
1.248643978789722
0.9842248075599437
2.7214922023784296
0.7853879093649497
1.3171280254547493
0.7469059641726487
-0.33153420494389757
-0.6377232403560398
-0.6426969806370518
-0.961070593380272
0.5293605962267409
-0.14783011598896983
-0.6359331859173242
-1.0027873701694288
-0.6745529332557525
-0.5006173621763758
-0.04971010419313113
0.27694265694164516
-0.21822414688597458
1.451412739484395
1.9778653473681695
2.3549681231650967
1.034903963296577
0.7902495736660367
1.0187328163306182
0.03258750555573354
-0.4040874170405814
-0.4563403082883491
-1.0064801280100972
-0.6730816070045307
0.016712153395260176
0.3135665678549032
1.0946962088485146
0.2449922882121608
0.7678030774286633
-0.8973745097491163
0.5258446367347244
-0.24836300945606926
-0.6718531883830147
-0.5229027890857267
1.4121878303249575
1.1305513888343561
0.1502109268269589
-0.46670391901458474
-0.8177490848055685
-0.5976567047638653
-0.6096714977951552
-0.7688832921655023
-1.304443747718573
-1.349441458305994
-1.040125962671304
-0.8458269518622705
-0.2640417115415751
-0.6749416390458381
-0.061102598919855595
-0.323745528382375
0.22861509778550254
0.8658921092553937
0.8097497188940513
0.35876377818086164
-0.2956935465833899
0.5579102291363024
0.011889745862599676
-0.29462973138035786
0.3567545033486717
1.312028346710022
1.9843117226733245
0.5071160796234123
2.5010485328714904
2.6173396474815998
2.2111208441404986
2.129976849836484
3.174973803573346
2.373862107640621
1.0264300566449323
-1.3048422545920029
-1.4226857149814987
-1.0398929494186444
-0.9219167236931609
0.2706088370703674
0.37078233294725454
0.6006353617923937
-0.4336382203576895
-1.206648273428123
-0.7021181900127804
-0.6921437541586073
1.324890126210231
1.2997644442680605
3.27511167288966
1.923047270054921
0.40312811923657643
0.9163427601010915
0.11219765679649799
0.061013832922709975
-0.10473985208099797
-0.3979034529119947
-0.34044306872755115
0.13008751508935862
-0.7799259379351595
-0.7228455865460913
-0.41424543302934524
-0.20126440252511035
0.3861588439305093
0.3977615074421457
-0.07658964569008321
-0.3874734019412807
-0.4603890845988034
-0.8332689807016843
-0.8923886250982908
-1.1762114790094984
-1.1803872279269887
-1.1610037999940057
-0.8335135140322879
0.3349003645181785
0.04863435800046449
0.17885892537182915
-0.1686216515874077
0.05951717935706713
-0.12897051754174285
-0.7325494983787084
-0.7007816373348282
-0.943275664829542
-0.7454041486392681
-0.17455080641526585
-0.2812369947608974
-0.40603482788286294
-0.7187921293458607
1.0554290807336268
1.151159316947289
2.450295042022922
0.4784256098670938
-0.22435983663894107
-0.8665288926865965
-0.2947167359592469
0.0589827329598024
-0.6196422525391077
-0.9424269036034136
-0.8408019722627643
0.6603331687531765
3.2664688897065948
1.3924069319968944
2.2086034594859476
0.555734296051826
0.22859707401954493
-0.8623825894439164
-1.0379921917973227
-0.7279536582014634
-0.7876852736915316
0.2564339195673971
0.7354198093365296
-0.12628127385000704
0.8804407245587713
-0.7616086464499934
-1.0476511022682504
-0.9324750109985999
-0.8958762021613823
-1.0688347012611064
-1.2832076113544202
-1.2434232327490338
0.35888139347954423
0.16895574632274496
0.10321979670778793
0.5884780443204419
0.38339641248721384
0.42040003212776755
0.4433317757672491
1.0302978062474655
0.9159774016672999
-0.2804449783746566
-1.1105487758361396
-1.134756723693458
-1.102152535396586
-0.794141672316965
-0.7753983503586372
1.468011650892943
1.8742245406643137
2.671128393102183
1.816654533767911
2.3302716637201257
1.8059867692982423
-0.23972897120818484
-0.8545000454368992
3.3391820953812728
1.220266079008745
0.6402821574260658
-0.575348895104219
-1.0927579202960869
-1.208289217949393
-1.589889221392195
-0.6930676758042426
-0.7877368301766458
-0.7229196146737461
-1.3227992623671658
1.13632152638053
0.54820924113222
0.2910323828938986
-0.576839296243764
-0.7006675254481091
-0.7467787634979789
0.7831844301287939
0.9588553194921935
0.8568289489242086
0.18903080490564053
-0.18055914580796564
-0.0710206606814672
-0.9303038639584197
-0.9063077574804344
-0.6056950981162146
-0.3540515011758306
-0.6224590299788589
-0.4252148148628015
0.6252853974002234
-0.5767610980722316
1.8009157273451228
2.08796266034611
3.9730778665618303
-0.3868297461564453
-0.8080969328152903
-0.9121344361020073
-1.1058928276056197
-0.7631356339773424
-0.5053383992764281
-0.4881678677629583
0.8880283797039424
0.3514963784287697
0.47038068102548003
0.7014157361762287
2.0330486452717023
-0.09249570919514781
0.8055234287601476
0.8722136613447076
0.5902250955293159
-0.16065517021358036
1.253611816084185
1.9859069475587992
-0.11641607826379992
0.8151611925811105
1.139958926359429
-1.2741776728770229
-0.4394245038766629
0.5448525919620427
1.4864128428126728
1.3485292903591448
-0.2561498621847746
-0.2915057734307838
0.7704116361026916
1.143547449391679
0.35619966850335444
-0.8883628387686059
-0.5350543709469355
0.08442740453651291
-0.1642947168485492
-0.38547386342065054
-0.8072282565075167
-0.6496704041187356
-0.34427038500778906
-0.7638810300657914
-0.7041906936390684
2.0086263952124748
1.6300661515138901
2.744657581722605
0.8056293905233456
-0.6841336761536312
-0.9536654183044433
-0.664706484683955
-0.8899155672278761
-1.0189319903028236
-1.2184022474045402
-1.1728434163824248
-0.9718598967734995
-0.8315200053828469
-0.6066961704539735
-0.749902060361574
-0.38476162504985145
1.078637313333555
1.510033989260364
