546
0.263965
0.325782
0.173523
3.04122
3.20215
3.17626
1.03263
1.04257
0.589683
0.00763418
-0.196755
-0.110896
0.0441239
-0.0634126
-0.213942
1.21614
1.22553
1.35104
1.30022
1.06486
-0.265669
-0.180093
1.35269
1.5841
1.66314
0.895133
0.612974
0.188236
0.226626
0.360946
0.885879
0.774694
0.89389
0.843992
0.92557
0.923539
1.93078
1.80243
1.78538
1.23934
0.986291
1.30944
1.02193
1.21944
0.885903
0.93225
0.479532
0.417953
0.461156
0.0772538
1.10378
1.32853
1.37256
1.03077
-0.165078
-0.0822492
-0.326119
-0.338206
-0.59568
-0.340207
0.0559279
0.0979464
-0.0454073
-0.226916
-0.438866
-0.334851
-0.367035
-0.131327
-0.453
-0.342741
-0.0373311
-0.173835
0.268639
0.630451
0.631808
0.192233
0.408161
1.23813
1.22953
1.45288
1.05213
0.411797
0.621851
0.372874
-0.5368
-0.638913
-0.607778
-0.931282
-0.708604
-0.327061
1.08294
0.94387
0.889984
-0.0857522
-0.604293
0.93929
0.843546
0.81804
0.726379
0.450595
0.664855
1.07962
1.49888
1.56077
1.29128
0.088474
-0.148206
0.103552
0.0997827
-0.624708
-0.600651
-0.441013
0.927123
0.952749
0.455407
0.209179
0.0942514
0.00757662
-0.633354
-0.523677
-0.413011
-0.17146
-0.410525
-0.521107
-0.671112
-0.630962
-0.308579
-0.487475
-0.630383
-0.218451
-0.411342
0.233436
0.349628
0.556099
0.39191
0.400301
0.095138
0.134209
0.526704
1.27407
1.47706
1.48149
0.861259
0.27133
0.383804
0.343734
0.0377004
0.0706934
0.292499
0.867037
0.578509
0.47425
0.0430209
-0.0478085
1.0803
0.994065
1.27444
2.01092
2.28089
2.2858
1.72818
1.40521
2.08492
2.10424
2.21326
1.84913
1.81142
0.936951
1.40002
1.4163
1.8598
1.8357
1.84892
1.52012
1.54912
1.80768
1.74878
1.77636
1.28635
1.18321
1.36013
1.74368
2.01884
2.09105
2.89635
2.95205
3.49155
3.18944
3.13349
1.71152
1.58887
2.08133
2.10004
1.96745
0.816746
1.02509
1.16833
1.16939
1.02803
0.776045
1.21609
1.14913
1.83217
1.82531
2.18076
1.91389
2.07716
1.4481
1.43279
1.65582
1.72056
1.94059
0.990244
0.963563
2.05668
1.99538
1.86988
1.11868
1.32342
1.02673
-0.180709
0.143446
0.0643626
0.0729259
-0.0384471
0.159994
1.97752
2.10338
2.37736
1.99532
1.79306
-0.165528
-0.423874
-0.394987
-0.501772
-0.210419
-0.300179
-0.159398
-0.276647
0.313168
0.511676
0.862481
1.1579
1.29168
1.05801
-0.252594
-0.266991
-0.245639
0.489745
0.239071
0.495426
0.447828
0.407154
-0.0451356
-0.194073
-0.257861
-0.10528
0.435729
0.320142
0.272295
0.311298
0.00589211
-0.091237
0.59731
2.07386
2.16376
2.03061
-0.0926169
-0.0890347
0.00998308
0.0867603
-0.241028
-0.685947
-0.806685
-0.754109
-0.646333
-0.114209
-0.253266
0.749493
0.60983
0.447884
-0.109076
-0.0653402
-0.134547
-0.27512
0.569358
0.430233
0.0415152
-0.431306
1.87234
2.13493
2.06707
-0.466172
-0.868616
-0.485691
-0.26362
-0.302985
-0.815343
-0.373192
-0.386286
-0.327368
-0.267501
-0.035554
-0.109735
0.0522583
0.115973
0.242663
0.0859556
0.178457
-0.0954304
-0.211988
0.0650923
0.0770206
0.0172824
-0.503904
-0.514752
-0.656089
-0.722597
-0.683665
-0.381732
0.410844
0.328128
0.237301
0.0330826
0.129702
0.291588
0.584395
1.09231
1.20178
1.16106
0.652251
0.394078
-0.171316
0.378004
0.299078
0.0169305
-0.61907
-0.641424
-0.680463
-0.611177
-0.472195
-0.598198
-0.0778361
-0.191158
0.0807357
-0.139348
-0.00977119
-0.416851
-0.278085
-0.571531
-0.340477
0.101226
0.24405
0.450765
-0.142673
-0.470819
3.79608
3.97811
3.97226
1.18736
0.233853
1.54304
1.95865
1.76999
0.385358
0.589756
0.494773
-0.141574
-0.116525
-0.219418
1.86921
1.96884
1.94639
0.760157
1.06369
0.551038
-0.59977
-0.412745
-0.433014
-0.74137
-0.684405
-0.590871
-0.672279
-0.680786
-0.508303
-0.272859
0.216235
0.174541
-0.103488
-0.171542
-0.0235758
-0.0853434
-0.188701
-0.329684
0.00142007
-0.506958
-0.487714
-0.50883
-0.362018
0.193165
0.393142
0.323857
-0.666717
-0.625538
-0.451883
-0.341833
-0.205593
-0.213564
-0.274123
0.988051
1.06286
1.43356
1.29662
1.28156
0.676469
0.576067
-0.294268
-0.360115
-0.499309
2.22796
2.48543
2.44217
-0.608657
-0.535921
-0.69976
-0.438498
-0.240917
-0.0459675
-0.742863
-0.287385
-0.429089
0.0863585
-0.218616
-0.18593
-0.518581
-0.347116
0.0516669
0.210834
0.113597
-0.7702
-0.634792
0.156611
0.0177796
-0.0851454
-0.5795
-0.618828
-0.169608
-0.277902
-0.126874
0.0586389
0.123234
-0.592038
-0.428797
-0.306774
0.940219
0.952639
1.00427
0.411069
0.0697748
0.574475
0.629882
0.546304
1.37049
1.54587
1.63318
1.24787
1.18496
0.790738
-0.45338
-0.196318
-0.102063
1.20743
1.36382
1.44895
-0.676619
-0.77416
-0.499467
-0.456462
-0.423019
-0.695182
-0.68512
-0.803071
-0.500661
1.20515
1.4826
1.58569
-0.218612
-0.360453
-0.287632
-0.5925
-0.544205
-0.622814
-0.582139
-0.620954
-0.717803
-0.700045
-0.130772
-0.262208
-0.264396
-0.397897
-0.486946
-0.592712
-0.196521
-0.3345
-0.278519
-0.33642
-0.408522
-0.361762
-0.216681
-0.317427
-0.22202
1.41487
1.90031
2.52194
3.14494
3.20183
2.70188
1.21339
-0.0525114
-0.116655
-0.540948
-0.0997115
1.88664
2.02454
1.9429
0.235435
0.88784
0.336692
-0.668378
-0.509512
-0.381223
-0.405044
-0.295996
-0.634446
-0.380383
-0.502293
-0.362795
-0.496891
-0.567227
-0.479419
-0.48515
-0.704852
-0.604096
1.89126
1.98186
1.83537
