546
-0.491724
-0.571008
-0.704264
-0.67431
-0.589148
-0.711926
-0.622851
0.579917
0.818652
1.0776
1.1026
1.047
0.370661
-0.0405811
0.0406307
0.0329836
-0.557733
-0.711374
-0.377048
-0.169219
0.358801
0.573618
0.507428
-0.112968
-0.484042
-0.446157
0.686811
0.769883
0.604353
-0.484055
-0.565578
-0.690091
-0.70681
0.0904848
0.387483
0.767233
0.537355
0.739343
0.705508
2.89423
2.81552
3.25378
1.43128
1.3083
-0.0227889
0.394678
0.259738
-0.656451
-0.636456
0.738632
0.851161
0.725697
-0.151806
-0.205355
0.0914757
0.14371
-0.0548401
-0.0669817
-0.0741133
-0.111696
-0.0734299
-0.0635182
-0.147109
-0.0452056
0.0135132
-0.184166
-0.217137
-0.418487
-0.412115
-0.616825
-0.447199
-0.434056
1.6988
2.16391
2.2195
1.56467
1.38524
1.2909
0.429376
-0.25263
-0.409357
-0.473013
-0.29489
-0.15909
-0.130109
-0.150168
-0.532611
-0.472613
-0.125765
-0.00145152
4.21446
4.31436
4.51359
1.0969
0.609023
-0.53908
-0.41571
-0.54302
-0.364665
-0.43378
-0.163728
0.126559
1.5325
1.66209
1.67472
-0.546233
-0.0653241
0.124203
-0.319017
-0.390743
-0.261554
-0.1708
1.25467
1.35338
1.50302
-0.496395
-0.401678
-0.603791
-0.447554
-0.584481
-0.637648
-0.468068
-0.504468
-0.541166
-0.504622
-0.562219
-0.449106
-0.383832
-0.350717
-0.326657
-0.330067
1.59943
1.77594
2.04973
1.08057
1.27816
0.895504
0.880483
0.413061
0.470496
-0.349356
-0.222335
-0.711212
-0.258847
0.31884
0.492781
-0.2828
-0.354025
-0.438934
-0.644491
-0.562248
-0.393208
-0.345796
-0.376216
0.199465
0.420063
0.451327
0.24364
-0.433695
-0.511827
-0.679865
-0.44833
-0.593914
-0.698604
2.60098
2.75214
2.84522
-0.376208
-0.291257
0.00953165
-0.416702
0.364423
1.08534
1.5089
1.64772
1.6495
1.67764
2.05216
1.98708
1.90603
0.984273
0.43183
-0.237849
-0.119155
-0.0955456
-0.0280831
-0.0976203
0.188213
-0.050784
-0.259484
-0.197586
-0.375199
0.313734
0.53901
0.203395
-0.240193
1.12107
1.16878
1.1144
0.864765
-0.0599675
-0.420903
0.561099
1.68189
1.75122
1.60017
-0.07386
0.884703
1.04268
1.0719
0.862099
1.00412
1.49271
1.55854
1.67419
1.10922
1.18794
4.45483
4.48342
4.72492
2.24616
1.08227
0.486743
-0.0636965
-0.25422
-0.240093
1.83163
2.32649
3.06854
2.62837
2.74849
-0.196223
-0.0263135
0.364156
0.568813
0.591924
0.014176
0.285936
0.492616
0.878694
0.687156
0.698168
-0.454469
-0.521957
-0.420882
-0.576476
-0.516219
-0.550529
-0.195949
0.399801
0.687557
0.757513
0.640106
-0.284266
0.229243
0.361275
0.535993
-0.43828
0.597412
0.768917
0.413685
-0.328863
0.368992
0.792848
0.776958
0.631657
-0.200512
-0.0583748
-0.234703
-0.466145
0.258725
0.443659
0.363372
-0.246476
-0.147093
-0.392378
-0.439577
-0.545337
0.770881
1.04039
1.05592
1.17047
1.30079
1.08108
0.66551
0.26507
1.23661
0.977581
1.17426
2.93086
2.85307
3.05127
0.104312
0.578954
0.602775
-0.330907
-0.359065
0.116137
1.01724
0.913455
0.796782
-0.482961
-0.516019
-0.508748
-0.40549
-0.607226
-0.678505
-0.380974
-0.722315
-0.193901
0.222879
0.321453
0.227696
0.391335
0.759242
0.463513
-0.453773
-0.373609
-0.31399
-0.409084
-0.545894
-0.380597
-0.339613
-0.531634
-0.528952
-0.169215
0.498708
1.71744
3.21555
3.37035
3.5016
1.14281
1.28123
2.06878
2.14257
2.02447
0.779459
1.17333
1.15145
1.33331
0.86166
1.17126
2.3007
2.29574
2.21406
0.470087
0.735453
0.721783
0.706068
0.712727
0.797493
1.71309
1.60978
1.35781
-0.377492
-0.540133
1.25818
1.35574
1.4259
0.729323
0.800337
1.31809
1.45186
1.23129
0.536932
1.62416
1.75585
1.21438
-0.0551981
-0.0433372
-0.0933862
-0.0906019
-0.382186
-0.470739
0.499739
0.807056
1.00684
0.496519
0.00299226
-0.0593488
0.325256
0.309485
0.603621
1.70884
2.08944
2.15077
0.656587
1.00355
0.971404
0.99208
0.930203
0.921381
-0.20296
0.0272505
0.281539
0.174152
0.142552
0.0784876
-0.127848
0.0802107
0.010618
0.224654
-0.0394497
0.137833
0.200045
0.187058
0.750782
0.482802
0.478903
-0.0462026
1.74964
2.38049
2.38526
1.85928
0.0331421
-0.0300397
0.0176831
-0.245043
0.406716
2.09
2.39136
2.44561
-0.433253
-0.43741
-0.248663
-0.347024
-0.433728
-0.549265
-0.282647
-0.495505
0.0941406
0.225323
0.091698
-0.132138
-0.561024
-0.401208
-0.263476
-0.127114
-0.0712535
0.0550441
-0.471665
-0.234591
-0.281209
-0.203178
-0.51707
-0.664458
-0.532335
-0.484996
0.553535
0.88672
0.538635
-0.163173
0.523787
1.08875
1.07311
1.23457
0.410604
0.436922
-0.248266
1.52879
1.82794
1.67738
0.657722
-0.247255
-0.344225
1.7777
2.27302
2.03615
1.07253
1.15729
1.27759
0.43726
0.56692
-0.111158
-0.618872
0.0118673
0.0979363
-0.287081
-0.354912
-0.439933
0.0813465
1.08421
1.22726
2.56807
2.32833
2.73159
1.73057
1.7927
1.09428
0.442088
-0.444029
-0.162605
0.122937
-0.102255
0.338829
0.166481
-0.0324446
0.298992
0.806332
0.858615
0.877883
0.864232
0.856797
1.08484
0.813048
0.962741
0.475668
0.431352
-0.478809
0.627309
0.896367
0.867559
0.910349
0.923585
0.973994
-0.0412179
-0.230126
0.0803612
0.733402
0.599069
0.791545
0.319665
0.204033
0.398234
0.819515
0.736109
0.543777
0.000155818
0.664838
0.598825
0.562639
0.387544
0.763127
0.883644
1.04699
1.06376
0.61796
0.502211
-0.33655
-0.191927
-0.191027
-0.156052
0.386721
1.69051
2.10485
2.09187
