546
-0.226925
-0.00577168
-0.0728099
0.0141319
0.00725276
-0.158005
-0.0413454
-0.404175
-0.397547
-0.175758
-0.13433
-0.0673323
-0.372613
0.51825
0.758696
0.651129
0.494602
0.349029
0.151926
-0.479744
-0.442946
-0.0161397
0.0661844
0.224713
-0.0403014
0.0716151
0.102664
0.418245
0.461862
-0.127357
-0.572002
-0.547303
-0.112651
-0.141228
0.0765259
0.640728
4.79001
4.81452
4.84866
3.42046
2.31858
2.36681
1.24713
0.251502
0.233666
0.282453
0.0541482
0.0512869
0.062062
0.143483
-0.118509
0.155861
0.511382
0.506472
0.743224
0.250842
-0.517977
-0.0401808
-0.16065
-0.189699
-0.39185
-0.494248
-0.499885
-0.498579
-0.422948
0.850015
0.620442
0.591498
-0.329774
-0.441835
-0.190543
0.61437
0.280197
0.225704
-0.594752
-0.609914
-0.56075
-0.679907
-0.645989
-0.585503
-0.457474
-0.471699
-0.521264
-0.365475
-0.304647
-0.316208
-0.370616
2.58503
2.56264
2.55503
0.109956
0.0591157
0.0573967
-0.486389
-0.228
0.325943
1.46413
1.46858
1.36833
1.48373
1.32596
1.41348
1.68946
1.54813
1.5381
0.596137
0.758392
0.15497
0.0984724
0.0721045
0.00770359
0.267412
0.223845
0.528326
0.325688
0.954082
0.766105
0.651469
-0.0829784
-0.636969
-0.132255
0.135051
0.225138
-0.374579
-0.417174
-0.621601
-0.225218
0.231659
0.239443
-0.058683
-0.548593
0.0553859
0.30113
1.78255
1.69841
1.67857
0.433664
0.742576
0.67385
0.558637
-0.658773
-0.55867
-0.503337
-0.563004
-0.477865
-0.494706
-0.668128
-0.687148
-0.624577
-0.629908
-0.619848
-0.645529
-0.62791
-0.568016
-0.626716
-0.648723
-0.710616
-0.624662
-0.0689789
-0.288345
-0.24809
-0.564213
-0.573478
-0.550844
0.810545
0.726504
0.582932
-0.323962
-0.288516
-0.325894
-0.60577
-0.605242
-0.508145
-0.609338
0.223369
0.261286
0.0840554
-0.146826
-0.187808
-0.231908
-0.135654
-0.00969554
1.10319
1.08411
0.96491
-0.0355763
-0.566882
-0.649453
-0.491433
-0.0992712
-0.118391
-0.246472
-0.541454
0.661651
0.498144
0.578133
-0.697943
-0.693749
-0.712047
-0.764652
-0.633162
-0.445236
-0.0753468
-0.0482856
-0.344839
-0.375204
-0.580303
-0.671038
-0.652186
-0.484747
-0.502878
-0.624895
-0.708181
1.19646
1.0955
1.02053
0.049922
0.951853
0.896657
0.262792
-0.707494
-0.614993
-0.729024
-0.0288784
-0.143831
-0.358248
0.166427
0.288586
1.53067
1.40273
1.59852
0.461371
0.0841838
0.309241
1.09804
0.42635
0.638845
-0.273333
-0.554023
-0.303608
0.258473
0.71933
0.667407
0.807264
1.20114
1.04995
0.919967
0.0849128
-0.17246
-0.215752
0.601299
2.56301
2.49152
2.53057
0.537533
0.337194
0.367788
0.498034
0.331807
0.289828
0.048039
0.505728
1.14387
2.28555
2.0491
2.29258
1.90181
1.9005
1.52009
1.47114
1.13128
1.06584
0.66056
1.30044
1.01736
1.11756
0.385949
-0.42606
1.06098
1.15351
1.09839
0.723673
0.604059
0.589017
0.300971
0.456508
0.0723197
1.23939
1.27503
3.16067
2.88949
2.98354
0.306398
0.746022
0.680522
0.667544
-0.295562
0.250253
0.325237
0.310371
-0.0466665
-0.101676
-0.00216574
0.0221575
-0.0430545
-0.41078
-0.610577
-0.47831
-0.0698062
0.0806322
0.267598
0.81398
0.597943
1.61668
1.2856
1.26549
2.22616
2.11435
2.24377
0.538745
-0.0392653
0.126599
0.331892
0.018059
-0.375847
-0.447215
-0.432512
-0.616463
-0.702497
-0.0189833
0.657576
0.589587
0.589837
0.896046
0.391055
-0.421521
-0.461027
0.101797
0.00834972
0.572856
0.709547
0.432109
1.24162
1.18301
1.13778
0.370765
0.26385
0.0422826
-0.399368
-0.520033
-0.464507
-0.110015
0.0774625
-0.0017364
-0.476807
0.187279
2.46409
2.48595
2.61103
-0.450615
-0.673595
0.934017
1.1516
1.28831
0.868209
1.04
0.649606
0.12799
-0.418518
-0.560495
-0.366661
-0.491116
-0.662306
-0.521372
-0.595495
-0.692962
-0.635909
-0.699653
-0.682747
-0.721924
-0.578772
-0.668791
0.0490596
2.32856
2.22697
2.22573
0.9047
0.621378
0.39694
0.141972
0.307559
0.228135
0.582223
0.605397
0.758345
-0.269562
-0.480168
0.47088
0.276579
0.72848
0.0573572
0.176743
-0.287891
-0.274271
-0.556798
-0.336337
-0.479403
-0.475439
-0.420545
-0.35822
-0.586282
-0.3378
-0.50428
-0.31695
-0.252118
-0.177083
-0.531898
-0.543881
0.175361
2.91106
2.77847
2.94993
1.1191
2.01549
1.96042
2.10206
0.153047
0.178108
0.132421
0.157971
-0.416584
-0.414311
-0.511809
-0.626542
0.164658
0.0315101
0.0773706
-0.00317303
-0.126797
2.975
2.87644
2.86443
1.1238
0.748372
0.705823
0.339662
1.63813
2.1635
2.29394
2.3399
2.27713
2.30716
2.19813
2.24786
2.06607
2.12822
1.78978
1.37953
0.807445
2.09873
2.09051
2.11853
1.8209
1.79455
1.80937
0.580389
0.417458
0.733542
0.255869
0.42625
0.899776
0.813844
0.751157
0.766398
0.548059
0.64541
0.208472
0.223821
0.0681891
0.177074
0.502256
0.783315
0.668152
3.22806
3.07041
3.29165
1.07637
1.03152
-0.584327
-0.61708
-0.563441
-0.437043
-0.483011
-0.421813
0.437096
1.34461
1.16138
1.15875
0.42754
0.734527
0.670033
0.499986
0.222298
0.0229383
-0.41801
0.69279
0.721693
0.71516
-0.731683
-0.0152843
0.251819
1.06873
2.21534
2.48616
2.53286
2.17346
1.62921
1.58795
0.618678
0.30617
0.282725
-0.0128427
0.289285
0.813437
0.693698
0.768768
0.338934
-0.000990008
1.2197
1.1362
1.23114
0.695802
0.800327
0.722193
0.784205
0.773385
0.558971
0.406373
0.0334278
0.152183
0.046312
0.082244
0.308057
3.59614
3.46763
3.53101
