546
-1.1219928485956159
-1.1281356525550836
-0.5882515730384676
-0.6308600007718118
0.10186890032174974
-0.16307722948332246
-0.6732200655707106
-0.34040492127074945
-0.195648232105514
1.7479267651482118
2.374934284105708
2.3042798082693055
0.7933837705961061
0.1671308343197752
-1.1544432923385377
-1.1324105504634476
-1.036451287302593
-0.9944106438017626
-0.8389366144745838
-0.9142725077033612
-0.9754559802120406
-0.11139329738533622
0.2816339891732506
0.4164869357574135
-0.49734091477177855
-0.5982544523167463
-0.023012385067648064
-0.27564508873414595
0.6206144491084544
0.9900125701457796
0.7277016856162468
-0.5772783915609491
-0.655916926395025
-0.6883356499855315
-1.1741709404635512
-1.1218622567938832
-1.1291110720485653
-0.9055457363917838
-0.9211342107803641
0.844363959341798
1.1291406568012792
1.4250829888322338
0.03778318322459806
0.32583379405871743
0.9744997774253361
0.9238032767139013
0.21363911939387537
-0.3814769373487448
-0.8531581426306699
-0.6460774654761091
-0.8959639738506973
-1.1357427528498505
-1.1281059517326204
-1.1342860312592584
-1.0390190957993644
-1.460259894594439
-1.1723612511867778
-0.8813580559702355
-1.1383247066649294
-1.0062187397037805
-0.5785193476556652
0.2852934172597197
-0.23451571518896996
-0.4143050116192328
-0.6567126924834893
-0.2823419301125356
-0.2674380545569195
2.0135758734758116
2.265242635968993
2.2561579393307105
-0.34453016283945387
-1.164890493974259
-0.8106329022892182
-0.619031324757312
-0.4601897550612954
-1.268217251899796
-1.2556421014414214
-0.7036711799220676
-0.7235643548756132
-0.5753225457729
-0.5404274616598609
-0.5005659350437314
-0.47770483464433355
-0.37732024585392027
-0.16292195965536807
-0.8164791402603717
-0.698283740235898
-0.29262895796226335
-0.26005471768331906
-0.561199985080352
-0.48600324689814167
-0.19052067602800038
0.04133511530677906
-0.3191447595069358
-0.8121944857163819
-0.15514135830431325
-0.7158579829591208
-0.7207146857672679
-1.171610083472052
-1.026771510713726
-1.3284262764248627
-1.2254211975417306
0.8031621064523713
1.215172388215554
1.054514413495519
-0.9834016727494295
0.24117394637784675
0.27094014852829656
0.9392170164633453
-0.5322403601984396
-1.0466860546052315
-0.8350546558044896
-0.6640437454327388
-0.38738557873437834
-0.6278815730400447
-1.1202539189413039
-1.1657912347344475
-0.9317829114355939
-0.886217039545417
-0.9649720303031508
-0.8465471991191069
-1.0544901719804052
-1.257116615337259
-0.6689643287483302
-0.6432710485167001
-0.6985612700003143
-1.1125164676775454
-0.8227296303884444
2.109231359482549
2.3454313206573483
1.6424911122708703
-0.6370067714433495
-1.30842921515429
-1.2947307184489614
-0.9340477703106429
-1.0470712517842156
-0.8859071978281755
-1.0032662776440149
-0.9074718847444477
-0.4337358702946727
-0.474492331469286
-0.7861035199471431
-0.3934932950369254
-0.4505548415864723
-0.6351221797057379
-0.6408574344047067
-0.9206216795289347
-0.836822652377178
-0.5348307898085131
-0.6565916619527549
-0.663730363195398
-0.49523057348632243
-0.43069300615761924
-0.6376798968018663
0.2839368247697428
0.5397616471628774
0.7893305721487263
-0.04425540523508614
-0.23000628660566796
-0.897707948110341
-0.46011992371643234
-0.1642587840091397
-0.1768777181036927
-0.4159138518221695
-0.4968482584390458
-0.4414096428028024
-0.3834725321937584
-0.34666905258293784
-0.06598110796411082
0.30730912490104884
0.5593636959726274
0.47043017270399856
0.1812124930820005
0.09563773539434187
0.9060241729080923
0.7881918948945804
1.1521494748566117
1.3991966308744548
1.3719774055404708
1.5060627197601861
0.7151239773734386
0.4385064292912464
0.47435534923509765
0.8401611517013118
1.3229664447377263
1.0218825183220706
0.41509391485925945
0.060408413836231245
-0.02079326490157134
0.6546450611137596
1.45420809485237
1.9786746109828204
2.139742655288238
3.432131112543939
2.7719307416389274
2.3399703917287265
0.28024987886448927
-0.27079555445944625
-0.5914790219621998
-0.45864148812614824
-0.6442161105964165
-0.9968181365987375
-1.021256473148762
-1.032199629731231
-0.9925918787365675
-0.7893831657813397
-0.5166027420315125
0.16869315305126203
-0.2120544518838694
-0.5760478023682536
-1.3060499829698509
-1.2405806669694035
-1.0038286545897621
-0.4354403415918069
-0.17722049085458733
-0.5173974699118894
-1.117667156576672
-0.5924027881312572
0.26136380787592345
0.012051710785943713
-0.16385314237426257
-0.8569819758914914
-0.8456906230041821
-1.4115350184326827
-1.394935224827681
-0.9204860744214353
-0.8491858420958123
1.23274922535627
1.5916337289142457
1.2731903999352794
-0.20464761880902857
-0.8983278432688857
-1.139865642773283
-0.8129389414059166
-0.7713719673509831
-0.6823839555560884
-0.9489660152477281
-1.0384555406328013
0.8683661033398736
0.6844080153032226
0.3584237661219398
-0.7515749276562154
-1.1662945725442484
-1.115307685298207
1.6335533851269053
1.9268556829693304
1.6128978685930289
-1.2925729511298367
-1.5648561262943903
-1.398191824363344
-1.286933955989362
-1.024682833071046
-0.9524141508062867
-0.4943439649308004
0.3586704890607533
0.2844266211700824
0.144036115171322
-1.0260262793709856
-0.8075213897472038
1.0777203005259823
1.1856134837510297
1.5716175173326465
1.0715931508640415
0.8625487608602518
0.26941571576016066
-0.3696917249326217
0.44252860426364043
0.5274937943033083
-0.07956043168746943
-0.07460930302698585
-0.29385841454641637
0.03601985005442593
0.39079771993817186
0.7540535536202607
0.4639281206694741
-0.4703331947905999
-0.6150163159360331
-0.5874318496328833
0.19196851769020798
0.442514257606302
0.23912603482322717
-0.6328826541431865
-0.4015784395858698
-0.31916382196698095
-0.5052672973304934
-0.8279734420118513
-0.8254986132850367
-0.7546259634984053
-0.4987500735390964
0.6556674318389185
1.24539208310235
0.16133261404348645
-0.5874334376077819
-0.5377647004327171
-0.5860846958580952
-0.9976073970223781
-1.1237961480090295
-0.9049713805870503
-0.6472705846279748
1.049355568316292
1.2793527381033198
0.7616982822894426
-0.5925566675732856
-1.2662858060565179
-1.0851181097983613
-0.7154153866111036
-0.6842391491245772
-0.6502947118341006
-0.8639287331591559
-0.7855629755010932
-1.0134319522760133
-0.8646036616443209
-0.6684608898440777
0.519736192341114
0.9006894931021866
2.4827796887914877
1.348561657736173
1.2776877136255065
-0.4028445071658617
2.7235796512250663
2.0857117315859806
1.9734103113157737
-0.6565369751079548
-1.0742940562222174
-0.9058512622417405
-1.0996662467460951
-0.9308413709760878
-1.1375718630641651
-1.0120652551707598
0.13950780648808134
0.19448629295393768
-0.3295863051347452
-0.6356663532609172
-0.6393251726259623
-0.5249165067825892
-0.08556565544931855
-0.25412984169677616
-0.10183637755058648
-0.5208330618951797
-0.34458055201848586
-0.887730376915774
-1.0221312351607463
-0.11570173781437
0.5992184973829667
0.5157884586856293
-0.8376508391813375
-1.4118586409987204
-1.0446517240986857
-0.6276811953000465
-0.6167512314073668
-0.4231757599622501
-0.7272118933230046
-0.9512509347979969
-1.2612211948005139
-0.9916134741966275
-1.0247343259576933
-0.9401349121574145
-0.21236887877928956
-0.3244537425510832
-0.7189990181780354
-0.7576955143445792
-0.7283170462301354
-0.562912577875005
-0.7407610816470562
0.13562012099793438
-0.6656352448266041
-0.2424886308963759
-0.9988124207310882
-0.8975751137330485
-0.3954299945710478
-0.342595957357637
0.03901308071968689
0.5801718080744097
0.34560967655130953
-0.5102392797618938
-0.6893032027439042
-0.6094997138334677
1.6347621162132004
2.1738468680719087
1.6195934481307057
-0.7230596837333254
-0.5733457503027548
-0.17827985207083796
-0.03272783725602084
0.6820880276720408
0.6770855088686177
0.9387749914154341
0.00429181071445656
-0.049116491294609
0.1302606332588108
-0.32828450637405643
-0.5807386753939614
-0.8676784023644893
-0.6797949754894851
-0.18874811554700116
-0.5348730871099266
-0.8182670271477145
-0.444499183921545
-0.10044585426763035
0.0722018329025053
-0.3824924847398389
-0.8309317216180121
-0.8073027035593335
-0.5466674452584233
-0.05558680810873428
0.12457361612550426
0.04029140149486256
-0.16256377971764918
0.07630349626525675
0.17542548786701975
-0.2863590899245893
-0.25323472973105304
-0.10831818304893755
0.03128577010226814
-0.3096094616470426
0.10261438351273423
-0.14160648991953914
0.17204888964437165
-0.3528638577347868
0.9445314296881433
1.3721137431237915
0.8527633194729071
-0.7143813632122292
-0.9615642040015063
-0.8047352380140917
-0.5229184312688798
-0.5566737276136938
-0.39977144972727063
-0.21288555203305673
-0.13925834050877725
0.39851584100473525
0.14728305003723988
0.12153861112735208
-0.4734163460921696
-0.5438108691920042
-0.1275409159474016
-0.27873369149613053
-0.3974539805157575
-0.30836711353866786
-0.7784672586382734
0.5491759006434332
3.5197411156085345
3.10030380516301
1.6222527825368942
0.11858317526242461
0.23073754848070077
0.4201200902419716
-0.5007372026713791
-0.7024208227187947
-0.8108505634027091
-0.35873188873879636
-0.5037929821324398
-0.2184086214628575
-0.2297782768653517
1.0236292675938803
0.6503292526489548
0.6917386157353083
-0.16881466835138234
0.5608096597277107
2.410508793108406
2.8430281225676426
2.447198650430429
-0.054991322061548935
0.04350415773011921
0.007802196114133991
0.7369439975278326
0.743572875751106
0.6845914887815496
0.08555002210152625
0.3116719511715421
0.5829817970288645
0.2926883793448875
0.11601525631817118
0.20198986753101078
-0.0772440841693549
-0.2905698665820256
0.31578270064929326
-0.001219519668442921
-0.05836019179504523
-0.4927464937211791
0.19332246693015914
1.000440135155047
0.17173002244246174
0.15828118798537513
0.025852815076881558
1.2691695104433545
1.0594055023695264
0.5408858767762573
-0.38495193421959306
-0.7397279470174603
-0.7894824426084623
-0.5112830976063291
-0.5297255906786189
-0.29708923952720734
-0.6261319496107685
0.04808747778758818
-0.048685460376163114
-0.028488467330697858
-0.07839986952546105
-0.019807477155125857
0.014705698015287058
-0.36190866412937656
-0.3741316585685954
-0.17869374972781546
0.41609373256299004
1.4907640732071639
1.8693276408703379
1.3786675319578203
3.235070816169512
2.914014127068934
2.8051628392115946
1.048250294249567
0.6981225073640989
0.6561840363501539
0.83172614273193
1.1263675087803906
1.2979014826743425
0.9044663788004448
1.279816791781582
1.3940935348609647
1.2415255185063971
0.8597946045760926
0.7271563042044608
1.0746684677687943
1.2255691042783419
1.9541600022831505
2.1158274088410103
1.9222663531929853
1.438951695659117
1.8307702964345156
2.0155140339828495
2.78183205345847
1.964936705781313
2.1059499964815807
2.3261203713815184
3.06472518065608
1.8811826609968352
1.7729625230345123
1.0371655657870618
1.9827813649315265
1.6157362750607875
2.2277953195867104
1.8495967205461443
1.6768463599567327
0.9871652958775914
1.2776099962554888
