182
-0.5618562347882574
-0.3618400454948174
-1.4263765395462875
1.6425252795284369
0.7110076300137939
-0.5768371508021325
-1.0362489429548514
-0.3789481039933136
0.4988998144377874
-0.07042214580194571
-0.3136696563598447
-0.5084948599345437
0.9171880481142494
0.7839677813330995
0.3506616544455804
-0.5765487638657406
-0.9666527774675512
0.5780036076439943
0.5082905047009314
-1.4487562064486272
-1.2729901103322476
2.851491228918284
0.30492381377937194
1.1499378672348288
0.394630785179475
-0.9098706488250036
-1.3213407718150314
0.7955448238637917
2.942766341452299
0.10037082939657949
0.20899211697831854
2.564236106823887
0.5117485600168844
-1.6184169466197864
0.3344553722704294
-1.0976332736956114
-1.3187496856281875
-0.6687356437576467
0.011832512454921664
-0.5655582053407947
-0.8109316982910965
0.6385961467114247
0.78231531083953
-0.9518255831850075
0.8854483081545234
0.3543491704780096
-0.6149246480147568
-0.9560227310485746
-0.003480307791377894
0.6846331385950745
1.4149801796412274
-0.4255895954749481
-0.5823730272635371
1.7074780802542873
-1.0815358940508264
0.1739906723958337
-1.1326435304765186
-0.49390671028621586
-1.1659182938210688
1.9149786630194412
-0.6186556144140224
-0.06354090940807072
-0.9142440983262304
1.0280459686026902
1.380644730059171
-0.35706532942887975
-0.5977629451307347
-0.9105885725749602
-1.03691322848028
-0.5112202484866643
-0.6305643395021144
0.28016684466763914
0.5410460225560705
1.6909846699081104
-0.3128126027742305
-0.622663677296225
1.0366032700705228
-0.04748675558208006
-0.5490897970699206
-0.2401141056080971
0.10606758051126469
-0.5084041991557894
-0.7658326287603052
1.2287944277721472
-0.1461872909762594
1.3375428717691267
-0.08421261195009005
-0.14911448570292704
-0.6875371991905765
-0.18199605084759776
0.119170028709879
0.7428932319957371
-1.250611907797178
-0.8501593255264044
2.920437516221589
-0.17605262044283582
-0.7814597909190831
0.46273239334000044
-0.9461177986784396
-0.5679026067599168
-0.1039166449632511
0.8758874890570179
-0.14373800646794477
0.03869926747160264
-0.24523104590125594
1.2669008344616493
0.42496296295189595
-0.5367826713102603
0.4102333165034831
-0.836643950496007
-1.0620022326699723
-0.5423483571416551
-0.32536914423722463
0.41822326522292885
2.240900282203612
1.553115709186886
-0.5953500452395463
0.7884738538170014
-0.9417308304203711
-0.4171656697999673
-1.373466914787917
-0.01829491190214752
-0.5706954299794025
-0.39200361915126186
1.17407402489893
0.3264077644790815
1.2786134094574548
-0.09805146059329464
1.803416851652077
0.4173836031729598
-1.1850616075394242
-0.9979170875055363
-1.0983825677411485
-0.8664384293242988
1.0858938488734031
0.17497222478556643
-0.5390610491737323
1.1623620519192588
0.36474100962661365
0.8258944651123713
-0.4055614605562718
-1.4238743781289886
-1.7131594769101666
-0.8555337345622477
-0.2330241234082226
0.7511574911170708
0.11048305930450228
0.3157273943755412
2.804831720540086
-0.3339879373012371
-1.4468955094028764
-0.9201344681443436
-0.2690450115655559
-0.4459491621372885
0.4750789050823212
-0.008591371761659795
-0.03653752432760059
-0.31444777498579424
1.6821091654031632
0.3458432830323688
0.5170066883402507
0.16284273947719477
0.053249394131702356
-1.0135606354901514
2.4084540225966866
0.8864646498259476
-0.8596350618004611
-0.31615843618409023
-0.7958561656858938
2.889415627102672
-1.233226423449352
-1.6089748394555323
-1.006302307527113
0.09225276762073298
-0.7707311342565618
-1.7392128704797802
-0.3419462412142802
1.608212093248543
-0.4212770363957306
0.6230003030444897
-0.2784203277852878
-0.5415548807291812
