546
-0.126043
-0.468307
0.100278
0.0299481
-0.23497
-0.607372
-0.684702
0.608254
1.01343
1.67496
1.74287
1.93212
0.744099
0.29672
0.0955299
-0.17284
0.0775856
-0.130319
-0.00419295
-0.170251
-0.21167
-0.0545436
-0.168091
-0.141343
-0.313111
-0.500535
1.20902
1.32521
1.28234
-0.14235
-0.168539
-0.402109
-0.296126
0.413256
1.82914
2.24607
2.31349
2.62079
2.33998
3.08114
3.05469
3.2453
1.52081
1.30816
1.15664
1.1601
0.472581
-0.25785
-0.2274
0.397152
0.260974
0.292184
-0.133664
0.0513221
-0.219061
-0.617903
-0.494165
-0.719402
-0.698338
-0.814512
-0.781165
-0.692228
-0.621088
-0.600645
-0.203097
0.0994674
0.130411
-0.672448
-0.323518
0.264947
1.01782
1.11765
0.970907
1.02945
1.32734
0.261835
-0.180171
-0.468499
-0.494881
-0.698512
-0.743265
-0.295318
-0.273097
-0.483438
-0.521865
-0.0776449
-0.0491368
0.0361288
-0.0892676
0.0459038
2.01602
2.19239
2.31916
0.603908
0.3381
0.411967
0.334529
0.461007
-0.658229
0.00465154
-0.0503044
-0.0180058
2.32436
2.36099
2.51296
-0.398166
2.07268
2.43247
2.43167
-0.423079
-0.479361
-0.560698
1.97963
1.98721
1.93006
-0.556077
-0.522512
-0.610811
-0.523888
-0.587811
-0.64189
-0.671138
0.00758756
0.310068
-0.062033
-0.0782541
-0.600018
-0.653943
-0.577675
0.479621
0.203616
0.620127
0.160692
0.290816
-0.0380612
-0.0704021
0.259467
0.324616
-0.58058
0.307408
0.459583
0.501064
-0.652846
-0.719866
-0.780192
-0.601535
-0.580901
-0.524785
-0.590107
-0.678903
-0.194923
0.645762
0.442356
0.824714
0.466198
0.734693
0.161863
0.0342914
-0.570788
0.0167115
0.13193
0.00577064
-0.439223
-0.698928
2.25469
2.50913
2.57622
0.260465
-0.283486
-0.172402
0.145545
0.0120809
0.0995028
-0.546255
-0.683744
-0.646108
-0.445032
-0.590998
-0.529963
-0.5127
0.496306
0.420949
0.212425
-0.690391
-0.663079
-0.505077
-0.467119
-0.320776
-0.591906
-0.411566
-0.565952
-0.539272
-0.597195
0.00873284
-0.0421407
-0.0951427
-0.143498
0.0189543
0.597348
0.708161
1.02773
0.774024
-0.563615
-0.624148
-0.524863
-0.21784
1.20443
1.45429
0.429989
0.109949
-0.62875
-0.612229
0.494674
2.10657
2.0278
2.19121
0.621695
1.61179
1.59896
1.63523
0.371029
0.0611383
9.07131e-05
0.0415981
-0.677746
-0.621902
1.28598
2.22621
2.72014
2.93469
2.83386
-0.193451
0.393863
0.895236
1.40469
1.52807
1.84924
1.4
1.41377
0.55521
-0.480161
-0.438446
-0.557172
-0.586008
-0.533537
-0.564502
-0.338058
0.322966
0.512548
-0.103537
-0.146382
0.220871
0.223572
0.213479
0.028287
0.513079
0.0471129
-0.374496
0.813958
0.936592
0.540269
0.198018
0.365605
1.02295
0.936201
1.09255
0.151544
0.0485861
0.242763
0.186126
0.0713159
-0.0978763
-0.375404
-0.234883
-0.230644
-0.251681
-0.427769
-0.614828
1.47762
1.52429
1.39263
0.842172
0.79726
0.572881
0.340814
0.0153771
-0.0702631
-0.0381049
0.661322
2.54736
2.62342
2.71579
-0.404285
-0.105447
0.432728
0.441082
-0.126123
-0.137445
-0.553768
0.182296
0.214455
-0.00719811
-0.19787
0.272372
0.24477
-0.0354787
-0.0187372
-0.133682
-0.259623
-0.199892
-0.43897
-0.223797
-0.188924
-0.484237
-0.518781
-0.592607
-0.554759
-0.555197
-0.273442
-0.230029
0.143536
0.702259
0.597873
0.515089
0.240023
-0.396697
-0.50837
-0.542558
-0.667997
0.172536
0.931074
0.610318
0.818866
0.270921
-0.501541
-0.613829
-0.475381
-0.551663
0.867927
0.881321
0.708099
-0.486664
1.70761
1.81662
1.96332
-0.427892
-0.736999
-0.72168
-0.657188
-0.692275
-0.380599
-0.081976
-0.213602
-0.451551
-0.401855
-0.504535
2.15956
2.2774
2.4788
-0.751401
-0.768445
2.37893
2.51475
2.67553
1.62261
1.62822
1.77433
0.315282
0.280277
0.360569
0.143781
-0.57758
-0.304137
0.25742
-0.241806
-0.0942769
-0.174751
-0.293938
-0.22004
0.698987
0.762254
1.08163
-0.363487
0.736629
0.874667
1.35358
1.75392
1.70286
1.52314
0.774964
0.805373
-0.0876318
-0.452952
-0.343294
-0.374586
-0.252429
0.0217706
0.524637
0.611604
0.854261
0.610174
0.84278
1.06468
1.113
1.14825
1.10475
1.07515
0.109239
-0.341815
-0.504557
-0.560907
-0.864495
-0.989649
-0.598999
-0.474529
-0.467153
-0.426088
-0.526602
-0.158796
2.58991
2.60325
2.6781
-0.480979
0.256749
0.4326
0.401677
0.101808
0.188375
-0.54522
-0.624565
-0.606352
-0.430423
-0.475272
0.170481
0.372006
0.561722
0.687152
0.759697
-0.308782
-0.375865
-0.354761
-0.247107
-0.36306
-0.309896
-0.588112
-0.586291
-0.428296
-0.629488
0.121097
0.26322
0.385599
-0.530435
2.1163
2.27348
2.29819
0.999377
0.516371
0.138595
-0.0425075
0.558684
0.507435
0.467605
-0.483644
-0.0777743
0.189113
1.87463
2.05138
2.23158
1.4896
1.9444
2.18728
0.152443
-0.154956
-0.219265
0.479062
0.150868
0.240794
0.222778
0.299443
0.369557
0.854821
1.41566
1.46333
2.7091
2.744
3.07513
2.02372
2.03124
0.87034
0.534727
0.24167
0.428294
1.20838
1.40736
0.989812
0.718581
0.597759
0.667787
0.483405
0.450375
0.397616
0.569413
0.494244
0.588125
0.33307
1.44317
1.49058
1.48183
0.702236
0.897429
0.979189
1.0214
0.906287
0.930778
0.945525
0.96471
0.685404
0.687665
0.727724
0.793279
0.855078
0.612623
0.8206
1.58314
1.60602
1.82923
1.58725
1.63561
2.15465
2.14457
2.5122
2.17684
2.21853
2.0045
2.17966
2.38436
2.40069
2.24687
1.51462
1.42794
1.33052
1.19658
0.757796
2.99507
2.97428
3.17097
