546
2.22535
2.11278
2.12107
1.00811
0.899647
0.6569
0.575816
0.466481
0.413355
1.8459
2.01777
1.98381
1.79902
3.26707
3.92485
3.75938
3.76918
2.63031
2.35919
2.17867
1.63761
1.33952
0.904579
1.12545
1.10324
1.01388
0.810351
0.753735
0.720253
0.804216
0.83166
0.727566
0.569937
0.319564
0.923995
1.06924
1.22861
1.82018
2.65774
3.58875
3.35623
3.19577
1.28358
1.20018
0.942169
0.743943
0.41295
0.47832
0.442506
0.67098
0.603582
0.392336
-0.105242
1.20372
1.11777
1.0362
-0.193744
0.0429218
-0.0209635
0.70065
0.532959
0.608411
-0.226877
0.0569272
0.0474997
0.803319
1.51901
1.96858
1.58059
1.39422
0.0151066
-0.403435
-0.389495
-0.338671
-0.554413
0.167097
1.99996
2.78999
2.69738
2.12365
0.954489
0.815653
0.926493
0.928412
1.00612
0.795879
0.509292
1.04127
1.01591
1.03675
1.88072
1.58113
1.57244
0.219298
-0.243963
1.0911
1.04492
1.01817
0.177705
-0.214151
0.391887
0.384218
2.28154
2.18371
2.17353
0.112762
0.643106
0.661754
0.678041
0.455688
0.303346
0.031947
0.301846
0.324241
-0.55413
-0.508414
0.98029
1.01312
1.00802
0.876803
0.785522
0.786602
-0.268299
-0.0602201
0.589994
2.23524
2.11687
2.3938
1.98395
2.07627
2.03245
1.26993
0.53921
-0.0259491
0.117989
0.0611408
-0.497001
-0.576635
-0.888996
-0.903656
-0.727631
-0.852736
-0.750619
-0.848765
0.124682
0.269026
0.347459
0.100054
0.719273
0.585509
0.37422
-0.556873
1.02301
0.823282
0.722417
0.573819
0.506464
-0.573019
-0.700017
-0.672738
-0.813049
-0.729501
-0.617529
-0.560319
2.11953
2.14398
2.12794
-0.11556
0.297001
0.0357604
-0.135477
-0.454832
-0.447048
-0.515705
-0.118161
-0.107733
0.00832522
-0.0961918
-0.0433286
0.0183546
-0.444811
-0.394772
-0.234538
-0.454614
-0.489637
-0.584446
-0.694392
-0.766295
-0.350878
0.200664
0.378233
0.455874
2.44276
2.57069
2.56803
1.35203
1.27017
0.413562
0.518254
0.361847
-0.107441
-0.576753
-0.673488
-0.608752
-0.200878
-0.560693
-0.0768472
-0.257151
-0.217396
0.387973
0.236639
0.345905
-0.740695
0.989515
0.697278
0.674267
-0.421712
0.695606
0.580056
0.461853
0.216256
-0.0542587
1.71088
1.55301
1.47882
0.391503
0.433675
0.722239
2.36092
2.18109
2.2521
0.986261
1.0489
0.990312
0.35525
0.267031
0.0739344
-0.343921
-0.224585
-0.458237
-0.473767
-0.480705
-0.579956
-0.406168
-0.531479
-0.522742
-0.43262
-0.369761
-0.392317
-0.385598
0.600577
0.766442
0.667705
0.112602
0.276519
-0.077842
-0.0385283
0.466622
2.15143
2.08094
2.50628
1.72904
1.56068
0.571277
0.0106592
0.0768292
-0.236212
0.0123298
-0.48787
0.660376
0.691491
0.442901
-0.255735
-0.0050003
0.100165
1.62375
1.50812
1.07994
1.46926
1.47235
2.27234
1.65968
1.80798
0.513215
0.374594
0.469564
0.306472
-0.166058
1.20942
1.91565
2.6646
2.60259
1.96267
-0.384555
-0.307909
-0.18824
-0.567807
-0.587393
-0.280524
0.268173
0.391245
0.279012
0.139209
0.442868
0.331519
-0.111587
-0.334051
-0.246154
-0.514604
-0.206527
-0.0120824
-0.117722
-0.52635
-0.0412618
-0.252701
-0.327562
-0.47725
1.29162
2.81301
2.89173
2.29232
1.26483
0.839932
0.457294
-0.268441
0.0912857
-0.376277
-0.0438247
-0.297987
-0.0770021
-0.505478
-0.314212
-0.615889
-0.61134
-0.884007
-0.787847
-0.638245
-0.57154
-0.0664595
-0.256995
-0.166806
-0.550309
0.590511
0.577691
0.5186
-0.155592
-0.440109
-0.440968
-0.691774
-0.692966
-0.605048
-0.514765
-0.31677
-0.548747
-0.574188
-0.678564
2.56873
2.5282
2.35019
-0.17648
-0.356981
0.314578
0.656688
0.6031
1.01795
0.644299
0.787074
0.345687
0.0326903
0.294654
-0.25816
-0.537517
-0.615065
-0.345139
-0.192571
-0.388757
-0.503025
0.248106
1.02342
0.955303
0.894339
0.90226
0.561282
-0.42857
-0.518903
-0.515582
1.37335
1.67015
1.68687
1.34678
-0.26819
-0.410154
-0.730167
0.2668
0.13072
-0.183166
-0.498524
-0.567461
-0.496361
-0.459657
-0.520694
-0.402301
-0.533628
-0.438365
-0.650521
-0.588215
0.46786
0.740855
0.630168
0.655413
1.26283
0.886888
0.587669
-0.124595
-0.295847
-0.197183
-0.526897
-0.206146
-0.22509
2.02712
2.10612
1.88434
-0.364978
-0.392443
-0.424547
-0.455038
-0.559569
-0.483114
0.137197
0.0296485
0.00633831
-0.0366357
-0.0736774
-0.0618671
0.22158
0.407709
0.339907
0.764768
0.0491201
0.235916
-0.139541
-0.298719
-0.286249
-0.580486
-0.631181
-0.188948
0.789274
2.1241
2.18239
2.1472
1.10514
0.0442823
0.922606
0.893594
0.497129
-0.551187
-0.611314
-0.441378
-0.417069
-0.0634102
-0.360151
-0.318121
-0.606765
1.80221
1.7304
1.31827
0.120172
0.0197467
0.491402
0.297427
0.47576
-0.592503
-0.55068
-0.413323
-0.270449
1.44974
1.99823
1.72586
1.5825
0.978334
0.812944
0.7969
0.77953
2.12146
1.97352
2.39144
1.38619
1.19628
0.630017
-0.588783
-0.554638
-0.445556
-0.298246
-0.436975
-0.35543
-0.284005
-0.0712588
-0.0126841
-0.498263
-0.399502
0.175753
0.0941126
-0.201852
-0.486086
-0.578539
0.628658
0.687789
0.574115
-0.491898
-0.377745
-0.324402
0.881708
1.83337
1.91814
2.08346
0.700347
0.829675
-0.376023
-0.447238
-0.570195
-0.339965
-0.250507
-0.239412
-0.203797
-0.265406
-0.347871
0.138233
0.529365
0.882686
0.866435
0.88318
0.862362
0.731977
-0.545844
0.948994
0.840344
0.526863
-0.0180008
-0.521955
-0.725762
-0.0243151
0.401618
0.296068
0.705875
0.62015
0.721017
