546
1.456486054497635
0.9471199047368113
0.10134814613202141
0.14724010027609793
0.012050902976838529
-0.1721206232258589
-0.2737142062300172
-0.1434114361676372
-0.22575707585698102
0.5022439120731156
0.9051246798963715
0.3365326132566792
-0.1906936285162845
0.1731998551767491
0.8077395649103549
0.4342782292716641
0.7150929360209438
0.2336444217427135
0.32390952690816033
-0.28500327876007303
-0.3289124381029697
0.4892762680868069
0.47631385193084785
3.2666859418656182
2.1863281964044132
2.529812004725211
-0.4338591585971552
-0.6715680258172564
-0.6342986179623011
-0.674259338892271
-0.7936975787282169
-0.8241902098168314
-0.8345749393392845
-0.44423774136573074
1.148563218663847
1.4870587621658147
1.1372587744653042
0.6859873044337429
0.7807151490070131
0.6472328566738482
0.4218134541625787
0.2722111561128262
-0.1281817834135863
-0.40233706855424245
-0.32137357793406934
-0.7099699383301848
-0.6426037056165381
-0.8985268140730539
-1.0651683949281898
-0.7143773109217063
-0.8413267650632802
-0.20146243746779022
0.19138616688121335
0.3664574118202613
-0.043744418735239224
-0.15651459265152054
-0.42750344215606134
-0.8059731127842074
-0.4224821092861211
-0.22325063557763034
-0.15411125292088582
0.07806196593352537
-0.40331367847636873
-0.018829470011268272
-0.5231545894140246
-0.12250691264476127
-0.19673726812570894
0.23418218046905942
0.3082775472714524
-0.3907890365043203
-1.1637760314169256
-0.9878039491299402
-0.05795644831890054
0.28099051525868696
0.3096344301143837
-0.4518237760208636
-1.0859612030647197
-1.0153492511910085
-0.9125071751844326
-1.1077953035728594
0.023297474703478593
-0.37824736915890766
-0.4607593872435549
-1.2559520677420903
-1.110298698771987
-0.2853208868805855
-0.3167717028992855
0.5866227817549052
-0.27686030557651253
1.2815994830828594
0.8214517124961214
0.9460145134790153
-0.121074613529192
-0.5980857781191461
-0.9774215743750182
-1.030824116014949
-0.8969185383958324
-0.6309215796373653
-0.4917886966438746
-0.5322019903978416
-1.0330141211291481
-1.2083569153627984
-0.3081662416658512
0.5295750556595952
0.5727120000097253
-0.5416005034242103
1.115008777259023
1.1567857223327713
0.763996839683159
-0.7717089946139286
-1.0825274710428934
-1.4287455423544213
-1.2212969900379032
-1.1545203962982717
-0.6932666359685968
-1.1429656131324004
-0.3252161227469549
-0.6160520675514599
-0.6170382742202857
-1.1070073719725746
-0.9524046745439172
-0.6891894677143944
-0.8513085485573005
-0.7294524816344149
-1.0921998656512188
-1.1109967698540093
-1.1023153313504057
-1.3455214132787139
-0.665255859515157
-0.7998507560550057
-0.33267047070610933
-0.37432538538445076
-0.5614819416649295
-0.8445776560971588
-0.5704056309587003
-0.5855096912365069
-0.10890296687894704
-0.1474748325764623
-0.5969748979350923
-0.607078061659955
-0.6388361788358606
-0.38506020969996285
-0.7976339924400137
-0.7326235481785436
-0.6006221886197387
-0.11256095716778448
-0.8652062798989044
-0.6288664027599761
-0.7931436901144855
-0.23027261485619066
-0.47573975135162616
-0.23331392815508323
-0.689458169568138
-0.5302053488838803
-0.44595689555444756
-0.2447558085916484
-0.6986688733661715
-0.9410771356659641
-1.223066318421991
-1.1142663043137908
-1.0022946779479054
-1.0750182115718225
-0.2750387649863385
0.20537251774616316
0.22792182554018856
-0.0033652598760828766
-0.5181338122723707
-0.8684087036122985
0.5429420575667807
0.8542942046734611
0.31352197013105565
-1.1297590513703235
-0.43305444635000234
-0.6696517538792865
-0.6995122953935451
0.7654935698240165
2.062506758872401
2.772080248469214
1.6848356002501572
0.7976574806588348
0.03804601822265942
-0.10622120957235603
-0.360945204334338
-0.6315204135202218
-0.43148967015076173
-0.6168229635177788
-0.6019489625880188
-0.021960438512521857
0.5654273093831054
1.544607337788
0.4343780929771927
0.22660286008508573
-0.6439012906651989
-0.9098431518132009
-1.0927025360499314
-0.8617082432486254
-0.43456190063272576
2.147187485899793
3.8529815620456653
4.227956772935514
2.4937924713396713
0.5186531847783803
-0.005106325330277135
0.2593650097076575
-0.19856162153502405
-0.5560902273195565
-0.19586319375308012
-0.7242971771193251
-0.7981314242461691
-0.8140523148538819
-0.9224605067096592
-1.0028582254322465
-1.0582899932597782
-0.06617176767296383
0.6258511536494323
1.2405521314888392
1.0882852358312853
0.5030319390832916
0.2370420015122019
-0.6339383980912984
-1.1363014715003827
-1.2445614119722772
-1.2398437683924568
-0.9358938213789271
-0.9368896177284616
-0.8358464719837333
-0.46630771962322554
-0.2120983451223841
0.18562523755164728
0.27667841159546697
0.28623351449913875
0.6279443530935235
0.003432770647717455
-0.3301594149785153
-0.395453665374162
-0.3392045345604434
-0.3001638079140207
-0.7287701212397593
0.299823642731594
1.1657317708178996
0.6760906262228462
-0.2217001313755738
-0.27751368354536593
-0.702254042805083
-0.6096467449887446
-1.3445827112187783
-1.4304305425030943
-1.1960277652872626
-1.1030944001001166
-0.8309578397699993
-0.8448398112036346
-0.9840100939705234
2.500943716329963
2.1436226514874654
2.5954907263656324
-0.9805586119472571
-1.168379725791342
-1.4210480159890013
-1.3292433645915986
-0.6262516386726454
-0.6387379765918405
-0.7971484644373852
-0.9855942349311136
-1.2003105982484814
-1.1101217224892763
-1.089218664188788
-1.048775397666483
-0.7331520578256042
-0.4368078950226054
-0.33586173505685213
-0.6016034212833045
-0.48029490821519527
-0.41816263574623064
2.423806843617002
1.8929961847795749
2.022864510216784
-0.613190036411057
-0.8099501447794126
-0.2192912313557816
0.02586296606336787
-0.6178048303775048
-0.6990621703297222
-0.8648506194622237
-0.9269822937524264
-0.8638027800499198
-0.8355778547929005
-0.7074677147122431
-0.7301039308603762
-0.7160903792552042
-0.40670138459763083
-0.3384428870512294
-0.5721676644226342
-0.5708736858772991
-0.29042095335995816
-0.42914945356266515
-0.7233758614500978
-0.580525151411342
-0.6777780866430704
-0.7827432870189627
-1.160190917318754
-0.9198310631491984
-0.5458988651069028
-0.5414963123797832
-0.6725316441460353
-0.6166186396080241
0.0015651919576585712
-0.08660093178389623
-0.5890995256057907
-1.167692908414353
-0.5469094678611686
-0.9641413448569387
-0.8924529155419649
-0.7484278313351959
-0.6278768761345098
-0.4594143960507521
-0.4096823259704534
-0.6635519070167454
-0.3584519938495319
-0.07660469539046752
-0.09107789194516512
-0.534852269284731
-1.025747183483559
-0.4234046440317725
-0.7879162009925632
0.6324702298618868
-0.6192009438490125
-0.5149373874779533
-0.8169304832859621
-1.0595170684212845
-0.8045692088878326
-0.6321273216184505
-0.3590689190706162
-0.4199541538286672
-0.6246040890378158
-0.9809758570735712
-1.2247051482938092
-0.9235039073980008
0.7732359813176647
1.2247088217784845
1.1142302310402112
-0.5077526132704985
-0.9530108710988333
0.15499698809426826
0.8528774215857544
0.5019753190533744
-0.05112510370825151
0.07241195179575656
-0.026714762356087305
-0.10834946600817218
-0.8539274368328718
-1.012137012146764
-0.8154256694760087
-0.6081057829791597
-0.5625302099746339
-0.5273550673522228
0.028481086391741805
0.3558727990657745
0.25968824941015756
-0.770973476122524
-0.5562220024274984
-1.0320083290955204
1.357241995980844
1.6408998686706289
1.502703819166791
0.15982555652294966
-0.7006528498156618
-0.532684238775746
-1.1969740808711329
-1.0331817965265198
-0.7618570380323407
-0.7044061394126118
0.4672611849919248
0.3250625632553623
1.6516134743816537
2.1071250259812353
1.833698972928026
1.2670176327804328
-0.4753129217482066
-0.3506078473030322
-0.4492586152153236
-0.10809554332267994
-0.5874687357485098
-0.37337349345422954
0.25335383556184427
0.7006136180054731
1.6882921920576963
1.4771980292670102
1.390351849434148
0.4270179120058629
0.45356154490432926
-0.4747966313759022
-0.33639178397580766
-0.8840090629222965
-1.2195854854846444
-1.1878876191953969
-1.0427100158187235
-0.9225902315057026
-0.7970770873617294
-0.2871717113048489
0.5055495001648387
-0.18779152653478207
-0.2620381675698623
-0.42795758176381915
-0.5378203746063873
-0.16703033051731747
-0.5833940493531234
1.0635740751804283
0.9248985474575286
0.7054606456082709
-0.8711781856493429
-1.1288763076231942
-1.2689764500129213
-0.04482965969259961
-0.7629541377496682
-0.3505525389431365
-0.6502085870649466
-0.3660468483103315
-0.32101804685008156
1.4206739712658107
1.1038980822776039
1.0092913388479872
-0.3967736130292655
-0.6484087038007552
-0.6987927965638426
-0.7783668187242397
-0.9251070621257415
-0.9841219853691504
-0.6866221049909962
-0.6590523678505918
-0.3567065100871911
-0.3198957500466521
-0.2873443739540485
-0.6026600085911109
-0.74319415293205
-0.2562012718202029
0.11019267851991456
0.5117571860720493
0.7303171439215603
0.24435892008963844
-0.14809601253667898
-0.3699194409427677
0.18088651139877931
0.8846166194392212
1.081326682943191
0.09357467884197035
-0.3867707608678904
-0.5184016615470175
-0.25703553010033
0.7901883803323493
0.6061081654176063
0.04585559543782128
-0.0610289507421012
1.650524734274903
2.528025255954696
2.5555090646399323
0.556321635076011
0.25122923453164225
0.038077196786866066
-0.04703614032047316
-0.041975852382242586
-0.300259374651434
-0.5148027262831683
-0.2955913136243399
0.18965893597499967
0.38350417860877656
0.9590574081900091
0.7204535535138784
1.2128015313052205
1.1930059802880209
1.358239221907246
1.318903576208075
1.3597327589749935
1.147890981824454
0.6231330691750425
0.6500959122442761
0.5852188715545454
1.811134389204024
0.5157944999376708
0.8403629600050203
0.31222628619028137
0.3935728779230221
1.1247225171355832
0.7256487643692728
2.0472643027300537
1.7831695253367763
1.4829399345044008
1.4884029977522164
1.0928061673090006
1.1519089327332932
0.2788520605258123
-0.41338088737953055
0.3443841734757186
-0.02233559322656175
0.716431490127487
0.44469550085799664
0.6148566819760997
-0.2954208809410318
-0.23138367101472185
0.42134787304173055
1.3256909605116685
1.1558363504484321
2.449114349950744
1.72167326311701
3.150434579174115
1.8429649843684164
4.499520324400157
4.061027625443412
4.552171144103185
1.6701030858992216
0.14099549548404905
0.15194886851217887
-0.35800762429930866
-0.417950029057364
0.3193065062997717
-0.18905779657797336
-0.3165856522452961
0.3830741193453982
0.7247281769659639
1.1109262578778194
1.0940183136939796
1.2247735959514439
0.7061093262006799
2.282248512228959
3.343120059789807
3.0122724755424923
2.3716600517305566
1.6453443523257165
1.3643394389624048
1.2007925024728916
0.7967691412444466
0.9239404693208717
0.46061229985049434
1.5474210482011788
0.8459957264939267
1.2891202122382623
1.605936188350065
1.211232378078805
0.6378868445965541
0.6396820802938221
0.045301190516871696
-0.27261286957085884
-0.07305779161894371
-0.5063507355523891
-0.3034392933993116
-0.009438408741148966
-0.31104805318297457
