546
0.165763
0.426793
0.711378
0.599608
0.603237
0.433983
0.914554
1.05314
2.25986
1.50362
0.510739
0.00339824
0.415387
0.451641
0.885787
0.945078
0.908247
0.0884056
0.521916
1.05149
1.16265
1.23803
0.355757
0.0203362
0.0708957
0.579481
1.26918
1.98689
2.251
1.70762
0.915867
-0.00992834
-0.509898
0.132466
0.177721
0.883059
0.712993
0.634059
1.29472
2.3644
2.44482
1.74088
0.65723
0.645612
0.475193
0.371601
0.107787
0.719259
0.996554
1.91181
1.45357
1.3037
0.604684
0.437052
0.293203
0.691656
0.958667
0.515925
1.11277
1.86199
1.95736
1.70251
1.51443
1.48391
1.50025
1.46912
1.65999
1.66938
0.646204
1.62702
2.27623
1.69496
0.4556
0.366472
1.04814
1.29156
0.0708746
0.161404
-0.10854
-0.511055
-0.654286
0.0128313
0.757761
0.438645
-0.0970456
0.343896
0.975249
1.80737
1.87558
1.35494
0.719883
1.32627
0.400443
0.134916
-0.399989
-0.846767
-0.627497
-0.799578
1.53727
0.936421
0.863685
0.0301012
0.560292
0.391937
0.979214
-0.643082
-0.0716387
-0.667249
-0.110914
0.34519
0.93755
0.282021
0.432535
0.16545
0.995153
1.55302
2.20239
1.37684
0.835226
0.0319094
-0.26932
-0.141618
-0.314818
-0.0412585
-0.279954
1.67242
1.92318
1.95637
1.26467
1.94421
1.47188
1.06622
1.23063
1.80679
1.82991
0.720826
0.132452
0.682825
0.689021
0.319587
-0.0432838
0.0680736
-0.107922
0.270552
-0.199798
-0.266675
0.974247
1.44105
1.33525
1.10745
1.48184
1.71158
1.07344
0.0974398
0.634189
1.16974
1.92467
1.19382
-0.211142
-0.352057
-0.567088
-0.505391
-0.833637
-0.808993
1.86404
1.69761
0.72712
-0.342747
0.47741
0.843638
0.919802
0.85706
-0.581686
-0.338508
0.755652
0.912697
1.06754
1.08622
0.619981
1.95856
1.83464
1.34781
0.111727
0.984187
1.03992
0.923715
0.97558
0.341567
0.681485
-0.115927
0.0800473
-0.215459
0.528015
0.306539
0.112521
-0.133724
0.239182
-0.00722356
0.519556
0.5502
-0.327324
-0.546144
0.0307037
0.751297
1.29684
1.54067
0.628042
0.0463792
-0.0609916
0.617686
1.21658
0.988195
0.493715
1.10844
1.85306
1.21336
0.644488
-0.446699
-0.488183
-0.783343
-0.724152
-1.07155
-0.258968
1.28764
2.84718
1.6645
0.300241
0.00544175
0.361223
0.305978
0.316232
-0.179212
-0.538656
-0.456068
-1.24033
-0.908128
-0.462966
0.112776
0.853358
0.733828
0.404516
-0.357787
0.756764
1.44857
2.17686
1.28403
0.722421
0.797491
-0.0501699
0.533081
1.36574
0.569279
-0.075766
-0.166359
0.366205
0.728783
0.416452
-0.829539
-0.611716
-0.664511
-0.221236
0.446341
1.59385
1.49102
1.51471
0.386822
0.132503
0.928771
1.18286
1.36036
0.243229
0.551603
0.0789028
1.97211
1.9579
1.02134
-0.072806
0.0177901
0.557741
1.69185
1.10678
0.650356
0.646009
1.55396
1.82612
1.85071
0.926133
-0.717857
-0.837521
0.460399
0.55109
0.641908
-0.0960859
1.61796
1.0953
-0.060598
-0.94602
-0.932723
-0.231487
-0.0426176
0.138487
0.771133
2.03754
2.1574
1.90799
1.37479
1.02378
1.9692
2.06611
2.41693
1.53474
1.37739
0.317201
0.752932
0.0836693
-0.295801
-0.415212
0.294594
0.86811
0.747997
-0.141561
0.413346
0.797036
0.546017
0.300269
0.488163
0.397663
0.405744
0.733331
0.0848421
0.309388
0.78498
0.828258
0.578714
0.94002
0.436197
0.579917
0.704645
1.05931
0.76045
0.171458
0.396631
0.758367
0.720652
0.0922841
1.09199
1.47372
1.14128
-0.692507
-0.475203
0.0377337
0.725622
0.613801
0.420236
0.0887389
0.583052
1.24293
1.64494
1.2626
0.558068
-0.38146
0.512187
0.767734
1.7153
0.950548
0.989313
0.525284
0.222275
0.334223
1.19658
1.35744
1.21814
-0.0524755
1.31044
0.905302
0.349431
0.321112
-0.56623
0.922782
0.556976
-0.147204
-0.639524
0.133724
1.71125
2.71101
2.03893
1.06979
0.458981
1.18304
0.565969
0.577867
0.421348
-0.255215
-0.729736
-0.251841
-0.476519
-0.208801
-0.513248
-0.158134
1.20325
1.66172
2.13879
0.758592
0.445148
-0.231634
0.597848
1.7106
1.33293
0.197149
1.19772
0.561524
0.682753
1.56302
1.75401
0.960741
-0.61215
-1.31685
-1.28295
-0.907485
1.17892
1.06222
0.965258
-0.652227
-0.610002
-0.0599689
0.492921
1.13381
0.522068
0.621851
0.993629
1.12115
1.30325
1.41826
0.615835
0.535228
0.107494
1.39494
1.07581
1.80747
0.934659
1.24816
-0.169592
0.45248
-0.33306
-0.533585
-0.803933
0.899762
1.42635
2.59653
0.15223
-0.445396
-0.498992
1.03395
0.725564
-0.164533
-0.504543
0.0127305
0.751024
1.01551
0.871076
0.134283
-0.999248
-1.13008
0.180339
0.798812
2.14913
1.36725
1.73572
0.848625
1.69066
1.71193
1.475
0.369485
1.23314
0.491326
0.598164
1.18212
1.54101
1.55341
1.49617
0.608295
0.73381
0.11255
1.68123
1.2023
0.948413
-1.09278
-1.2662
-0.974942
-0.796384
-0.264614
0.204198
0.502622
1.88448
1.15967
0.722979
0.0992413
-0.225442
0.588486
1.2331
2.17675
1.41477
0.61961
0.115826
0.18347
3.13138
2.54265
0.674491
-0.410857
-0.341083
0.560335
0.0621238
0.172618
-0.21429
-0.639375
-0.082589
-0.139088
-0.221334
-0.0982002
0.520563
1.95824
1.2887
0.798198
0.313336
0.743163
0.729578
0.521182
1.58042
1.6956
1.22575
0.555337
-0.286134
0.970123
1.49316
1.68099
1.50128
0.400613
0.27242
-0.129048
-0.146595
0.110687
0.603647
1.06954
2.11486
1.91743
2.2208
