546
0.10834545440519705
1.1346544560532743
0.08854340892275524
-0.23633779205818276
-0.8738029651833675
-0.5499306289496741
0.005782302084475543
0.3698330575336238
1.1646191984423517
0.8957484991742054
1.7505846977650152
1.8820818836765958
0.7219812985781939
-0.22870562752016457
-1.033215916519521
-0.9523651650060322
-1.376080496876065
-1.299445670494959
-1.2769575742142447
-1.4503256212767603
-0.21661164878766587
-0.8258230510433783
-0.491448165846996
-1.1055751708047552
0.5536370457382955
0.8161998931464688
0.7170276595900761
0.111302197930359
-0.7475132099852094
1.4247283021062842
0.8043342950956573
0.9889721075872023
0.10678018993649123
0.23942278124972433
-0.18474187048692445
0.7337801556794055
1.028285467244757
0.936422415538457
0.63129626502466
0.9423071124799316
0.3438377136638987
-0.0790834699026477
-0.5194353109142257
-0.4507176999747822
-0.5603182527200573
0.42990602412652806
1.0129509146650613
2.4102835649325987
0.03149340622951121
0.91169042095339
-0.008100499896541158
-0.39381089196154795
-0.48607924370882927
-0.17549372636874105
0.3971447515851847
-0.46913210372838193
-0.9582591743974922
0.40448445206679995
0.49773569593595846
0.34480450077798747
-1.0418442957594967
-0.9297152679490918
-1.0168782651298909
-0.9521904239062099
-0.2534315040444561
-0.11744278459033383
-0.5758741953678226
0.6399198093193879
0.42112578255381067
-0.03499564632844726
-0.9046899907774332
0.06207315623167304
-0.11802413076304318
0.6202368027053125
1.5022483206438726
0.23712305570300446
-0.9623365154894851
-1.5116908079653018
-1.5119817356526524
-1.2835813889297438
-1.0267321732919343
-0.40891991882540496
0.7867779393189949
0.8084743504909635
-0.3693206070051865
0.6510298225704212
-0.5551346705295758
0.11311581735406105
0.7414728489773333
-0.46369199719502385
0.41542352764755813
1.046383798849779
0.770722106377307
1.356519708644007
1.568782326201591
1.2191021956025316
0.1168666593275394
-0.1386899288112957
-0.29230548657639577
-1.1046760992840188
-1.0308444992245105
-1.0511424492733539
-0.848417810518482
-0.615121641049978
-0.3075609757169924
0.15830690442159404
-0.00130805926296633
0.029588323096536962
-0.31509967845337794
-0.4417385282340046
-0.5221398467505483
0.930696744698593
2.2399299067886234
0.27283339140744567
0.5240494652781816
-0.6423578418614576
-0.7242416084989606
-0.9205298601984754
-0.6940920731422258
-0.13358187016600864
-0.5082163732871919
0.7189894596055494
0.6247079184853327
1.3635196580584414
0.8837218306511287
-0.16799442294330266
-0.12261178431906618
-0.595775454376559
-1.2722063479422556
-0.18733310113646548
0.362092087654568
0.429868388902975
-0.3713224478108001
-0.23613183869060228
-0.17790806038946566
2.4566692219454263
1.8300418208976137
1.6344014729362955
-0.8431739518456098
-1.197914431784269
-1.3977055227842434
-1.327649295396947
-1.3008791402939999
-1.4528796262511132
-0.8835914429941772
-0.5003716155735796
-0.903275768238781
0.40890076668147485
0.6253597651091105
1.9951931563795962
0.7148598903218156
0.5353036909447813
0.3466756286705653
0.03324102071446869
-0.31118442234509097
-0.398904463963703
-1.069973625635449
0.23997662804199724
1.0870111118449934
1.6380791241483892
-0.9136038498499959
-0.8096712811091504
-1.0494631353766481
-0.8902560866897129
-0.8107002284367335
0.11549793821174593
0.21100687421322978
0.14654460395772698
-0.09439582791990284
-0.529087283708138
-1.496868311286542
-0.09909329025332946
-0.3017108944958573
-0.8126648939876399
-0.8934321141668002
-0.32357336526497216
-0.6228945407677343
-0.27117192725992095
-0.5902487550476488
0.5966870264769671
0.16696474777444997
-0.11899758226901645
-0.29060854688470666
0.5808884072973055
0.0698812086497029
0.23505364325302092
-0.34259669263166215
-0.652066564739626
-0.6451403409068364
-0.5360143665892623
-0.5184675479320561
-0.011004576741444706
1.9349594018057146
1.2532756505950937
0.9950102760812104
0.028829385392624578
-0.05654497596161545
0.36254640149825734
0.4516928061653467
1.015471548796935
0.26956040470482406
-0.12328090450325295
-0.6056484705454602
-0.7387987786913964
-0.577091003145578
0.4032154338912875
0.3060869796166163
-0.42350334939197803
-1.3272940262621018
-1.4922695423601917
-1.4021615246981756
-1.1537477473638973
-1.4184364969129064
-0.6954776016282147
0.9710060424355311
1.8942692091456534
0.8449896012259762
-0.11476014120527087
0.3019803294186936
1.1222051484959203
2.3111124019175504
1.9493873896639
1.0626901762933574
-0.3970061103078757
-0.7270441569264758
-0.26277408399421176
0.2507717486221563
-0.3346064855839604
0.6364206216052769
1.4246193207953795
2.0962738471650413
0.5635310857581629
0.9317591745875256
-0.08267953785027976
-0.41860434793558904
-0.5421957029693194
-0.6810914740166699
-0.48320380486831677
0.9367827184708306
0.3361522437212394
0.7466002215248065
-0.6851932148113908
-0.20125623341839888
0.2133789556803925
-0.26342475094168394
-1.3694529776944562
-1.179487233810843
-0.6580771037813745
-0.5798277635379062
1.0722375454450321
0.8220992714991614
-0.05147011357748452
-0.7686453159491918
-1.0048281227063387
-1.2193125353009104
-1.055983008975851
-0.7555264591218505
-0.6677949582015069
-0.8614188059805605
-0.3054046978185713
1.1998578365743306
2.022147863701792
2.0023324119813752
-0.2825708560793884
-0.975631461005429
-1.1087654630292192
-1.0994810455130133
-0.6662586832173398
-0.9894849143433063
-0.8394149146057153
-0.8465310819899793
-0.6719001079662011
-0.7351617179076997
1.0011437888933667
1.3431195469185602
1.2819014272613705
0.7405107939811166
1.0638453915688708
3.0218832084429073
-0.26614154261649403
1.6764440767442597
0.9516391786930464
0.17486933388185166
-0.8474393729574425
0.22997774263656437
0.6837499895610871
0.7413855431715017
-0.9897031421800392
-0.4109743086054989
1.7537329398908392
1.78965502588264
1.31187527716903
0.3485218958302428
1.6937083398667554
1.2903604718659434
0.7427728652079684
-1.2894562131949547
-1.218162172572541
-1.024756166850293
-0.8045750642589332
-0.9932861629426953
-1.3033428928636872
-1.4366451183306994
-1.4630719954012836
-0.7729184030179926
-0.8150298314457213
-0.28489109813574715
2.8497824188426737
2.3432300060337226
1.8186724639838328
0.021944121496032077
-0.4308822860442474
-0.906080465897557
-0.9615713364448066
-0.9455773190746871
-1.1237190181183798
-1.3949439044680487
-1.3731658219606608
-1.1152871894212202
0.6124231010711239
1.3280915545434733
1.1717443472283788
1.0941022106587035
1.2819425616163467
1.2022113299860069
-0.1660257686229812
-0.861611405542179
-1.3923279180804415
-1.5363345829204125
-1.4339272798332972
-1.3518713848655453
-1.5267350843567384
-1.3239826147438252
-1.3116314511242062
-1.2625613287126685
-1.3571112984940337
-1.1294205986164525
-0.22304300945130434
0.16612139711432106
0.8743459016640834
1.247175735727885
0.7709753042406746
0.8335901988865486
0.5623183684038374
-0.13590113944046317
-0.8194969976080704
-1.1045631918569543
-0.4830127375216683
1.7002029556575122
3.3174765225358787
4.617435212415434
1.6047211406525599
0.24314733379569894
-1.0396364019696522
-1.149106214935785
-1.090952709995276
0.22972936309190486
1.0858820620817222
0.7495224196153614
-1.0061682499827533
-1.0086465006993266
-0.18969319158047931
0.3907054407774564
0.3372831644129593
0.35006735071565664
-0.30488505869398397
-0.2835728844059363
-0.7891034575979908
-0.24692558813156248
0.5650833065627433
0.14690088658063552
0.08857975104728445
-1.0307348168430963
-0.42144519409818887
-0.649238997353474
-0.4762994145984231
-0.6441856567979491
-1.2869015109623019
-0.25664993978866846
-0.46872019072118504
-0.9942920189341862
-1.262366528705686
-1.3520625284742145
-0.397045356984499
0.8425723491510578
1.4832151659103257
3.9318972003445825
2.8596894366465904
0.019491884041511042
-0.3197332474586197
-1.2062661148673854
-1.182284167920213
-1.153349070745202
-1.3365517448800932
-1.4666113961262681
-1.4525092272454672
-1.271501498471621
-0.96370387282037
0.3929908285031925
0.3535235152667763
1.365674767779601
0.27304114765775256
0.6463427866414417
0.3656998328795365
1.0963974303513793
2.0939945795896855
3.50872829367214
1.0858487975422102
0.24599188411299766
0.15953512477672163
0.11154487786801193
-0.7947430045211982
-0.47676756471116954
-1.0806855913684665
-1.032738607182286
0.5506746175153233
0.5345062917295779
1.0800307145849488
1.0006300320443142
1.9106959106451313
1.3824314260862156
0.053928181247985686
-1.4781048358772773
-1.4622819015609987
-1.4240112472778097
-1.1907583455399762
0.9432100865301193
0.08856146033273113
-0.6346511575752829
-0.4998466939436425
-0.5942178808509302
0.08894712948310601
0.6961718574812913
0.37390903199399234
0.7991517009255612
0.2832488219473072
1.0850498054580138
0.9489201546541443
0.3048894547106798
-0.33804712837411927
-1.0601131869987543
-1.017086488183521
-0.19123689430082605
-0.10946610407945524
-0.3565649214884972
-1.2111423166055675
-1.1505489813660073
-0.36823891983890294
-0.49341198390361757
0.2545393169706049
-0.39626802221341834
-0.8417268338080401
1.1199396300068756
2.959673631560514
1.9698255453660676
-0.5371979412561639
-0.5968439811712809
-0.5770509765262207
0.013254751667276776
0.5174943327623504
0.8990471003501316
0.4447669512837009
-0.40027740065540224
-0.19147170069887387
0.006152717892816301
0.7147187831504762
0.9447060639446977
0.15250259575749026
-0.6826906143612637
-0.7161948841191013
-0.38380983325893014
-0.7226325681239749
-0.8400594856430563
-0.8912671251664154
0.7896700460655943
1.028984278089379
0.9633573072482913
-0.039807274758105145
0.12654346364987745
0.051835272965515725
0.0798496743548914
1.477693634590428
0.45117454279715896
1.6344875784186494
1.0520970519628314
0.7894597498272077
-0.22284456099873254
-0.48442453020544773
0.1998747895810981
-0.6848532277109228
-0.4633450601159459
-0.5501544463326109
-0.8117201660736038
-0.6587659593178314
-0.6670013448750638
0.004682262745148456
-0.6824032951336492
-0.9509302847517761
-0.8468964141044524
0.38752977787983406
0.2254027457184536
1.1167538976974312
-0.32476228986501254
-0.8310782147208278
-1.3721973303961095
0.08014778491710027
1.0538300494750192
0.6115926963019296
0.08879486975756717
0.5199727199143935
1.297987558340569
1.3685520832160532
-0.17857278739524513
-1.0110262483078354
-0.8829806763980345
-0.8957822018168649
0.13684228112125946
0.18129009465338422
0.23090993922568273
-0.16792431130107574
-0.7025804998918
-0.8314664568699719
-0.6450477730448623
-0.5121130666012936
-0.4006847858528179
-0.33623026017620916
-0.14886939362961876
-0.46687869029574014
1.5643361231391433
1.9284054815459089
2.2804356603690215
-0.880779040805775
-0.8490795444286298
-1.1527624350102799
0.057304172858470774
0.47331281063995573
0.270313741412613
-0.5585946817975144
-0.29539321941245655
-0.7286603491514883
-1.001504281350945
-1.3862646185974792
-1.4003117178395523
0.9101539574610016
0.8915046147622153
1.894522026480954
