182
-0.9094354568602115
0.08194368853537742
1.465570221047692
-0.9174143583668214
-1.065868080080691
-0.7848824811204236
0.5725730378050464
1.507641658388547
-0.8682735337099149
-0.7799841143727198
0.13189874792319597
0.8508857350549955
1.3258553079183504
0.07822427021180717
0.40770229119419565
-0.6435381902667282
-0.7761243418226675
0.9368663696742842
0.8280203530148117
-0.9541712516146762
0.309488456311911
-0.41240884618800944
-0.6094914202007353
-0.8728448062539363
0.9973218802160074
-0.9226802787655801
-0.42148912160913254
-0.385110662679671
-0.524216226388034
1.0723346499928437
0.497640875417076
0.6998603948358789
-0.822648457226339
-0.8866944396613714
0.548173830329262
-0.7750535543144386
0.40208190991328735
-0.4762354871452207
0.03420921042980316
0.10279633572618016
-0.813480246930918
-0.09611327201153753
1.5415023351719992
-1.0675268133027278
-0.4579121902972062
-0.14286830687631621
0.5598588509597057
1.1895587527654208
1.8890923738665644
5.80006082099956
2.0962921312884353
-1.1676290829156746
-1.0840772570730761
-0.09687962173735395
-0.10360143639634818
0.8050328027180406
-0.846495003335365
-0.6971306088205304
0.3116402145895118
-0.8367639572727461
-0.22571640734625165
0.19088513487633263
0.6619307297874052
0.4195041981805405
-0.9658276334808285
0.3377046584417988
-0.7409841994216613
-1.055875466718137
0.2755008733649891
-0.11307589169265994
-0.13256403722258295
0.6207682112541303
-0.4611447736678352
0.29865299966318737
-0.8128688117070342
-0.7083412440511078
0.9954705879213465
0.7024511316256696
-0.7137964687511165
-0.9713940431699198
0.5171276451352621
-1.0832807072747528
-1.0015929169214675
-0.3482809021030718
2.396984087455235
-1.1531024220483614
-0.9420007443189792
-0.7848497754357983
1.0552676694180019
0.34609804598959343
-0.010249105322254424
-0.035133341112252005
-0.6841887721884323
-0.44401324237985423
1.158686712489164
-0.4383928998192614
0.20297997191315273
0.15467275830231475
-1.0161722712943404
0.5876078061289474
-0.8408104471944727
2.0423208751692514
-0.8783931092934234
-0.44681693431973657
0.7142122644011535
0.28147536115678395
-0.3254948281223091
3.7948609514164056
-0.9082743412437768
-1.1693493803614696
-0.8968085105751082
0.37518317536862184
2.3555154537191987
1.594659840450992
-0.18565182665102048
-0.6929286133979723
-0.846267805810752
-0.21281590811434786
0.5550221502648165
0.7647417651240754
-0.21222656660220618
-0.43120859564039954
-1.0875970365289838
0.8597461283969838
-0.5801481925093096
0.8104795213186503
-0.5110996218854978
-0.4533569113072489
-0.8592150424453603
0.2427311364370938
-0.9697629733500007
-0.29591162978579016
-0.8407114797205552
-0.03687984471109098
-0.2256413611237435
-0.3160958164094618
0.7601088315655952
-0.18963524881170019
0.21915460481468782
-0.9117556541346196
0.986594348140988
-0.12276213709036674
-1.0012279873911325
-1.0399266232894655
-0.5773637815293827
-0.00857520313501286
0.8669681984520085
-0.7525881392793483
0.4685264083931101
-0.9570583745732385
0.2556728084146072
-0.02244934854785236
-0.19638516381636448
0.9090170346702815
-0.7635930535793795
-0.28402412209927014
-0.5781735235609031
0.5845038955098648
-0.8139968702487156
0.8261604545671153
1.3755831546382373
-0.568164660605031
-0.6340421865163038
-0.49870280474356155
-0.5512240559950389
4.356136612459499
-0.5697847300379897
-0.5414184451801142
0.5110493031509714
0.4771046719682155
-0.9432957272207131
-1.032193638757809
-0.5964352070381665
1.2855449762528919
0.47527455845276256
0.056022066030419905
-0.3104089417387217
-0.5216587924927285
0.1725198185765355
0.4561967881715188
-0.8979739961082892
-0.22933370801004563
