546
2.31173
2.22891
0.65635
-0.06945
-1.2811
-1.14916
-0.779893
-0.634569
0.153745
0.46607
1.24552
1.19452
1.82682
1.63449
1.67786
1.79905
1.87009
0.988853
0.949419
0.569881
0.515999
0.577916
0.0866014
1.1266
1.01161
0.526842
-0.694819
0.248682
-0.127727
-0.0797653
-0.156049
0.155875
-0.150939
1.16824
1.06428
0.394023
-0.099273
1.12441
1.53727
1.94488
1.31853
0.192298
0.579723
1.71362
1.66114
0.197949
-1.06048
-1.10398
-0.88882
-1.04107
-1.50861
-1.84454
-1.651
-0.3363
0.627352
1.17082
1.48181
2.40303
2.59854
2.2394
1.58393
1.66578
1.57466
0.572914
0.565062
-0.0419911
-0.0655181
0.0788665
0.498028
1.41016
1.26174
1.15045
0.466837
1.46074
1.92268
1.58174
0.214935
0.595374
0.259502
0.433177
0.130439
0.242352
1.57694
1.10967
0.483824
-0.774141
-0.459591
-0.204863
0.586526
0.731613
0.0053907
-1.22466
-1.37398
-0.962143
-0.56796
0.825296
1.20309
1.38383
0.24327
-0.0217854
-0.492275
-0.890501
-0.0611375
0.357677
1.00373
0.545047
1.00519
1.1
0.797499
1.41778
1.41614
1.34361
0.170312
-0.0397601
-0.198157
0.188969
-0.490653
-0.671529
0.0622101
0.556563
0.778003
1.29379
1.96823
1.23601
2.29335
2.40559
1.39711
0.314455
-0.270718
-0.533278
-0.311324
0.153792
0.730152
0.424791
0.549841
1.39425
1.47843
0.794285
0.470004
1.23589
1.79395
1.41123
-0.157825
0.429057
0.821097
0.449116
0.119481
-0.0471145
1.45207
2.37291
2.33409
1.43147
0.521028
-0.199991
-0.376332
-1.24503
-0.769918
-0.895128
-0.881444
-1.72406
-1.4466
0.315292
1.68077
1.38746
0.873135
-0.0995212
-0.517055
-0.815637
-0.355916
-0.394488
-0.178791
-0.372071
-0.0868127
-0.236106
0.247157
0.68419
1.98915
2.36493
2.18259
1.01591
1.50707
2.12121
1.61965
1.23988
0.160171
-0.292054
-0.4731
0.589115
2.25008
1.93287
0.311112
-1.20995
-1.75036
-0.597138
0.244378
0.739254
0.00013211
0.0939517
-0.154648
-0.54473
-0.619231
-0.841361
-0.374056
0.17891
0.988017
0.872844
1.01218
1.05143
0.57104
-0.569733
-0.36159
-0.309044
-0.562902
-0.774103
0.0859719
0.407374
0.87249
0.91762
1.45533
1.43113
0.628177
0.720332
0.591219
0.205692
0.998363
0.96057
1.55774
1.03758
1.14489
0.971035
0.437592
-0.346036
-0.527115
-0.647004
-0.896554
-0.807388
-0.821745
0.221177
1.50282
1.00388
0.305447
0.218568
0.708692
1.0074
1.81014
1.60102
0.927739
0.250213
-0.0279109
0.278306
0.618572
0.708381
1.50736
1.82116
1.2155
0.280971
-0.688493
-0.6576
-1.20976
-1.16791
-1.39257
-0.751814
0.462844
0.844293
0.510419
0.793193
1.09975
1.47537
2.32738
2.00898
0.464965
0.523042
0.705788
0.309362
0.0357546
0.157189
0.180376
-0.377493
-0.188532
-0.0092748
-0.14704
0.473994
0.785246
1.18405
0.373481
0.490068
0.627843
0.658651
0.780818
1.40477
1.77955
1.57329
-0.016434
-0.327333
-0.238582
-0.274142
-0.260565
0.918861
1.50824
1.08672
-0.291247
0.988953
1.75
1.81159
1.1914
0.396988
0.643352
0.800427
0.992937
1.30816
1.31656
0.76032
1.19745
1.87619
1.45442
0.645494
0.560609
0.511159
0.0470488
0.145229
-0.0012393
0.0150397
0.411187
0.609874
0.323536
-0.462803
-0.597178
-0.561763
-0.0386065
0.10051
0.865917
1.36713
2.23852
1.77574
0.989216
0.358592
0.177416
-0.436638
0.073486
-0.541704
-0.430734
-0.20975
1.07683
1.45799
1.37508
1.34965
1.42017
1.47572
0.224664
0.453085
0.158016
-0.129396
0.703083
0.666897
0.174797
-0.531491
0.104225
0.980131
1.17851
0.779817
-0.362546
0.178533
0.762073
0.735742
0.718682
0.690042
0.382605
0.243097
0.747428
1.60524
0.789818
0.307604
-0.285048
0.553411
0.514896
1.75307
2.05129
1.66865
0.676658
0.259321
0.818589
0.396046
-0.00305043
-0.308484
0.156934
0.805656
1.13452
0.949589
1.06494
1.44785
1.1865
0.672118
-0.172592
0.261564
0.402954
0.381471
-0.0659966
0.0469213
0.257801
0.797904
0.495296
0.691795
0.612545
1.09904
1.51933
1.02117
1.65595
1.9037
1.23658
0.525981
0.53445
0.364354
0.460309
0.899008
1.19756
0.0663309
-0.0526687
0.162447
1.0591
1.51146
0.854847
0.611282
-0.243519
0.177854
0.294995
0.93076
0.710346
1.05347
1.42372
1.04507
2.02942
2.19106
1.85162
0.615413
-0.35613
0.676691
1.26112
0.905424
1.08726
2.39966
2.00252
-0.293461
-1.30457
-1.08453
-1.02946
-1.30637
-0.967314
-0.522256
0.357415
1.12099
1.71397
1.52539
1.47928
1.13713
0.755545
-0.196495
-0.380414
-0.724901
-0.737262
-0.0936044
1.34763
1.74271
0.49703
-0.454645
0.0783674
1.03972
1.36044
1.51966
-0.201331
-0.571143
-0.981003
-0.857722
-0.966938
-0.94256
-0.384314
0.438987
1.14198
0.528115
0.735838
0.340472
0.16004
1.48676
1.06861
1.3454
1.49838
1.94189
0.891152
1.10842
1.00994
0.567703
-0.224835
0.28892
0.282679
0.229374
0.179781
1.14697
0.746694
0.510116
0.133901
0.353179
1.3306
1.8371
2.10846
1.38044
0.0123954
-1.63523
-1.9558
-1.75929
-1.77398
-1.58208
-1.02998
0.366568
0.568566
0.193665
-0.631478
-0.454789
0.194435
0.965292
1.27295
-0.0318963
0.271645
0.800022
1.50642
1.11903
1.32535
1.02842
0.721772
0.717343
0.323302
0.224632
0.766271
0.743255
2.07165
1.66999
0.646316
0.146854
-0.149592
0.727413
0.61128
0.673715
0.611694
0.272779
-0.283153
-0.415256
-0.401572
-0.196074
