182
-0.21850685930996028
-0.3531170654791721
-0.2542729742010336
0.339478587111352
1.3386692692778517
-0.895412111436824
-0.17525235535117262
-0.8744251896792156
0.39377375944922316
-0.2572387986582625
0.5885511915566758
1.361636577605957
0.3620393747734375
-0.6562260656249351
-0.5874630727638168
-0.4811799604665048
-0.9946684538422879
-0.08365250737671374
-0.1922780599465619
-1.1217237011670658
-0.4454381795181897
-0.19374611811792766
0.04749162276054632
1.1296801054606194
-0.5187512361075427
0.06337522702795444
-0.9030611176650976
1.2516684660094712
0.09220721575656769
2.239264082937429
-0.777372681954669
-0.9765528707001713
-0.8409947659782655
3.064547499618038
-0.2013301630241495
-0.7195267338071587
-0.8060295603265993
-0.4465769359099641
-0.3157869212975343
-0.8125622654908904
0.4585491804926441
0.5249212637280115
0.4465061947654224
-0.4462856494691972
-1.014180616717698
-0.7120557517744742
1.5368641362396749
-0.30594530810865794
-0.03605121428466897
-0.4751896925370674
3.527678492365152
0.2366319891440222
-0.8171817203138562
-0.93085752986234
4.287262993236273
-0.9853410509091801
-0.9541020835385511
0.009302259133008712
-0.6879171881974011
-0.04332457219853279
-0.281358728608102
-0.7906345929217978
-0.8487479690470889
3.1248189841114145
-0.5465919618216437
-0.8712837800491133
-0.41790444710571595
-0.5192202038479137
0.08257983723664095
-0.5437694510513585
-0.8414073092871481
-0.7011511657750584
-0.16068815981145354
1.4366303218494327
1.3958568645279479
3.824106568936157
0.012817776898684467
-0.9295259853963377
-0.7625527885903918
-0.7858849757473679
0.08431108419558096
0.3080024605647195
0.23732365758936674
0.2479498599972151
0.35767956135952694
-0.08508391305917525
0.03345264915450655
-0.1930587092885646
0.0476751734823051
0.3464928696784795
-0.14616929842299647
0.19917022434682205
-0.8411574128060408
0.4259802017752921
0.7994152086995784
1.7090828637558602
1.5013648225765734
-1.0349865360929809
-1.0092215586892224
-0.49877151439615075
-0.9146257340059728
0.8887546315239682
-0.43373451348600806
0.2710444044891596
0.563556755288968
-0.6615391668809839
-0.17799169637401321
-0.07086098539395938
-0.22381365206334689
-0.7539433662929672
1.1151638483055313
-0.7112507255543297
-0.9560593690142497
-0.6484163537665771
2.6078352542407894
-0.8549899111787979
-0.5721652950017365
1.6487630383763654
-0.9589089080275663
-0.904254909879556
-0.8843706505189352
0.5473506732422926
-0.9645644724739492
1.0604585871889458
0.05747018096894462
-0.7610198374036564
0.7077005049132686
-0.9589091707855684
0.39965109019699263
0.0012199152243666195
-0.6417422050436457
-0.7149741150455087
-0.9240378957560907
0.47750822561792894
0.0484176343942984
0.6884650587548548
1.0760847786839034
4.091756387797737
0.348001485299773
-0.4926185361262436
-0.946780661218915
-0.88660424739084
0.22949307335313385
0.4306305626991068
0.5860699209432365
-0.8471188115139467
-0.38577076730203225
-0.1430638073403763
-0.6625043737292178
0.3542288860212857
0.3387324988461569
1.1960469867007961
-0.8702384964902773
-0.5872596654127601
-0.6219818063754953
1.3527527890793072
0.5758859021068207
-0.6761306911684553
0.29152413024218987
0.06499644417460522
-0.874849785851926
-0.9048380069324304
-0.6105501861508756
-0.8398667168168427
-0.5112477212926186
1.7018584070109086
-0.6672470317794019
0.4837705225769822
0.44415992924184683
0.7422263493115488
-0.9089417468033082
-0.7697419732674778
-0.7999239094852011
0.16370918184992725
0.12315912754358531
0.0712436517668361
0.5692998732970364
-0.2398664374904649
0.18902366263337506
-0.48351909778565977
-0.6814639305900426
-0.5577739259011901
