546
0.9574186775930538
0.4204668588685844
0.1818006867259786
0.7347335109483294
0.7319221670727528
1.515138846073383
0.3079363239408873
0.4295911644681743
0.18468811091724274
2.793621716973943
4.136072865522594
4.588982237208211
3.295201347095066
0.9280878165998949
0.7397604561071076
0.45020890109527856
0.3005946447132475
-0.1590758489855464
-0.05069552001096445
0.008194384473367568
-0.19244395941810621
0.2607973838326133
0.17832700219903538
0.5280040551642604
0.25493568086892915
0.4362539683791571
0.14814290958824908
0.465869787755361
0.12759453692997832
0.43211086370132423
0.3041911038216158
-0.1398524804514006
-0.244165023585483
0.24987994457573387
1.0715727157428168
1.5417773959549892
1.4668840353405455
1.3218658658776776
1.7365001386660779
1.0870538372495429
1.136527511774915
0.49325988752163724
0.6314726401746946
0.16048488276017858
-0.14393346260631165
-0.35872820319968085
-0.04952417360237395
0.6922697705895318
0.5872995005434473
0.22361099997759723
-0.16572232049794608
-0.21556331313223542
0.38751258520422943
0.28718330839970785
0.37592636901783416
0.6889703944297788
0.5623567069984927
1.6038872273256235
0.6852528066783337
0.4718226579647614
-0.5905130447104968
0.033571039073804175
-0.06254281828946233
0.8587974306884856
0.4196567503294389
1.0249750406283875
0.4062540182131111
2.495876655043149
3.2936489927143984
3.4327092230236063
2.212696063664454
0.5247318711024146
-0.08155763836320974
-0.06516347570886591
-0.3596958616636713
-0.46680990314766796
0.23345150318004088
0.6070306417934219
0.36024081567753197
-0.34599903698892565
0.11614891394604498
-0.39079159946217923
-0.17572675415492733
-0.3190182642673175
-0.13064071416968784
0.01748787090915254
-0.42839252287075336
-0.5532474141211033
1.224986057511692
1.501537305247165
1.0400872385435056
-0.6317857715242398
-0.4915942569541173
-0.6719333707618652
-0.989071300520127
1.3224142354751804
1.7565133513262754
1.415640576064487
-0.6463595222317097
-0.9214208099698571
-1.1153333989732555
-1.2031446281212388
-0.708728103274918
-0.4589119396186101
-0.6762225125714482
1.0330895873511539
0.5641905506852063
0.529021492047497
-0.6423025493055746
-0.9006243917419875
-0.9244774147378656
-0.7842401225795036
-0.250737904247456
-0.5476713304704858
-0.5081477155344377
-0.7265230696938538
0.10736395233087273
-0.33759531138014626
-0.10308328633160944
-0.31147436323833305
-0.5948537255417922
-0.7879080356961805
-1.1785707607545521
-1.016176587171034
-0.21116389936110147
1.4044353623549335
1.872412738470662
0.7632022778039188
-0.6993938767465936
-0.9034393376856689
-0.6916711542340268
-0.6410699477007422
-0.7696269798419794
-0.8186018358755279
-0.10348734243126624
2.792967320996165
2.3648293352264753
2.0520051700037722
-0.8637628365737263
-0.8722531621973936
-1.139163360929254
-1.270485487991405
-0.9689958705915139
-1.0219951846000905
-0.8557494135699772
-1.0913160848680818
-1.0747469029062489
-1.0142171934904798
-0.8376826795414568
0.0508575907467051
-0.638165919248832
-0.47642104341355673
-1.0924595665707737
-0.9755163428915489
0.1394367412684154
-0.08878187525409714
-0.6697010491235184
-1.1908617931118974
-0.8321921581816993
-0.7328240496324173
0.016473808472080468
-0.06951914767019986
0.06015422530400651
-0.27247479614243636
0.7127735267139916
0.7135635392237291
1.256577493640682
-0.5592403413493143
0.3750420448881905
0.07120367180338481
0.23053769540966237
-0.02636751005120907
-0.04526113776725229
0.12716918207428862
-1.0103458701284034
-0.5579059349174005
-0.39811255964887704
-0.5290190370704674
-0.10759612727537804
-0.7864745701105528
-0.7464324721789852
-0.9472180121837016
-1.113093258799303
-0.6103407602969495
-0.3677378413064149
-0.872559006133336
-0.7136194967881923
-0.5370863191597415
0.001421410745199858
0.010219693944508924
-0.27779849225468406
-0.7044301833747477
0.86546742259016
1.2995812403103162
3.7594828482149776
2.409085431260622
0.8827596870662215
0.1987743309738293
-0.8517551948550007
-0.9108410982535532
-1.2317941959558498
-1.1206237403637433
-1.0497088383574653
-0.8754013877866756
-0.6311281989120928
-0.5858748083466345
-0.34385273844062514
0.26437703223987863
-0.27401111958473867
-0.4434120983704994
-1.158224904624681
-0.6735485064149387
-0.24049731315419828
0.2455843014347369
0.1272040183472958
0.30485062802242424
-0.8139036421472164
-0.7177147615368542
-0.8175386908635383
-0.5779240731935528
-0.5853325755063646
-0.4508286190990884
-0.562125210861415
-0.6443469532371321
-1.093842203212402
-1.2610628739677758
-1.029562417824538
-0.9076850242890174
0.8562507543788863
1.4564967710397556
0.7688224965417562
-0.2778993734362235
-0.5772211402962499
-0.5117971321685608
-0.5903742812459177
-0.4685883470305249
-0.5402844100283001
-0.6382356881478694
-0.12498161255619056
-0.49142110866772104
-0.320580258919156
-0.18778182821929676
0.15254918054994332
-0.6914630183297137
-0.7628786621215947
-1.0550217798438004
-1.1202904454067295
-1.192855336263394
-0.8913138335882541
-0.7571707338847316
-0.6695318554785767
-0.8186575647703955
-1.0441880450182848
-0.8622340792975852
-1.0215523882339677
-0.8866794186847735
-1.0807609338739088
-0.7040716294503985
-0.18835719089725092
0.9315505053633542
2.640050349478901
2.004686509335936
1.0471864237095463
-0.7576367820193942
-1.0008133612168062
-1.071793002484687
-0.8095704212925603
-0.7879071323694324
-1.0241192021893255
-1.1375425983117653
-1.1913805690356767
-1.0953004189236
-1.1592020118419324
-0.5638660002871927
-0.3230424334626508
-0.5480918361343246
-0.7846469583681782
-0.9587627221584483
-0.0010370229762149301
0.22437354843177662
-0.49828186975629213
-0.7666065146721064
-0.9084724810077845
-0.7921238151380436
-1.027447927031841
-0.7008821141611902
-0.8368956556229099
-0.3966073016220422
-0.7110687577149059
0.8545429188993795
0.5604783332881261
0.2043747606201644
-1.0595639978163502
-1.250815498603935
-1.275572620511071
-1.4724166580274234
-1.1959218759639716
-1.4210401781950377
-1.2571765298666873
-1.3108382167856663
-1.1625165352371027
-0.9436648015904278
-0.46778091964944374
0.3734916367212944
-0.043705608162791725
-0.9629353131940652
-1.3451330140031805
-1.3917209851795123
-1.1546851152791922
-0.7006452209036118
-0.7163121334571215
-0.6737556431775998
-0.9263513645719391
0.29828678935064157
0.49301755663876445
-0.11496265766214911
-0.8843643812405287
-0.770342550454303
-0.09827387415911135
-0.11301619388477065
1.304843830464657
1.135729643460138
1.7750150627158667
0.23826853290838063
-0.7515342025403801
-1.0599575515899546
-0.7795444602569913
-0.8035265078867941
-0.3446967625777203
-0.6732878305688668
-0.9247554886862379
0.718544343624089
0.36077957202782923
0.1246359212586753
-1.1033159044576535
-0.9631304640938446
-0.7320301398559067
-0.8399478985869449
-0.9810553991839401
-1.039783625278137
-1.0948000026566365
-0.9654050631036067
0.14747940807435816
1.2896316243975463
0.444500118078483
-0.7207508451299932
-0.8470411838607325
-1.0471914229093637
-1.1337841569635416
-1.1596980884549621
-1.1793219296908293
-0.8629478495858123
-0.526468110343213
-0.8132533013690079
-0.5333510643633917
-0.6837350195981379
0.5635582773044734
0.47933468111955
0.13316207385386628
0.5320759267736603
0.38363324967065815
1.3140724473511338
0.5572042063909408
0.012332022671748396
0.23197550242202658
-0.4700303852436179
-0.6551349670990221
-0.8808278788220862
-1.1113574221646525
-0.3612699852581548
-0.21109550896778834
-0.16295453292675302
-0.6375432617024166
-0.39807834145115595
-0.03861778985187165
-0.02739716045230618
-1.0322469503762353
-0.8425587628531371
-0.6093322079484507
-0.644335080363229
-0.3567284225238048
-0.6204211200617701
-0.6578507622547319
-0.9031404377354489
0.705326663072762
3.111036547032806
3.759315027837531
3.453494290536317
0.4161822559432147
-0.9425926889666284
-1.108565535096278
-1.0135585028284508
-0.9038711978449938
-0.8749522773467588
-0.06839263792332335
0.29557975372951184
-0.5177415073498506
-0.9852823115454904
-1.0296161633959249
-0.2901141566175283
-0.6662018313475894
-0.6043934138369866
-0.6523079457059794
-0.3375214781009841
-0.765645416448823
0.311421938893388
0.4183592635927508
0.048310951932033455
-0.5487954211721187
0.14763241795440973
-0.027321756296662215
-0.17525198372225576
-0.014423433213143537
-0.7772113136525124
-0.5394052985543344
-0.9818069903639344
-0.5968669197282114
-0.8041124975291472
-0.887526885217779
0.8255997290901587
1.073749958292743
0.7324874996223522
-0.6658584733545221
-0.7342840577768697
-0.2792889963220687
-0.6132446481756147
-0.9670798455693923
-1.1076089244186744
-0.5818711658301559
-0.14926518776841624
0.2120708895703718
0.08607168477132586
-0.24403215725072844
-0.8140103688854586
-1.106835725554069
-0.8882825265418695
-0.7368491315270495
-0.6170691703352826
-0.9734996214338199
-0.4001990672152242
-0.7240497877804671
-0.7533869315019104
-0.45705325729631846
-0.04685658859175472
0.11085124809199197
-0.86526364768596
-0.9716909336071411
-0.820873549380552
0.8215958564080609
2.5515829039115903
2.412357524746218
1.2878980793512327
0.8313415252831753
0.968729484236784
0.7035953455290654
-0.5518394169922669
-0.5890378536578035
-0.17898692315531947
-0.1806588395129923
1.2552843408562415
1.7909890122709877
1.4723396868884513
-0.5926650821324837
0.0018231644462827156
-0.027806815915601232
0.28388794887633073
0.46416298557887037
0.15729522710947044
-0.25953650309580234
-0.10058814103749161
-0.2640852618527621
-0.012782363549568623
0.144569884224942
0.4366629015117375
0.25939848021022244
0.8092353864049758
0.6341886448269289
0.5403412629913897
0.5838220992777972
0.790065129014764
0.7857914758023377
1.6542491849833916
1.1180566514664245
2.8964988103262512
1.815554596336009
2.347043879972629
1.2345650296170327
1.4342851081595722
0.7691910230628594
0.15427123930362385
-0.032276405680828145
0.24631296177790613
0.29686192093885405
1.0124115795472035
0.6609773056274133
0.8040490639752619
0.24285575774445495
0.19470719991051436
0.2816565221081619
0.7588804530993483
0.9857739303782416
1.3422141469351705
0.9490841544417163
0.703853722286372
0.5505588118598771
1.7558659771914662
1.4917442529799734
1.5951798048534256
1.2546698010787976
1.0769395602311456
1.1302613189079096
0.6948879775873553
1.9750815807670024
2.3837245233117095
3.0688209203978625
2.7129553032904776
2.221674961715566
0.701466383501407
0.3771856309073152
0.39067953148873835
0.3095419248304713
0.332406142411871
0.27664910149113003
1.211444892408778
1.0737652311312536
0.8991091083397763
0.7885803265692692
0.817397037147924
0.4801110717208275
1.4426083817236672
0.3457432520526858
0.9259768974024432
0.6310473033172483
0.4798176763788495
0.33136033549451666
-0.6557851328773335
-0.4705672811137902
-0.3528327856915455
-0.3935361839275396
-0.402786485989579
-0.5903286554619666
-1.1248890007880155
-0.9394724809865822
-0.40076503302309235
0.0728467356342943
0.2313844813340794
