546
0.322051946387385
0.19927521711749663
0.24293778481752915
0.09248334208153614
0.3374837005168121
1.0792480452244364
0.7947983197598937
0.8038267055649891
0.11289018864165733
0.27283987102301777
1.0010310638517261
0.9265536058728566
0.6409627753771081
-0.36491607800622045
0.3521611808483609
0.06464658010814402
0.21069241414645598
-0.15564165231113125
-0.6767679093585663
-1.282461332798136
-1.362913154471496
-0.8240511872105097
-0.8009691133089553
-0.8280407768073194
-0.5337020597497188
0.3791217824244602
1.8723970571797557
1.834113256617495
1.6431738034305536
-0.8544914189644344
-1.073754744564233
-1.0672137618039232
-0.9119956391930814
-0.5021929523070148
-0.833234838540872
-0.8776578152252438
-0.9060330584270384
-0.596697149780089
0.1847921794110517
0.7350148721192417
0.9691922889965067
0.8473435701291867
0.41136821482732183
0.7341668302401354
0.6059545556594681
1.2642952417708182
1.0244632684251223
0.8720069603174948
-0.42527216231618137
0.002796868834885458
0.1921625764582835
-0.1365507702194743
-0.37097074526170193
-0.8681142888484772
-1.0009173894845382
-1.2915145159592576
-0.7810891537702723
-0.48952804130753663
-0.9057238416171094
-1.0638454652180174
-1.006394847670508
-0.9760679313094711
-0.6740056550890948
-0.67960437220601
-0.7588691951091268
-0.7989971891014763
-0.4705458925973399
-0.4371384799769196
-0.7212456302952788
-1.0205515986530398
-1.1136972940328456
-0.9761347567141415
-0.5911180817763024
-0.2185046387026741
-0.11646567556131722
-0.19007128868816806
-0.8214436503647712
-0.8624002240206239
-1.0566929868156743
-0.8942837643395161
-0.7163674643055226
-0.7094714501024606
-0.5549384737601843
-0.6214441871776273
-0.3576366665799253
3.5825300045733703
3.347880815086693
4.45973961170541
0.47192294123673767
-0.14285870522097235
2.1006704881021983
1.9790787594520811
3.4604103662312444
0.9496895552167816
0.3970083491223241
0.9030806150158858
1.2916133455016126
1.0854100682015524
1.3156318926650368
0.20919605736489577
-0.059437256145006126
0.814405669746179
1.4716735494872528
2.4074491096994657
0.9547832228067343
-0.3388930295401992
1.081265643642291
2.3068238238017544
2.283769250087044
-0.05416428207206531
-0.6769080475806026
-0.9091391251839454
-0.9709217424345321
-0.805137566644001
-1.0620785334208978
-1.2254494898107766
-0.4074072949538233
-0.5704543548987054
-0.1679211675085346
-0.2336192471448521
-0.5276553830276359
-0.7929752811939567
-0.8893727218020633
-0.09701207837672118
0.8367510955680552
-0.1929088793970848
-0.25085890502575425
-1.2772113400882064
-1.341493383588634
-0.6709436113421002
-0.2507793958554951
-0.3873063265030487
-1.2089212677500896
-0.5165535772408817
-0.3594180515260238
-0.14883151484755
-1.003093098585197
-1.2189043835534794
-1.0566452717095856
-1.0766162541117053
-0.8183740855885009
-0.8168373817980277
-0.835923695495524
-1.0224669421824761
-0.5527190792444959
0.09350488146101445
0.10608702406686818
-0.7459826216616404
-0.7807030276782769
-1.0691426710666114
-0.8060511334177516
-0.8359257815729725
-0.47960567145866134
-0.26391252905747686
-0.16277549021570636
-0.8000291375088782
-0.6096717816463331
-0.4109089250136891
-0.9554837018474293
-0.8951728715744037
-0.35265473677509385
0.004287474330457171
-0.6020651825549862
-0.7949035519998647
0.908978932442574
0.3155921634902652
1.5794093764745265
1.8443489683637764
1.6625454905128596
1.1617775466158287
-0.6459997138512245
-0.923149790169425
-1.297658229293531
-0.832782725973687
-0.9396645438460289
-0.5439506051088244
-0.46024610102067254
-0.6722426049828993
-0.5153129093309144
-0.5946920240584885
-0.1750129027634576
-0.8198081510491207
-1.4279354509519322
-1.4294629243786143
-1.238036323284234
-1.0163576998288826
-0.4912607363035196
-0.3244726404653962
1.3399111770998653
1.534350640827786
1.6146103157402185
-0.6981810315475846
-0.16830751101916094
-0.4312865932964389
-0.7793773745201924
-1.1151668595486102
-0.5335023765389397
-0.6541415288810899
-0.36565448997130745
-0.9922497335892462
-0.7995933005501012
-1.0437879959121072
-1.1012868460270904
-0.9140418928448782
-1.024799247107802
-0.7301521027427028
-0.1784929770531293
-0.07473635328712433
-0.2956017121018171
-0.3605441884945396
-0.6055003822917807
-0.17860413302180128
-0.47385854642986436
0.4210852000771109
2.1259809624507744
1.583559083528413
0.689378404861659
-0.3916737430286583
-0.056582467023507936
0.11682820295866726
-0.5970828472764164
-0.6064377771338887
0.2669463794867255
0.1194136533710112
0.23993842729163725
-0.8461391440660615
-0.7858655025240987
0.41129222012313005
1.6577517189237276
1.912959359626867
0.5279547223965209
-0.9901798806524471
-1.3949658183580256
-1.014535928165365
-0.9521798903494354
-1.0137566295348543
-0.6323946041267909
-0.4602133002099213
-0.0394704885674538
-0.2882074820498584
-0.7561792348410323
-1.0905800754784656
-0.9899827592979803
-0.7283182049392198
-1.1581161058362741
-0.9438285038651617
-1.0529226289957767
1.2120828801691026
0.4201438046002616
1.45744735251223
-0.8721234829746403
-0.5871408931999877
-0.8505785755886668
-0.32836204911840355
-0.718378770450437
-0.6119097014816418
-0.9321113291586743
-0.5636889345226099
0.07598636721385922
0.22273213751599835
0.23858389963736198
-1.0906170959760695
-1.00489070019089
-1.2288425377778471
1.0888957028463162
1.4515515295640289
1.9870303702799115
-0.0055953690795726525
-0.8696896252912426
-0.5535104408423352
-1.0451396476160322
-1.2292124792873653
-1.0354942660418374
-0.9452049846104934
-0.25291761476203867
0.10232673187664719
2.7123973524708767
2.306710841049127
2.4917255429677265
0.1291026054754794
-0.3390060325341389
-0.6339483603075868
-1.0149196149543662
-0.7653904088805153
-0.8118132353524864
-0.8080908796719979
-1.0835816877296043
-0.8601900992100268
-0.583970079027587
1.1810383551966304
0.8550502331540908
1.3172197800520826
0.029423127892045972
-0.37419035234327536
-0.1753057789497896
-0.05129568470239371
0.1252687100010013
-0.7853915604504582
-0.4464076113764581
-0.3613481846571119
-0.8471547671705142
-0.9374715899083343
-0.35669019678439406
-0.32168698494327924
0.02647117002094705
0.7291391760834721
0.0010160494321590783
-0.009986368361413955
-0.5072806543264582
-0.18113162567534674
-0.13732518882033548
0.16094036397394557
-0.18063972175063117
-0.5247162590248043
-0.7844069311470578
-0.5058664478472443
-0.4832382141430739
0.7222736640624084
0.09371503064071877
0.390254449885173
-0.6395044425470926
-0.7721432446601991
-0.7510339623019877
-0.7508881795090889
-1.026434993852602
-1.13214813688926
-0.8889839912935037
-0.7040770845768515
-0.3757389757291127
0.637648960694497
0.6573756032851326
1.0155981716634206
0.3480373604853715
-0.12573193009990896
-0.5388052668892684
1.1734118462812648
1.6168182130304969
1.8446828630213894
0.22511902826262364
-0.17920386900638205
0.22318006895163983
-0.18521454443979685
-0.5229414817141942
-0.9033135617566581
-1.279594421134155
-1.1631177502644052
-1.012230711276087
-0.5749376210326823
-0.7434121106874354
-0.5909828756403539
-0.8957642607583075
-0.8663546126194306
-0.463024627950282
1.1152072043497132
0.40458925959589415
2.0829104334181605
0.5358007137644558
0.4629272676188167
-0.31381556762884694
-0.6133905220666246
-0.6505820058017671
-0.9228459758697489
0.9572122165075031
0.877915096478304
1.3773831510220649
-0.4234407305599713
-0.7232125481509084
-0.9233011494405937
-0.5716701099681019
-0.22817399675336347
-0.3674188079872775
-0.7295542884853898
-0.698878801240115
-0.7078509783915389
-0.04854733404242282
-0.34232960631722537
-0.5889984258915545
-0.8051754893780302
-0.181120704484988
1.284011907592954
1.3993852085333416
1.0214616084654133
-0.38389700097275076
-0.767631541046157
-0.8914439938470443
-0.9037221975863117
0.10279598364052239
0.1654828712685265
-0.04670440886418323
-0.2912795944312668
0.1967257612312735
0.004651628747103479
-0.2866414813688776
-0.7811498809164604
-1.1229081976825726
-0.5858550524471273
-0.28483360034845806
0.19788354214298023
-0.22367246742363833
-0.18359266393447762
-0.1391475881238742
0.1906172934001353
0.14055327607336537
0.1943465249873212
0.00028150301214541836
-0.03700424811971644
-0.3594126794635299
-0.10211196170491688
-0.5058765023219538
-0.3516921061475932
-0.6615986372959047
-0.7985422855142555
-0.9450585144826786
-1.0564908408667826
-1.007768463998222
-0.8778109411256095
-0.30153154535137217
-0.5115380256819299
0.6557540362167963
0.9883752133641998
1.2528240670850472
1.6021582952630595
1.692083103873112
1.989402078426843
0.6980672882878348
0.1250438584238837
-0.44208442851184276
0.5091125711741589
0.507073305969761
0.1270505440163695
-0.7005337636044969
-0.5721721134152018
-0.4679272435769278
-0.5833041164147553
-0.43724438689081985
-0.3059809737652054
0.6485395593664776
0.08177528003912517
0.23074001301594887
-0.7588853778663099
-0.931291455457289
-0.6077799348542897
-0.4053537574916553
-0.42731322319681003
-0.4619614072516055
-0.5135830853657981
-0.440791817569457
-0.712509664919131
-0.34516231227948235
-0.46583396617651796
-0.022356947312944287
-0.1498843991936705
1.7920632770582017
1.0627467832960273
1.338992654562175
-0.15868215419002257
-0.39971771708944054
-0.49170964480890306
-0.719122096269847
-0.8387005003982625
-0.6301277018154599
-0.555106877717117
-0.20114802767853937
-0.2857488030350936
-0.34120705020599446
0.07167867895001716
0.5045191023700061
0.7859590660396737
0.3879438064337271
-0.11259326646960394
-0.46874399995590876
-0.6922436002195176
-1.106465781366895
0.5107191394324947
1.308828942846165
1.518745714286267
0.21569699143045992
0.10868380835982254
-0.3129007324644441
-0.19175172045361338
-0.3840859096651827
0.2872256890603727
-0.25860796639761735
1.1550904953400045
0.6546223206203471
1.7748164520843768
0.7303380302530776
0.6931737938787141
-0.12201275523518408
-0.6875709566642648
-0.2947097722007355
-0.747789059339261
-0.17094467003612956
-0.02488168958567934
-0.05121824156507267
0.2612303185880918
-0.29866441910362646
-0.4591184217783462
-0.4469340123569119
-0.5526143305487352
-0.30640722716716534
0.22035131454319942
0.18221004409715083
0.04076776814895457
0.009755944803447126
0.7721342492925976
1.3775833641637911
1.2418423659283226
0.6412071040999062
-0.18015652814053396
1.9011072138581728
1.6016969668846033
1.478568691165818
-0.07234930121315017
0.5984568262586539
0.44911040356232873
0.5123295549849489
0.3958198389618086
0.5214891535600601
0.806575008139093
1.4395661173602001
1.5414489716613444
1.3048773577532569
0.6434159827867831
0.2825614437939421
0.8537241894536934
0.8026695671810169
0.7561309425449722
1.4840479857200704
1.450764009263073
2.150634945908911
2.547769764031108
2.844476200257687
2.296783264810108
2.4172131111223423
4.287384485603841
3.6939687083553925
2.2980671852310968
1.389489099465619
0.9602914557530517
2.0941850837688967
2.3557644006761227
2.4630717843063668
2.5033192974110783
2.736141824083216
2.9608160021232943
