182
-0.7055280072860807
0.28605640987080494
-0.9002833270389289
-0.7335059091266056
-0.20620838117469747
0.20539567927407096
-0.8411523507750011
-0.5609552535897124
0.22870009337300273
-0.31752729978855004
3.8777296020138263
-0.4705542863828546
-0.6718939545690301
0.3085338239403203
-1.133558159414954
-0.8983785242115176
-0.04258929322772079
0.29518267344919097
2.6318456377271797
0.07258035199841947
-0.6213750243178725
0.09527567550118217
0.0045520909440837105
-0.06863595131023358
-0.8546432731266694
-0.2965373628396396
-0.9330260107971422
0.17679731744403873
-0.3640965633620251
0.8742882616526948
1.5250742754409525
-0.97548354881742
-0.8744231965088444
-1.0825461431377745
1.772344435966657
-0.8620200964879647
0.16430814074631922
0.22056838628893238
-0.072213129974006
0.33617773729459915
-0.21185283717986123
-1.0110604928071665
1.1170016797042421
-0.6513396374469836
-0.2979779876288742
-0.19205332217578372
0.48556344880391156
-0.5591687157104922
1.2748024753516187
-0.0712179763767325
-0.8142421506124077
-0.16358145486737377
0.5579012126598596
-1.0835495462281723
-0.6675380311483757
1.7908233354763972
-0.12582052765955146
-0.7010690762431053
2.7285178345155185
-0.7506812556356661
1.51958794152756
-0.8557980312523732
-0.8461316252024687
1.3727596810418154
-0.6925679634894066
-0.7273530221238046
-0.1411562974162109
-0.15770415134095372
0.5576652153576857
-0.44525810806837957
0.8825503763531025
-1.0736797704892853
-0.560617623604032
-0.3127848305826078
-0.055039535813255096
-0.2515430704005523
3.8344216539169675
0.37954021990444875
-1.1090283354633947
-0.9278683210754574
-0.6324286397615428
0.051988586851418876
-0.25261499133411147
-1.0083578160718547
1.1987091330273176
0.4398991268888394
0.9131091247384523
-0.518313478464916
-0.9998258966638577
-0.012002885005946604
-0.22154948420533818
0.6201759410398798
-0.12476888564345895
0.9981367267172041
-0.1480767673707802
3.5243929164198367
-0.9682837545431011
-0.9652100336449375
-0.8371761737864785
-0.8910057980686596
0.9178978617128689
0.0839196358489263
-0.8171238652160547
0.7046093966704579
-0.5657102170948817
-0.7684376148202444
-0.19686981437935136
0.22091355821727124
0.6252453259275916
0.6175140728369991
-0.5127087862601051
-0.8630463537136892
-1.0440056117972893
0.41908713286522914
2.769471001230868
-0.4762844514567274
-0.9590337218219807
-0.8432961064640251
0.06870266927183527
2.53448210175995
-0.8261155405251527
-0.637654547902866
1.2539276017017096
1.1943967440636065
-0.937246408136016
-0.9848838903289123
-0.8755749793588589
-0.11447666165975982
-0.4678856842967726
1.1651620933180578
0.6734737908137005
-0.49329967361278537
-0.8578058302306185
-0.8015791836101104
1.8938306688426647
0.6127539341968343
-0.49244803367174356
-0.22507777551455227
-0.06061798849562408
-0.41559433461343387
1.5341783122018529
-0.3843482847606234
0.041840528334440706
-0.9290146095179661
0.41254273869950786
-0.5007501775304702
-0.5930279854623952
-0.8807296118789736
1.254544783873489
0.36796964456536524
-0.7746276779607539
1.0695741294156091
1.3133863908554846
-0.6622166387180992
-0.8197108546165678
0.34145402980906325
-0.899151058022141
-1.1545118657448188
-0.6923720135139024
0.19007005868786875
2.007492116038788
1.5700252389261962
-0.33997919582745484
-0.5664373196026287
-0.8378459806526023
0.2835123346990769
-0.49117374773250855
0.9278545550279035
-0.922587726730118
0.8597759288649364
0.48837206532596117
-0.8132264167792469
-0.7700471704129666
-0.9221363136583236
1.5351412408345129
-0.6445186687755315
0.8558282437034331
-0.5644805459905334
2.024266624880623
-0.6420281708945286
-0.9375960881745246
-0.6524452294326089
