546
0.116208
-0.415592
-0.280228
0.19836
0.409326
0.19146
0.139633
1.58364
1.87925
1.43856
-0.220973
-0.247232
-0.39141
-0.4739
-0.538361
-0.518802
-0.662071
-0.617189
-0.627111
-0.689322
-0.650038
-0.559761
-0.403392
-0.324069
-0.42611
-0.774062
0.0503811
0.284454
0.0943176
-0.69682
-0.812062
0.977144
1.18512
1.15687
0.572115
-0.36506
-0.501951
-0.449639
-0.406
1.91366
2.31053
1.85868
0.42883
0.930025
0.874611
0.514353
-0.640444
-0.482295
-0.595559
-0.412033
0.649583
1.02999
2.20543
2.30487
1.87506
0.0047147
-0.266316
0.00583936
0.278859
0.703906
0.276634
-0.312173
-0.52414
-0.31757
-0.29712
0.168445
0.439218
0.813359
0.306211
-0.00313715
-0.523106
-0.102517
-0.0922595
1.04697
1.0978
0.90948
1.60369
1.56509
1.41116
0.288275
-0.10848
0.255221
0.270631
-0.108979
-0.490672
-0.473432
-0.481537
-0.466336
-0.21738
-0.112876
2.11234
2.65387
2.35581
1.53893
0.389966
0.362951
0.660756
0.456036
-0.305085
-0.424848
0.247009
0.306475
0.430283
-0.234059
-0.202741
-0.00270742
0.39624
0.504958
-0.298858
0.155661
0.339569
0.154436
0.59727
0.755633
0.682617
0.164918
-0.495761
0.0918598
0.254915
1.13549
1.51459
1.60639
1.30528
0.373502
0.1493
-0.353129
-0.387071
-0.454623
-0.500226
-0.392856
-0.33593
1.61511
1.95157
1.61183
-0.499833
-0.368979
0.0497485
0.465987
0.543954
0.0323606
0.304164
0.475368
0.86608
0.25562
0.0589501
-0.0473091
0.0922488
-0.1818
-0.269193
-0.713575
-0.633881
-0.760394
-0.620073
-0.688913
-0.24881
-0.164195
-0.306163
-0.336669
-0.19796
-0.186489
-0.377917
-0.113416
0.111518
0.48388
0.639424
0.668123
0.337918
-0.671397
-0.739256
-0.781036
-0.677053
-0.82615
-0.816361
0.0673645
0.133459
0.331421
0.312323
1.02522
1.66917
2.5562
3.09156
2.84168
2.17299
0.822992
0.974565
0.920176
0.547769
0.361373
0.0333493
-0.01842
-0.404342
-0.631306
1.43238
1.62763
1.33946
-0.61025
-0.65337
-0.626845
-0.3295
-0.422035
-0.44281
-0.686339
-0.0201026
0.358428
0.274848
-0.067585
-0.761819
-0.642814
-0.735485
-0.519587
-0.50503
-0.529435
-0.441675
1.41104
1.5894
1.33409
-0.522974
-0.0104478
0.065155
0.0235251
-0.573284
-0.356458
-0.376434
-0.425354
-0.476634
-0.596343
0.626748
1.51666
1.70578
1.4026
0.950845
0.19444
0.371783
0.266002
-0.750805
-0.673842
-0.695596
-0.622928
0.017229
0.855421
2.18747
2.81471
2.72027
2.65127
2.04389
1.82314
0.892867
1.16918
1.0116
0.70899
-0.20864
0.151725
0.430383
0.564615
0.11932
2.032
2.40567
2.1077
0.360321
0.164403
-0.127152
-0.37515
0.126733
0.0758075
-0.101212
0.377516
0.745642
0.508898
-0.438817
-0.441161
-0.372771
0.164519
0.409141
0.117269
-0.0741622
0.558255
0.772601
0.325462
1.13143
1.41981
0.938142
-0.214687
-0.306349
-0.503747
-0.676101
-0.0642688
0.0870677
-0.111616
-0.109115
2.32872
2.66018
2.31627
0.488492
0.594225
0.412606
0.18369
0.0816152
-0.313301
-0.283496
0.149872
0.458468
0.814975
2.54436
3.12016
2.93497
2.04544
0.775769
0.404455
0.177399
0.427307
0.28484
0.647337
0.2615
0.441126
0.182836
0.392876
1.0135
1.03123
0.85147
-0.362339
0.574395
0.754053
0.705636
0.196663
-0.345627
0.0384304
0.255633
1.06408
0.992508
0.637546
-0.335288
-0.354518
-0.394249
1.75811
2.10271
1.73317
-0.388817
0.0248622
0.468401
0.433648
-0.0671075
-0.338574
0.634558
0.863478
0.522031
-0.764843
0.0129401
0.321312
1.1917
1.1076
1.07385
0.363652
-0.614871
-0.534047
-0.462656
-0.341469
0.56838
0.657656
0.521664
0.172804
0.085115
1.32602
1.39107
1.19449
0.839207
0.637185
0.68447
0.241022
0.617571
2.59817
2.98879
2.61981
-0.0741044
0.339388
0.171242
0.101797
-0.450017
-0.240173
-0.250144
-0.323709
-0.340702
-0.0736534
-0.284284
-0.145498
-0.356731
-0.429782
-0.266078
-0.171051
-0.208539
-0.44307
0.368878
1.27759
1.42124
1.21046
1.19451
1.0119
0.562013
0.187234
0.173453
1.63414
1.85268
1.46358
0.320351
-0.120995
-0.295664
0.112099
0.691817
0.578117
0.31354
0.000726372
-0.361917
-0.443898
1.93679
2.28119
1.95164
-0.331948
-0.305754
-0.498993
-0.754232
3.36113
3.5394
3.31578
-0.0192668
-0.65106
-0.570874
-0.451605
0.645603
3.41032
3.628
3.43391
1.34267
-0.049299
-0.280071
-0.375514
-0.117216
0.0536131
0.0658945
0.516508
0.823091
1.14816
1.08663
0.386671
0.327778
-0.305008
-0.046395
0.170323
0.233052
0.310262
-0.267465
-0.435047
-0.751969
-0.584447
-0.0695727
0.270302
0.659898
1.30411
1.08576
0.946317
1.0688
2.21018
2.51533
2.04553
0.925874
0.799121
0.660861
1.45559
1.83587
1.45564
-0.0826159
0.877165
0.918137
0.739781
0.040902
0.269546
0.890799
0.98864
0.834911
0.559226
0.0950996
0.232936
0.494757
1.06455
1.9062
2.96398
3.25394
2.99655
0.839412
0.625093
-0.361477
0.261297
0.794117
0.547128
0.231352
0.0812732
0.282331
0.39737
0.560895
0.3551
0.264533
0.226065
1.98018
2.3401
2.12069
0.92612
0.86934
1.52409
1.63264
1.3421
0.267336
0.49289
0.0201195
0.330185
0.0927862
0.673308
0.890811
1.05268
1.46639
1.69869
1.77992
1.84537
2.59501
3.00445
2.77963
1.43541
1.58972
1.5555
0.839065
0.205418
0.568869
0.631773
0.811671
0.5237
0.0377331
1.96216
2.81318
2.67909
2.20052
0.752545
0.565779
-0.452419
-0.311595
-0.116117
0.714276
3.35564
3.63149
3.45079
