182
-1.23285
0.702822
0.82947
-0.277448
-0.349433
0.0862668
0.626346
1.15182
-1.1849
-0.907403
0.53734
1.87299
2.35343
2.00484
1.60748
0.184467
0.0963801
0.420206
-0.200721
-0.692349
1.64452
0.0371782
0.51051
-0.163084
1.75713
-0.723817
0.715342
-0.270231
-0.331556
0.824108
0.0870086
1.29603
0.0370885
-0.824361
0.944905
0.268909
1.42537
0.74564
0.427665
-0.690623
-0.604427
1.60587
-0.225792
-0.658859
1.14623
1.45741
1.72381
1.995
2.54149
1.68541
1.22589
-0.281622
-0.877455
0.389839
0.919839
1.77427
0.9653
-0.731822
0.265362
-0.555537
0.583214
1.26449
1.74167
-0.0319137
-1.22967
-0.0314973
0.77066
-0.727969
1.35951
0.769363
1.51462
0.395275
0.794684
-0.0422126
0.451236
-0.0245327
2.01673
1.35701
0.196764
-0.313343
-0.488091
-0.186577
-0.334852
0.577891
2.41586
-0.545634
0.588196
-0.998229
2.45871
1.08214
0.674931
0.647053
-0.169448
1.09127
1.7572
-0.119218
1.17537
0.527645
-1.38129
1.34277
0.704087
1.02365
-1.54952
-0.112401
0.164553
1.0791
1.57015
2.53295
0.389759
0.393316
-0.091244
0.66107
1.97512
1.0664
-0.283984
0.686435
0.027095
0.466449
1.13364
0.93848
1.17343
1.63963
-0.120305
0.863482
0.252957
-0.406956
0.872097
-0.577643
0.491474
1.31731
-0.297206
1.10497
-0.107906
0.445806
0.140303
0.515601
0.956999
1.14199
0.269816
0.366327
1.08599
-0.38209
0.0704388
-1.07832
-0.294657
1.13643
0.727736
0.292451
1.94745
-1.0101
0.821728
0.876125
-0.2642
0.527271
0.732143
0.871022
0.364397
1.12181
-0.930596
0.817004
0.660398
-0.250362
0.156428
0.618548
0.669321
3.01719
0.908871
0.124932
1.66621
0.0858124
-0.882901
-0.455369
0.620168
1.45661
0.636832
-0.305201
0.876033
0.995149
0.645274
0.803479
-0.857635
0.694825
