182
-0.40752664711689784
-0.3990582003676527
-0.22246912809147007
-0.44279368032189254
-0.29657867226428397
-0.44032753301883276
1.8320314902703876
0.2588336384486031
-0.07770212192990657
-0.03476303411183252
-0.06254894467004865
0.3217094899783193
-0.302227618945002
0.1193989693089582
-0.06193884482483567
-0.435774618372958
-0.20084702025656803
-0.4375557975490812
-0.37882939947368377
-0.051263396509194425
-0.2926527851525862
-0.44183462213140245
-0.25572473012250996
-0.4140635106139161
-0.4177446966009491
0.21379359122954214
0.7033139589626136
-0.31794877867517984
-0.3604923807405436
-0.007635205768765413
-0.055739819692104
-0.41060927631138033
-0.4085651519691676
-0.35417080060105727
-0.028997907237744383
-0.19805036152615146
-0.30961607270214503
-0.4329776140924843
-0.32787574606302167
-0.35464955872159587
-0.42493714232669283
-0.14897620866411346
-0.036114097629632184
-0.2909745662716874
-0.11187137668142765
-0.3079687011320303
0.5481927543943718
-0.02787647462307287
1.2340924209157746
-0.37099666709735324
-0.43724543153813267
-0.3263133135176139
-0.06150115955016043
0.038143658080398886
-0.08070329829009301
-0.12949405368996844
0.011960869699529118
-0.19583717042831095
-0.1828585926810957
-0.45566262474038227
-0.3976555047640909
0.024793951050630935
-0.37505209113220556
0.26709888071012455
-0.40226122631431077
-0.35832745621741746
-0.3516917192590364
-0.2470638217392867
0.6009311453980418
-0.2878314369446679
-0.14115913686312243
0.4436968397964901
-0.10665717287807129
0.6785173202396575
-0.2419038092175032
-0.47135511603395
-0.33961563381568555
-0.24245575464448488
-0.21863710670809317
0.03316246604285398
-0.4397690898275334
-0.16241854956579313
-0.2430799638887835
-0.19866016758770702
-0.27918099081075215
0.2023682489836763
-0.1706316220351512
-0.44216743549584414
-0.4018963724207418
-0.3151429543612525
1.9949665834202734
-0.28890590534144367
-0.19986631326350546
-0.022545695536757896
-0.28566299546558466
0.05453006763349804
-0.15619222301217614
0.24293720612901828
-0.1492517509450868
-0.3865524220427414
-0.41858726250404227
-0.39960698747469525
-0.4301618257471522
-0.36605391942030785
-0.38423580007897057
-0.4328567939057627
-0.3101392512594866
0.31684515772462146
-0.1966476886131768
-0.030131941983539585
4.043449306323939
-0.2795581606333077
-0.24381846132548338
-0.4099915970240553
-0.2859905735092982
-0.3121217915728671
0.06037398689288205
-0.25108943285594587
-0.40260775769553114
1.3439069874394127
-0.39805926217508414
0.3693720441686785
0.3121396441891889
-0.24971189706746535
-0.4444086262157472
-0.2944727823729327
-0.39855811065256946
-0.206485111999955
-0.46395211190946467
-0.007937181142231776
1.510560162914795
-0.136987569192273
-0.3666684414313279
-0.06256313701035408
-0.25952165323091225
1.0992064132128767
0.27546474380376695
-0.22062109109815203
-0.3986777411666964
-0.3715999532284889
-0.21061393279694773
-0.42106600686320306
0.07758847463201186
-0.07214882608534207
-0.4222970636035062
-0.2111374339256115
-0.0019455368626078804
-0.3316834818715532
-0.34852199043876586
0.5502707163178053
0.042395797712120604
-0.24192077811817506
3.3661613872262803
-0.30582037584355964
-0.04036252886058212
-0.28189672599150306
-0.10561065925519426
0.1246108688675379
-0.4042127649237311
-0.46296083073647526
-0.28516873974924495
-0.1481971109343557
0.09782194404654901
-0.23500288432813526
0.011609990376732526
0.08116419533524342
-0.39964349287472567
-0.2133762025591744
-0.1939288058128136
0.0004112128644391926
-0.022899323319909154
-0.41334385909249083
0.18541944619029682
-0.19895129488745225
-0.31100341073976356
11.052958524319303
1.040309220387168
0.4670600575019556
0.42056287975181755
0.907285535055624
-0.0734779223217596
-0.23593035611254132
