182
0.18066197036451473
0.23451843051807392
1.7033698888304456
0.10460227975810639
-0.08395600963753466
0.3896314543929465
-0.8382372141464193
-0.8443152675195865
-0.7989406630607302
1.7974318787238583
-1.1667093607994476
-0.5646111533069782
-0.7712411314642694
0.8790791042158579
0.3411397799150081
1.3231311985084533
-0.23387199805004735
0.08844730006900288
-1.1530162746281383
-0.29965495208375514
-0.9359789016323888
-0.36677341599476965
-0.5883324571432738
-1.0742124251910286
-0.2441125448279085
-0.40189186077468264
-0.9427165799446522
-0.8015280152736188
0.17314056698828106
4.200883426239326
2.000493764412434
0.7785967162651204
1.4299710250329092
0.2626592898542028
1.4969668958437132
-0.0931597522311672
2.0031955523882505
-0.8054845594391218
-1.049020907739717
-0.3882115152395258
-0.8228803567235684
0.4138877899828256
-0.39441557223672885
-0.8420531829354381
-1.0094551720358766
-0.4082701940985271
-1.1358302000591807
-1.0343590742274957
-0.5109110174031237
-0.6323797453829615
-0.8001735576266319
-0.22228995489792294
-0.4084719781278216
-0.45533746428944505
-0.39541433887574917
1.3547737973041183
1.8994492695107466
-1.1034991506178038
-0.7737934591009
-0.6022666306877603
-0.13751733908462618
-1.3104544251203165
-0.43153301098985203
1.6468865404826096
-0.26808370366203876
-1.0517048283368056
0.06700947266340582
-0.8954383725297039
-0.7844712823249085
0.24877045528914613
-0.4055729214186608
0.6117430128805587
0.9470429377146989
0.030919327970843787
0.25457633841172383
-0.9322738252048233
1.535149628991755
-1.068550197416649
-0.9057036315889425
-0.7965932277562553
-0.7218532089439975
-1.0063022050682398
-1.161966658961821
0.9448792670291042
-0.5947274613429399
-0.6632093105439196
-6.391518737101644e-05
-1.0246669146237497
1.1792849469404918
-0.32720995861521734
-0.8023331489251243
-0.8677395344509697
3.411016714999347
0.01514774099937412
-0.7780241355433578
-0.9033762136465228
-0.4547902299815531
0.6656147104054725
-0.7005379698989159
-0.5248857123046271
-0.9445375224653878
-0.48033715573432445
0.32284042717950046
0.2247948744361519
-0.46196743182794664
-0.22465929925604358
0.5190374734485511
-0.7578427922737775
-1.0813990336861337
-0.5802026708521223
0.9238969756306582
-0.34073045422015885
1.407256393474857
-0.1546600917489968
-0.4431088945689999
-1.0313926076080469
-0.881892938277523
-0.5526436585476368
0.3016851740871337
0.10808206504516206
-0.5891189722850136
0.7454840259778622
-0.8025963703644455
-0.05318405302110262
-0.7903045248940093
-0.5474047563404991
-0.24146616537633808
1.1816708230781778
-0.9179218076124321
-0.04269781033296476
0.10882532471969796
-1.0070278360210267
0.010411572095290278
-0.3927745214709715
-0.1657336151766002
0.43894064710788
-0.7984146887857001
-0.9444522231402256
-1.0087926651997223
-0.2535357898909937
1.4030830346958076
2.3638361199529685
-0.6413021646049802
0.24621722203897287
-0.48640326258587774
-0.2946189570783403
-0.4158720928713423
-0.6431881684798386
-0.6758295120870542
-0.6841765581446341
-0.4111235165211318
1.4235478220953142
-0.5505816494007905
-0.9374562304816707
0.016286616569624945
0.37137068688624036
0.16340138030797555
-1.024084634586181
1.2873606923365746
-0.3511578706213299
0.13998717590642742
1.0323639565817586
1.0564357861293034
-0.4622085987493905
-0.13739470474235718
0.20674201202848108
-0.29936905866001823
0.40088644820892533
-0.08845377126616101
0.4947532392044293
2.429058454810855
0.028822159205576334
0.35157085580628594
0.6925054411609014
0.8280105924471703
0.821724278683805
1.1954190394176625
3.0221272416138083
2.606082110349566
2.3578451917583267
1.5073876239983734
2.757559022415162
