546
0.9225238653810307
2.354920752762243
1.4901644743046387
0.12128353913267968
-0.7365713489199675
-0.9480448184317086
-1.2460784493904147
-1.152067513231935
-0.899851788021582
-1.122312323412078
-0.6162055345285538
-0.6557376318077862
-0.15887712420877456
-0.5628848498057457
0.04100356172481646
0.8377488678388136
1.0410130874127386
0.8410644129820983
-0.2390922934903982
-0.5596241519922227
0.04098675954307271
-0.00439798716006843
0.18650505158673453
1.565322446861187
1.6709935570599925
1.5945962993542724
-0.44829250355753947
-0.14949743294836149
-0.5350255715984701
-0.6121531846611048
-0.7432886377536143
-0.7726619699991201
-0.7591633111762285
0.9765142435049435
1.5399634384216268
1.5887531475891619
0.10753338470495535
0.6411667265212795
0.403331756027657
0.5876357066883593
-0.9031132787816656
-1.0984244944132902
-0.6594349287357485
1.2154217678640717
1.8997427107458007
1.371630618205137
-0.6743744372394397
-0.8616627888712747
-0.8925471966119868
-0.8312534569217455
-1.4098703523903995
-1.420636891392887
-1.3822090733281605
-1.067161770255336
-0.9930458694213892
-0.495709324364499
0.051532199613491904
1.5231117028098637
1.4078426294118491
0.9618633721026333
0.63095227017192
2.0819885488794454
1.8288947001943292
1.4012637953742835
-0.2359468388824217
-0.7303149646458666
-0.6798515683895107
-0.8027988545899426
-0.6379626783861424
0.07094606359979137
-0.10507647024127097
0.2538506653899809
-0.30761600330184846
0.12259135141959043
0.959274024950404
0.308198430393446
-0.07521902410797408
0.4875166135690761
0.3199375997606142
0.8048729660433414
-0.3002166877966918
-0.6229212332956601
1.7251964416258996
2.2872077044940045
1.8175109958212263
-0.493301759141677
-1.0899545923324887
-1.432271244845725
-0.6317504873278457
-0.14519910690092863
-0.31732480847677264
-0.7410131676636864
-1.0526683778977748
-1.0113585681875057
-1.0044643975203973
0.10351271932860127
-0.3652234354305604
0.6652548640903566
-0.23323722268785674
0.24887342982067567
0.04423121175912234
-0.5397592778947821
0.044769916561682506
-0.619140645948625
0.24446964931665832
-0.7357666762497305
-0.23740608155090742
-0.38659087179387847
-0.21462225000419016
0.7277321976042126
-0.08769597316778606
0.6812550759107898
-0.8182715087755029
-0.055504032473895244
-0.626849067164143
-0.5070567515665557
-1.1603877736801518
-1.2299118186665186
-1.2298850283081033
-0.9403930415749366
0.11865915531546158
0.403705983845457
1.9147331953857898
2.345862543602136
3.647789139183302
2.164855956786019
1.4761400552459143
-0.07051973715201211
-0.27708164376169336
-0.6604723935438604
-0.8494110380409039
-0.8805384349718155
-0.5766166319726201
-0.9954867980424251
-1.0537589958474474
-1.0667948480024823
-0.7761779299621256
-0.8034735581401878
-0.5820489141936361
-0.4587648444829796
0.5539342930323169
0.9747334419167603
0.4703955114688658
0.028793083117699396
0.9203902249400475
1.2160814885457465
1.014545498582323
-0.05466744314631669
1.444658733616694
0.7566415961932826
1.6886452888820151
0.05303087607842254
-0.61100215705649
-0.8250401791020798
-0.7106720893133498
-1.0259796155558407
-0.9823823966771474
-1.0996300362815539
-1.1334387617982624
-1.3486217843084565
-1.3931702831948243
-0.5613977261128753
1.674221031021337
3.651331560230404
3.0044779451707493
0.8129417235265725
-0.5425731754678299
-0.595334678606687
-0.7320669428819074
-1.1543456006256179
-0.7158372551343104
-0.9630075016564236
-0.8449125701872324
-1.0104518285331725
-0.7694704587564348
-0.6265622975947994
1.0011019657626048
0.508023918525993
1.3642914703977262
0.6083437441062973
1.1967690024049964
1.2922865109958463
1.3528916294359283
1.095475147116361
0.659234997920707
0.3171588579612642
0.014513283371448589
0.30817999289486364
1.9416510979939137
2.8270497694940757
1.25840643743357
-0.9981862114161525
-1.3006392758144554
-1.221502674981016
-1.0112990541045064
-0.9374750489979328
-1.2420863210614836
-0.8175570977733672
-0.6805457499812683
-0.3254703373914538
-0.30681142174287057
-0.9546216361408387
-0.8438943123577474
-1.1207712828403185
0.120455997475552
-0.04812961450771545
0.7617932069230918
0.982784911585134
0.32765900037101986
-0.32205941232134355
-0.528409145901108
-1.1397385208155575
-1.0790333627050332
-0.8828488046299472
-0.4253227252057541
-0.3823075798963269
-0.7053495845134271
-0.5234910980456727
0.45830167437021135
2.0449886830674306
2.1619855392446854
1.7481018778606128
0.7455666780478688
0.29297628676593956
0.04495566479913265
-0.24447028780527288
1.110195995531378
0.560065440399942
1.1058490325393602
-0.023877251885974556
-0.15174149598617542
-0.4238292901131707
-0.6983323879287474
-0.6827611880726782
-0.6381654502425278
-1.021762670057639
-1.2959924893727004
-0.6827574140656106
1.2700655278809627
2.3688080835733434
1.5973724155209277
-0.03600867789681657
-0.40484299556191483
-0.6411481964185879
-0.5574551998646343
0.01772257424850273
0.04716013640970695
0.2744043022699615
-1.187958363689007
-0.9484306020886626
-0.9166073027135824
-0.9664980428270277
0.2109400124263095
2.0972252964029985
3.2216624669668037
1.9496012211160965
-0.39419112519441835
-0.9633171519634481
-1.050258143605508
-1.172822634045083
-1.2147573101130427
-1.4498727761801662
-1.212296877869424
-0.8150241277390522
-0.8631478517350889
-0.46026133308744627
-0.6888049932794766
0.04891357785481882
1.4532152833957424
2.762684741960719
1.4056455702880046
0.05509421157795694
-0.23957317200864056
-0.8421875943849205
-0.9929091261091109
-0.547645313164686
-0.7786367442386902
-0.9462230546195981
-0.6257336217001899
-0.09185180451598156
-0.20954435853243253
0.4665626804917385
-0.058267887008235535
0.04394486564613241
-1.1338320931515462
-1.3504866458717377
-1.012450690320914
-0.8907093691889887
-0.7710984950175198
0.13661323730479308
0.3083216262429239
0.46937872252110363
-0.24298638588244648
-0.47962497579494046
-0.13724433314958553
-0.7132700512120176
-0.7452763238514613
0.0729359911432237
0.5849911707284757
1.0991724115992063
-0.19818652503586712
0.49716968457674543
0.4645262733466627
0.7682015641264082
-0.2359022596739327
-0.1522243633168449
-0.4734006722324738
-1.0408070213780467
-0.9816735316090817
-0.4231295223034383
-0.06958554627679862
-0.261071101561196
0.08289289731093126
2.5621926839371856
2.9749698350187836
2.5917559429699466
0.7103655684548633
-0.012817716824040062
-0.2772504157754193
-0.7256818384607541
-0.7671856141631619
-1.1629868829105463
-1.1621256038128838
-0.5924966444238017
-0.01728181935146389
-0.03652851854516592
-0.3189077168750674
-0.7091179763960498
-0.46499311755616957
-0.8004811755335126
0.004460723947477732
0.4265651913800434
0.31923097724122484
0.561776367050185
0.4635272315271964
1.0450773672312583
1.1459390772113451
-0.3272452634613804
-0.6979151856972251
-1.389917647577623
-1.2263747026997134
-1.2471555242119523
0.18938515196005246
0.5279663385766789
0.7433211308654366
1.1506159844296746
0.7658143292306239
0.06297346934417947
-0.5966148618753846
-0.7057415621735137
-0.984625177923522
-0.9183819157274778
0.7444050650693356
0.875678032969297
0.35388279552709345
-0.5814195829749731
-0.24738826635901115
0.20479152882484364
-0.1772001823208747
-0.353913599271615
-1.4472867634771178
-1.0607428024993157
-0.9009059037073546
-0.5320713393082139
-0.44318815936590855
-0.12351209659769644
-0.3444516733648475
-0.13157645392996145
-0.2387392405251104
1.4881000118886687
1.6767259787056776
1.6633026744244377
-0.001664487906320093
-0.2956168444262287
-0.6318817346171542
0.1950407735256602
0.9825014705610919
0.7459879139678868
0.5982101449288978
-0.3418437914747144
-0.28546823259010284
0.07546655099357696
-0.19104340472474093
-0.5769672530815136
-0.3152164016696709
-0.1896207905816944
1.509493949245311
1.2430122331369373
1.3815916762224103
0.33755319173632015
-0.2526815501166337
-0.21422790416304274
-0.5195423908854121
0.04711845028811944
0.31513848115270093
0.25946004729651967
-0.5574320719208176
-0.36576714754526024
0.12295888507237981
0.7062684185055474
-0.07818078350944112
-0.02736014173711535
0.06024485579007797
0.24898434861404317
-0.2163143866842369
-0.5267769717635526
0.6994077381980854
1.5620037452795286
1.2858986918070958
0.6185925617913487
0.12461978912878736
-0.35474043065545585
-0.6039706249022457
-0.7478843890609348
-0.6146677646943415
-0.9623832940503547
0.20802524842829057
0.29744270286642377
0.7129143622400159
-0.15867671054129615
-0.780967653963945
-0.8257728275490761
-0.32090643882070025
0.1829135610984074
-0.036547319018156714
-0.3230268315441796
-0.7176894383700335
-0.5843163892660749
-0.26240526085991933
-0.4130820277619521
0.638187530050184
1.3506517524972226
1.2192261934388005
0.2477385049902241
-0.09076641375437847
-0.08899829654195208
-0.22642560904615508
-0.498434685213422
0.6294676497892601
2.813297629785627
3.11832517081741
0.45631930573752666
-0.9476120095317865
-1.3903431699746711
-1.4878299057734237
-1.746655211951217
-1.6661008825878163
-1.4855133992756036
-1.008388064990633
-0.8882256498698737
-0.82330587131052
-0.4495655437991078
1.3160655135044845
1.973331931273989
1.8350002960772052
0.2411032940185627
0.009276228731411368
-0.6301704678296164
-0.8456768298812603
-0.25076185331573864
0.233163963802103
0.5941924521782779
0.0025935024944591877
-0.43735119896475066
-0.27095960579730366
1.7005039264555988
1.2160248790921249
0.6004586023481616
-0.5373119756509571
-1.0219747775652388
-1.294592700148039
-1.2139788412338692
-1.2060036879105247
-0.7486682268880843
-0.5520221973308677
-0.4216408931172684
0.09218942433688686
0.15261522917051934
0.14264948962982832
-0.4848932565152015
-1.240073676691927
0.31857705230772815
0.49084133596533785
1.2158833415816301
0.23100160524052055
0.35599723568883995
-0.32348295544459676
-0.4632391711408651
-0.2654250860742692
-0.15264146796112088
-0.24485104369789776
-0.48930399442775946
-0.41069614685095146
-0.3576337234090988
-0.48335424675962274
1.255938787389807
1.6870726884916634
2.27716748421985
0.5566332489598288
-0.414401985356225
-0.10418536825064821
0.6893285411759376
2.2912937772235127
2.63719526781398
0.990540339338868
-1.2734637466947882
-1.3796755933503282
-1.4988574106068657
-1.7068783449486058
-1.5315960690673527
-1.651159586451598
-0.9792220687068623
-0.39500638302171076
0.5846845929095077
-0.5955520595496758
-0.5117781547697441
-0.08397601727573381
0.20184135646934317
0.02001001222979712
-0.6571292111365384
0.09220092457621921
0.16989814274119083
0.5665890074130941
-0.08092009469607843
0.10938258672230276
0.5079961748668888
0.26200596481015087
0.16979619521281172
-0.03214170547292737
-0.1822448098862142
-0.24287848947572477
-0.47767908105253815
2.311733679674298
3.1091930067579825
3.097625399111412
0.9610427144634386
0.18054476254082774
-0.07905387441676352
-0.6412008844885624
-0.5527888510682708
-0.5457175253486827
-0.6939599408406256
-1.0993809271536297
-0.7156523442927989
-0.958639366895936
-0.5981240633316156
