546
-0.3418850889655157
-0.8998991309659816
-1.3293193696052834
-1.3782733165551944
-1.4907748350049297
-1.5862031077956378
-1.5146311447872283
-1.1813807901159772
-0.7801708971020936
0.9995805919269418
-0.48675888342246093
-0.2151938963990628
-0.15568097994693514
-0.42712685212557877
-0.5412723574169694
-0.36951833261617056
0.021934599597502477
0.7842936000348733
-0.9692254485024469
-0.8462286013108918
1.5254236074208223
1.0718697197830604
-0.0982587233471329
-0.9448544073006788
-1.0823492878274965
-0.47871205906182535
-0.6647420920983345
-0.6619879956306125
-0.04057271968288473
-0.15098637153586686
0.3138965225133842
0.7575062260383695
-0.4279847385153303
0.0008267789905991858
0.020009585151066673
2.3134355389849746
1.5701028081485409
0.9453224619975498
-0.36306714315098454
0.7789712249045482
1.5963154043548182
1.7520395865601248
-0.20056303669964887
-0.4096188972343565
-0.38567593849270865
-0.38425458042502814
-0.7689372145950336
-1.2192431996306283
-1.444932851713716
1.6691645970313365
0.8693372081518742
0.19320215883915015
0.20835286591087068
-0.20962820664925394
-0.34353555309304173
0.6845726156776604
2.0536856224179965
0.7369431657056026
0.5685207944126818
-0.14616589749358494
-0.15151024499216265
-0.7744619928717745
-0.19863379538132567
2.390199849709349
2.4813018216932585
1.6883772662790453
-0.6292889620216169
-0.7317575846743054
-1.2815636477531656
-1.473744689779415
-1.5185170109857633
-1.4283990157884208
-0.7036560788291693
-0.7765131638887574
-0.1406369440270279
0.31255272482287744
-0.018906174356565008
-0.4123899512516149
0.44699914769251176
-0.22684643512540853
-0.10993340686156099
0.6118381772010947
1.3905068304417336
0.6966608348225822
2.018680413333779
0.6018493828274839
-0.4824174361465485
-1.2839493710566026
-1.4024646188513634
-1.4756710571065743
0.8274369404460985
0.6960177995453903
0.8734618152132464
-0.6740126684602279
0.08675432260880118
-0.7266116355807494
0.30072761865951547
-0.7804708742553713
-0.34093880263677895
-0.4702360655615361
1.0482583778307377
-0.09255564827570682
0.5945104954810607
0.8738973767214413
0.7705402264809873
-0.4538896951177153
0.5032970109812239
0.02689243114028069
1.4965747982683393
-0.26923785082270435
-0.10407265299162703
1.946304093410102
1.6522134231929373
1.470642577882859
0.7722214548636901
-0.012729093851737198
-0.31978045382977544
0.0823370983925244
-1.3055289335940294
-1.5819889026395928
-1.3892593815669965
-1.2254576313676044
-1.0576262275058677
-0.8034316676245074
-0.8736126533222652
0.1605810282900962
0.28644121960359087
0.2614071290934583
-0.6377090887669827
-0.4899131143433979
1.3475119662263177
0.7025335336398256
-0.6146614612799691
-1.1369122797851436
-1.5037253764527276
-0.8083335966115289
-0.5732652821514409
-0.38037755514561217
-1.2752430694898693
-0.1359021472209422
0.25300731059356
1.7130564420687246
1.2462451632055978
1.6459195439800245
0.7178210399077715
-0.9219972162094079
-1.0162798175200058
-1.2795013576972745
-1.0483853382099333
-0.48311626381705625
0.22633429853881276
-0.15383998703919968
0.7849802229838817
0.939195054931565
1.5802712897551023
-0.09508277625489385
0.6345371683281196
-0.08010329679417139
0.5937429971629536
0.2592066458335734
0.5868470969170141
1.9093557479389442
0.5387327085967956
0.6917581283535539
1.2910766687775923
0.9716663614374071
0.8640232707657365
0.20832262989014624
-0.45415338236468983
-1.0037310048086385
-0.810675317206928
-0.8535977608458428
0.4068765184781922
-0.3118275223330563
-0.5457582786733886
-1.1571963966065322
-0.42064575363103457
0.28027120249153775
1.0251181359077262
1.4584677884964363
0.21860519481643517
0.5122201082792921
-0.04286434899638331
-0.2870378976162775
0.33431601967128827
-0.29098324193187314
-0.34455026498162705
0.5386794139166629
0.3862734394936267
0.2453259157899712
-0.9011702810743196
-1.4385883894630473
-1.5476775538917535
-1.315540283717591
-0.22265069233425366
-0.3472927871011344
0.9641739345547241
-0.06786382463311573
0.3057646982746264
0.29413241326592227
-0.10059887168027001
-0.14508956223544456
-1.065057432613048
0.3180949041218617
0.36179494073383744
-0.09695349655771547
1.2182273050251795
0.2859130602070983
0.8527640661673556
0.07791534387060484
-0.013084106516131854
0.005451093686925426
-0.3344050745083838
1.721071052988478
1.9510740101678536
1.1717797841618693
0.28937348057847023
1.0338566841256258
0.7232752657561674
0.08082175799180344
1.862640633285575
0.36066060869031935
0.08801506186557038
-1.3187747473876528
-1.3983327569792874
-1.513963102538033
-1.1811169528333842
-0.4408311944240553
-0.28480358334742917
-0.17717414247747695
-0.41135713026396975
-0.006169864597320165
-0.8816953243405612
-0.8993333212929407
-1.2986048176034428
-1.0336639091348623
-1.1234566080317003
-1.055277027477214
0.16043542938177072
0.384984196689443
0.21627412787230285
-0.13711971768766767
0.9760782338815336
1.5370924868829066
-0.07014310081957942
-0.4571439097653736
-1.0573870868350028
-0.558339093603396
0.5103025249621999
1.0560504294501103
-0.21265150182572407
0.006490868866830775
3.873284974305859
3.2902744031144797
2.2314194698942997
1.0087098015876714
-0.38281128386706925
-1.4568742157882246
-1.594171314060803
-1.3863529562033097
-1.1916541771486626
-1.2526551600614304
-1.270014038986821
-1.205576962036567
-0.8710299628880762
0.30372638254532325
-0.6862437657247475
0.4004174913424248
0.1627478231493563
0.9946424158767494
1.161626179143615
0.2253360072839871
-0.4147831766777292
0.10087498059282614
0.019509747831978463
0.38907155966519935
0.6095249392308121
0.40836291324847007
1.93803254740411
-0.029745195175079682
0.19547812411253346
-1.2863106709670502
-0.8740877677952428
-0.4922047601253187
0.8397729335518342
0.6224566064555879
0.6919479036110757
-0.34353166306858446
-0.21301219057920756
1.3852010216532364
1.3932837577665742
1.5814203368440576
-0.6523767996364658
-1.2682476085138492
-1.2461462372415577
0.11769082293591371
0.09922312072002573
1.9247022412378005
-0.09656371707274343
0.9176935606574099
-0.3826195515423666
2.1011173050307175
0.910903439882433
0.4313859327435043
-1.0519035208168432
-1.2319260510071603
-1.1269790453467226
-0.47017875477920057
-0.34359281182893897
-1.3413486274522703
-1.4547940737551313
-1.0536486119092259
-0.6544543855309626
2.852508399942802
3.5479186135470364
3.0079088715848625
1.4359274078887119
-0.5179947547181946
0.5749371448316225
0.6356408867750302
2.446047775822014
-0.38990234467889934
-0.4372632618733683
-1.371771419951948
-1.4567599381668417
0.35441628133985914
-0.21280937641491965
-0.39118578321355985
-1.1778545599630934
-0.24238247746786423
-0.16924292153783368
0.8694422464284021
0.15343767063540426
0.101765007121577
-0.32331445959279925
0.19648103323044974
0.17941477710622514
0.11523199072946326
-0.23565313681101818
0.849934232787128
-0.30111122340639485
-0.40147072181969035
1.3846802822540691
0.4298105851742204
0.6944167396700468
-0.286242083479438
-0.15132492008694637
0.36574178420259307
-0.6612755814755055
-1.2069242456140732
-0.541941064957351
-0.698544523140575
-0.22542619679141307
0.21438117495850684
0.102304421811793
0.15475205661607627
0.6200868641116036
0.32820885776433617
0.203817061628394
-0.45027007390275164
-0.3261482320277523
-0.6883057274254168
0.12888532221238344
0.3091992803223202
-0.06891351366508444
-0.801713223868076
-0.3458755151712749
-0.039401902524470636
-0.9354082952008809
-0.8918108435065807
-0.49532925921371845
0.08191595142571041
-0.06399113315957655
0.8578066731509
0.4549839869256056
-0.10780991741491326
-0.07929965667558377
-0.4478318615977311
1.094000171649033
0.8414199373858617
0.47389554856780564
1.2220650167233953
4.027152842241637
2.572303601992458
1.893028908513787
1.1314309788817984
0.0026996176299552955
-0.39392549895355927
-1.411518125709894
-1.4986607995790695
-1.2947848790867382
-1.2096592538809043
-0.47233672396089305
0.20010975912485757
0.12543205668928006
0.019998121202477185
-0.05564219202819971
-1.0249123972032705
-0.6750098552126267
-0.9812835047313828
-0.8432334485629224
-0.2620851540178672
-0.5856857810011248
0.04725638225063748
0.5805908953982313
-0.27629661039622294
0.7600676974693518
0.7326968138153643
0.6047429269754561
-0.6008229786658906
-1.2360795094615338
-1.201345919130836
-0.20951458034549195
-0.19202453900331648
1.0116614762303595
0.027521206250366494
-0.008828534394785578
0.630215193526827
-0.028738933666025916
0.992294192367792
1.2056698908016263
1.0905102071519672
-1.4542465369494337
-1.2620319170051915
-1.205024046927253
-1.1918047409470973
-1.269938954650976
-0.869312291707625
-0.5235966622399836
-0.44688641726853523
0.11408727412557894
-0.3543911032144701
-0.19818862144036248
0.5754753416774614
0.09574467097000365
-0.8165011797055295
-0.27623336655817343
0.22718922982166903
-0.4148667457739363
0.07265663954641884
1.3626074564504056
1.6287438430420318
0.9456907922137597
-0.8840410814623105
-0.6049485063258144
-0.7214850703187551
-0.38472913551176463
-0.7917319923846751
-0.5565224980272532
-1.130449362594127
-1.1937470406853032
-1.353094075031377
2.3054273543048245
1.6448947336597415
1.2159476809191025
-0.061685438773576136
-0.16228722749761834
-1.5357742695969492
-1.4717134542510646
-0.9007945084933306
-0.6127709518555221
-0.8483380818356605
-1.4160694393017674
-0.727958086435969
1.0645382686752425
1.616083284714195
0.7922397065960934
0.7528574076289128
-0.47808179906284953
-1.0180308194447856
0.7964094144700334
-0.34253738162589703
0.03595130868657138
-1.0273803412970879
-0.8953390473586826
-0.5733832930884214
-0.7694946303428518
-0.7950764973467864
-1.4915247649952055
-1.2507510367065755
-0.7725456585152259
0.15476238643907791
0.42729100119366115
2.0158078971950686
0.9588355216947154
1.065954825813697
-0.4371168132166213
-0.2941862889939569
0.28275811375993426
-0.5911389157612815
-0.2674538944521684
-0.4774310328555754
0.13847563585246836
0.305967171126019
-0.17414385137165267
2.0065152798858197
0.06266267447592608
-0.6973555141593195
-1.6835625583920866
-1.3347756169596199
-1.3990117569610536
-0.33993022963484976
0.7990431202040484
0.851136736126085
0.573262512230294
2.981808411753243
2.196193060658361
1.390332448418125
-0.35273447448584
-1.453968854880718
-0.25979969799654445
-0.09635084026102693
-0.4125928054498332
-0.6623255188287763
-0.4777851919692354
0.2966314162417094
0.1957601122253832
-0.5521226093471612
-0.6825496752969634
2.3469160806361478
2.4386640862815128
1.074850953125882
-0.9425204639753888
-0.8832749485155912
-0.5330927885681659
-0.6084576801080624
-1.4332500159760548
-1.3650145219028582
-1.024792657213096
-0.7199790362350985
0.23550745879605137
0.90463763208999
2.188290913092213
-0.25895019279222004
0.49195184439317763
-0.15233559744691674
1.5669625459102818
1.0033418415823714
0.32380612776984535
-0.815477945686774
-0.9265636324432998
-1.1584524485047971
-1.2572533556741616
-0.2252305647589215
-0.05293382159111252
1.3780779453689682
