546
-0.0030158783599955456
0.8703580662419959
0.12330463127833516
-0.6555952773324911
-0.917942529891994
-0.940420248787983
-0.6689658664787769
-0.5734910959678228
-0.011964389412695767
-0.3182844237311778
-0.4145294690938186
-0.9549029966590413
-0.23056846825903035
-0.5393627349107938
-0.5317459617799333
-0.5458069470994872
-0.8219785172182574
0.15296035367461336
-0.1706465524522917
0.1087537295836742
0.013675980968129933
0.4801359842771882
-0.46890585644374805
3.8480316958084404
3.4590408586052384
1.4116945227705981
-1.1080432325135525
-1.1912148434240728
-1.048334174773851
-0.7764856852066564
-0.7689313234469928
-1.0942280942710936
-0.854891469809944
0.0750273831225786
0.884520511140599
0.22976417494262993
0.9161886155147195
1.0417878832393275
2.126865869172144
2.561888102193554
2.427795439327837
1.8814944247402217
-0.019411302868173053
-0.12108190287658965
-0.3153620436696375
-0.1277096106905217
-0.09986127635434888
-0.8126382876408527
-0.9643318633723185
-1.1297504377118286
-1.2459299214345723
-0.8423110385041971
1.0560450417477127
1.037426063326595
1.212193464704417
1.6731838365841638
1.5797696918388628
-0.33569802341921484
-0.30411018749679797
-1.0265517197564253
1.1161507577830112
0.44514093007833794
0.5978568866388823
0.39931695302213627
0.3399597989532641
-0.47989696804322496
-0.31727149928710147
0.5692420958208408
-0.016632239173609634
0.4294259028100498
0.3110652717735721
-0.24965564358678996
-0.7855827087424978
-0.6594805778552364
-0.7808682249404834
-0.7987432299522985
-1.0901119260485377
-0.940775748966682
-1.1007101754305473
-0.5587783961214542
0.9349330805237511
0.8401402103769542
2.2511570298514063
2.4293546263570067
0.2447722679654419
-0.6985034925117808
-0.2508605955227463
3.3868506579013413
2.6668809087814838
1.1652149373970027
-0.32123370594512163
-0.4843604099662236
-0.5197283966436306
-1.1791792544201636
-1.1801486653973348
-0.9678410774054642
-0.43293030863343507
-0.7464846990831687
-1.0526866457561568
0.1259955329255567
1.1078452353382533
1.5954460926080627
0.32944037653236385
0.38356112990065305
-0.4999349246237027
-0.783282392720619
-0.531051238212249
0.4240235133334333
-0.10427672376342768
-0.12591213288610884
-0.9404612557008778
-0.4490725173899604
-0.42480383963335555
0.9365264839892562
-0.15500497606650987
-0.629104201304388
-0.6558801829479698
-0.9820762150437972
-0.2428619965877298
1.4730211903537225
1.969152318790023
1.8621777059169509
1.6215677737917966
-0.7520085281094726
-0.21517684739944332
1.1195804264076192
1.1571394965680846
0.7144000084269483
-0.9522811497532678
-0.5781475624174613
-0.8731485661735645
-0.6621532171194557
-1.207662504852952
0.5494898856226651
-0.5721970879229552
-0.6025913225783671
-0.9709698300167163
-0.30202265610845513
-0.19655790648983446
-0.4142227506051195
-0.22423577825791305
0.7650923682395998
1.4321177089539534
2.2717584405355624
-0.5447891028374309
-0.6866025629027516
0.8268494748409957
1.7936216842726167
0.6017911159717511
0.32008761516334105
0.24095015920224636
0.8056810146765508
-0.21212729970290237
-0.5284691557872085
-0.3029031412572752
-0.4593047773641942
-0.528470898093772
-0.02329546170411
-0.013659519815783673
-0.41617881259801465
-0.6649997175737996
-0.9730461774270349
-0.31623260656153723
-0.03842099461500533
0.4712326412928575
-0.3703826222895375
-0.35592749988044714
-0.25818293446795804
0.03873278600026501
-0.1984387320549326
0.14278622287505155
-0.18111095796292187
-0.9555297982360648
-0.8122600367197232
-0.5453458165758308
-0.4114536013198002
0.2581152934068773
0.8258754794986672
0.12685256506959933
-0.19438560668120605
-0.6828868841240273
-0.6315151711518202
-0.46333015784094644
-0.3514053296891886
0.47525563152566946
0.6775786254653264
2.0097867095556454
0.4643397219234994
0.04133262553450722
-0.7408791706516503
-0.3475795333801602
-0.48856279369882494
0.745164316242216
-0.253086389125025
-0.5394541838986519
-0.9083919542769735
-0.29998879245455023
-0.2174153557899798
1.1242634883143372
-0.23298039379355914
-1.094197269539741
-1.0289043024214781
-1.1163746789966011
-0.21121117639843176
0.13477571475039915
-0.05665332236138986
-1.0555774405545677
0.4941066918894027
0.6420831337896129
0.1627259711235191
-0.7614527414849758
0.01016459984936603
1.5681781109186308
1.0581190062771615
0.5840205860212359
-0.6686767435625454
-1.0849353644898658
-0.6946973338011236
-0.8199799502399279
-0.5860231125060922
-0.5151726957160342
-0.42198897159110554
-0.6037839560316162
-0.6503978317481707
0.932198427373572
1.2961807583498612
1.5321224659283674
0.28011968867696185
-0.7666905832312247
-0.7746555832392591
-0.621155264173012
0.36083178272341604
0.8667963362254966
0.781866398272057
-0.7079231870774741
-0.9474320588836675
-1.1699165785651273
-0.08490144047116835
0.7345545206185077
0.6402566476003785
-0.4892178945841495
0.5560340945491021
2.659954829487853
1.093597314870233
1.2704617461423386
0.02762133417708578
-0.8355193711075238
-0.8277354775814796
-0.5320460558505103
-0.9190683550411671
-0.8124494195753122
-0.9849303910177979
-0.7803389977705232
0.14416806032600318
-0.20852622381985644
-0.4877676970673334
-0.7563738737453995
-0.8615021094191541
-0.7808166978418478
-0.648124790120713
1.142563252721802
2.075529384204404
1.6316998492696773
1.003829710215256
-0.11542539068068414
-0.9081272322616522
-0.41359057728337584
-0.3968692878038821
-0.32366957207878594
-0.26845939644260414
-1.1480163310374396
0.4729983055423177
0.06049464109368669
4.107627464803045
3.5128181944923833
0.6983827331185946
-0.348232686653346
-0.9520669636479233
-1.1572364870764988
-1.1032315793398446
-1.0369329192762777
-0.9387463714150945
-1.0892225783180494
-0.5904255441385396
1.8147014089052242
1.6207148671127825
3.0820544063782926
-0.034853847046269426
-0.23991666309636514
-0.7236980541773294
-0.6848163988064785
-0.7324435991434588
-0.36486102084447425
-0.49810644246032404
-0.4814044607658432
-0.9744682247279627
-0.8097693047810337
0.4485651001162116
0.40514915850383737
0.27096914705034864
-0.8178712744371146
-1.0255567629719764
-0.3661038162809867
-0.4486531609069914
-0.43889677503612234
0.8278562238034403
0.10221070628637464
1.1860223924838165
1.5761415532868892
1.9288164879979768
0.5467597434940599
0.4623912849488406
-0.39897105844765834
1.1882295864398438
0.5491192759803908
0.20819834567144493
-0.23075556339148323
-0.9026966808651536
-0.25139080238593065
-0.2525749081658439
-0.6730613987895471
-0.9379027435537092
-0.6378851551101818
-0.5781472394851548
-0.848578848097882
-0.9641077288927957
-0.9495792974604261
-0.8262038110998692
-1.0200181009114686
-0.9591706915886864
-1.2128198934329195
-0.2705180025887268
-0.10865634850787809
-0.16438843546989057
0.39893283465767965
-0.3020997680080023
0.7790168204073805
3.1074476099026453
3.511060271125346
2.95115754674986
0.4277074817139301
-0.12598264759065853
0.30779972107089143
0.1271192854721789
-0.607465724748936
-1.075485542400603
-0.6624458415893691
-0.5959631588349827
-0.4669467009091849
-0.78023951026551
-0.49374874103627087
-0.4519427997681028
-0.8662536592389728
-0.9642647413556418
-0.7753527741724295
0.9022724126650224
1.7679506556990023
1.6185834936756012
0.2892775605143817
-0.18606073036805248
-0.21044839445687108
-1.2267480046849764
-1.245208359117285
-1.227897105056741
-0.9652095197362905
0.2779936437177195
0.22194625494252196
-0.38803986159888976
-0.148327290613213
1.149399062143028
1.1334631358916438
0.8604176217467387
-0.1749081198555591
0.0053576332935230935
-0.30429811610440444
-0.3934341075140095
-0.6356575732540535
-0.9570493077469833
-0.11751537075795936
-0.3491394642706445
-0.4990142231767159
-0.6258735380738517
-0.3130072686420462
0.20310351445008074
1.2299509957159114
1.4297193677663773
0.13066469553290447
-0.5440520108454487
-0.5741290076775418
-0.9590901602064715
-0.8861270263962916
-0.7861707796321704
-0.7957488565771842
-0.8759056068451028
-1.1519120373132072
-1.0677154815059675
-0.8642209999919083
-0.9798709399385819
-0.8537415497235767
0.5719935017869839
1.1682545839526077
1.3861239948851594
-0.10786018380380136
0.6285363338208123
0.5764282862906622
0.1375410190802876
1.3365413404418667
0.6379368623266823
-0.1989532764721848
-0.37273656243763653
-0.5585533468550805
-0.64208828834935
1.136078993663974
0.06812690586159569
0.4017647571594944
-1.0811429996198696
-1.031347099420267
-0.9035355301534312
-0.7423935148766123
0.18361447327907046
-0.07297456288186054
0.7257600302869381
0.12228948692108817
0.9121787315832346
-0.0889108804105454
-0.1747327445276079
-0.004000226766110006
-0.203893434830437
0.19916066942263264
-0.7094880642891436
-0.25313980317046036
-0.302056611560037
-0.09336376380271863
-0.8425050449718444
-0.7379493587077659
-0.8611037938241042
1.3826370666729353
1.7305940010612677
1.1691646961320117
-0.7561132754737505
-0.3330234934900131
-0.5593972801084685
-0.38217250651614126
-0.6427765970597232
-0.6727805863966172
-1.0011468517669613
-1.244955362400054
-0.3413119931170033
-0.13959797320702785
-0.4207236392265473
-0.6812123408112915
-0.7761233429854035
0.4834903356689966
0.32961192463553735
-0.44083500529954467
0.0056548467366575395
-0.44774605388838046
-0.4039692824202747
-0.9571689471280315
0.11825559856933705
-0.4022387410889494
0.04101160166539951
1.1792195042772244
3.5439758582914456
3.8428918543963007
1.8907365325426129
0.6314270211394554
-0.5873373684978045
-0.7263151197169767
-0.8424544274831517
-0.9068419518199184
-0.5339470893557902
-0.5217411197158314
-0.11699581259825709
-0.33235100835678283
0.2481387662597243
-0.5907444007544014
0.025453618398686942
0.2576837473534526
-0.48778700962397037
-0.4491440705434234
-0.03788951323359958
0.5361752230691508
1.601867538869066
2.4080647875470693
3.0997218555831427
1.3040398178264285
-0.02489364336207485
-0.48146502113062245
0.32681083724478904
0.8722909179936074
0.49681964597507544
0.5079124151555398
1.251715678904053
1.3711472597793029
1.3634350932753254
-0.6229357020036533
-0.947612744046197
-1.2611559517153184
-1.0614078469761594
-0.9993094497879661
-0.9440992732922789
-0.3978712793975233
0.05130099718009655
1.9979318252461153
3.4417168032588674
2.82357943127191
0.7139337963771117
-0.3189405200182941
-0.9868292306640412
-1.1051733673578332
-1.269141005957666
-1.0356581979901467
-0.9364855898421366
-0.7966286862734993
-0.8713004771675961
-1.1828784768390128
-1.0224079573753706
-0.35307321214996806
-0.11277758971392608
0.5429765797947281
0.5827269129009587
0.2944494445159157
0.7952352697655313
1.1247201120325427
1.038262319730636
-0.3752101225375762
1.486608912867793
0.4828564373098023
0.3260579388628376
0.2695749445427149
-0.5501082505123063
-0.2914258013776308
-1.0925174174430312
-1.000393440504166
-0.9871462300963093
-0.8994112908216813
-0.8143982547332445
-0.35873761485244177
-0.7994709223265748
-0.3652082951712245
-0.6000038002256671
-0.44259557178468817
-1.148174743260289
-0.6556677129197146
1.1592429293323374
