546
0.18252760312920346
-0.46724809584370935
-0.45677390607808915
2.271750136682411
1.4342920850430878
2.567287219309263
-0.7486806661095378
-0.5342561889647555
-0.4512826304098842
0.1096962513880195
0.1745421009080315
-0.04237736711862754
-0.6705806195087775
-1.1489731042234113
-1.1998313032018735
2.3205031745086915
2.39484071055764
3.1442835468729315
-0.2829967443156331
-0.1721737063588796
-0.5151604527982596
0.33258629728091993
0.8651342916410423
0.7137566693315054
0.6305759421157217
-0.20116830618539794
-0.02605655946237031
-0.028168085016544026
0.22279153393890258
0.2951228891532733
0.29838957376864117
-0.08449208874064967
-0.04064713477784373
0.6568300593176816
1.1400397644936529
1.854464904135742
2.431921720866182
2.5313849888240454
2.6373444206087204
1.4755215147551652
1.2318457214597665
1.7155133550724178
1.568833477643954
2.017908888925368
1.4117686562030287
0.8799289935577034
0.17833861099993858
0.1043423703087828
0.4283362864045602
0.07448311742931067
0.26044650653263224
0.7704791182675407
0.46119292957741237
0.35661282821196283
-0.1857705656397145
-0.3720474628745363
-0.1505796523119725
-0.06155403925103009
0.48153622943310487
0.009195824878776083
0.5450553913200389
0.5574918157273031
-0.04235465200873917
-0.5576575122085481
-0.4624268852379223
0.17968208138675026
0.7882427801161196
1.6350478025647328
1.3885547549925983
1.7805149711616874
1.3596583851483919
0.6670743265190409
0.8028804990815053
0.6029350788098076
1.0149620383359204
0.7184615269805983
1.132569537529357
0.7913220281685135
3.1163413272274387
2.2924511104503433
2.229691369367914
0.4028801813797007
0.24350559287554333
-0.24834968013666836
-0.3091390285981347
-0.20691021417390768
-0.2433609887360175
-0.8917702765294598
-0.7035615432021834
-0.15068652112496425
1.2296865614299073
1.1504334747830782
0.8865404243599297
-0.2563841972575693
-0.8401615291256822
0.0012848109019026974
0.16234423763983555
-0.16831331708054725
-0.5729389051635724
-0.5671579055537191
-0.5075521098770033
-0.633781123576625
-0.8483196812982733
-0.17440044907400123
0.24657015979894084
0.7568030550825803
0.29238794585975575
1.0893004198583525
0.19394578139182644
0.06676487675454669
-0.4446932456906956
-0.7483852227031547
0.0003511121807131416
-0.38180607449008475
-0.0012876432984440967
-0.1760152869396146
0.10876259585182232
-0.11527642788423842
-0.579482485225462
-1.0076683011617362
-0.9746238180891464
-1.088378381989266
-0.8616359228213005
-0.3819091491643396
-0.10607731447216331
-0.05777977722371228
0.05474272758290611
0.10271762910619697
-0.1863146867333737
-0.6946660103873065
-0.3301105085133431
-0.004885085744713813
-0.10887364144683619
-0.23480386325481004
-1.265013407152497
-1.0043555798476376
-0.9427624796906189
-0.6693538052025713
-1.125632326614702
-0.8920689565069903
0.8270297255701332
0.6263248055482611
1.488518074798373
0.19056319408226738
0.43328183051524133
-1.064967748189475
-0.44548536875626665
-0.9785061974891499
-0.26207813715314293
-0.38582911252922664
-0.2245098173651969
-0.55097355285527
-0.9161088332794666
-0.83588127478712
-0.36254839060680843
-0.508861184283517
-0.48191333065061853
0.01022087463401704
-0.16846540731085555
0.052870572204528836
-0.8136455064059851
-1.126322674283564
0.37660620004914247
0.6585726919204224
1.2945711025770532
0.1470994742635563
-0.1961790474571473
-0.32417308800113787
0.004856754595888577
-0.03602366254335274
0.003914848484733924
-0.4722099105168426
-0.7871438819182764
-0.5895902724690533
-0.7050777030870073
-0.5817335942976106
0.2123169484962765
1.3069761798279567
1.1219336345313466
0.20086724808800582
-0.5826399145604632
-0.18617142681368204
-0.5953307542943554
-0.5544102137766593
0.1920439631517605
2.190445259488563
2.710402798090978
1.3677646052859425
1.1130415567154794
0.41363166367022974
-0.3049050921813936
-0.21485752889131876
0.5640435701299448
0.24343518712185802
0.37019282648603774
-0.5126372810048416
-0.22396361999204772
-1.0128978851851294
-0.6071553818580848
-0.3301593843223348
-0.46778977326883014
-0.7195105781377237
-0.4552507792682941
-0.3444265187982106
0.5338280228436231
0.5004899609565325
0.9527884236264061
-0.329144033566177
-1.1031847166084228
-0.946957289387001
-0.0007135185433200443
-0.021718224656611895
-0.11264138356124503
-0.37508850835409546
0.5439162327321937
0.7046539096340088
0.3200076788187514
-0.4360239249229034
-0.6734558945216241
-0.5704263422481154
-0.5349470521274764
-0.9751007616403725
-0.6671586365268242
-1.1477440969092587
-0.8428944929491261
-1.3369781179254066
1.0952845159161106
1.306397763288942
1.5532750677294722
-0.0006992625065353267
0.004538301009700561
-0.34274901383769435
-0.49043793659702445
-0.8198950844611645
-0.7178909405256543
-0.8601925277207024
-0.9217737637574545
-1.0236431681370715
-0.9932128560373864
-0.7744007269318253
-0.6130537992942573
-0.6841559236359488
-0.9015351713590269
-0.05721474941618178
-0.1855422838464509
-0.8705293168842555
-1.065417873252427
-0.34017957938509735
0.4858794497655066
-0.4847613614538149
-0.8275273570320908
-0.9526234903117483
-0.971227944723542
-0.9629404371885261
-1.2673343309498932
-0.9003256166062356
-0.8543589964012784
0.03703063536956879
-0.19762408454480476
-0.9127354452642814
-1.1409671458188082
-0.7469999330414564
-0.048761617371479965
0.3961519682634152
2.8981386609183897
2.451241305255002
1.7409116463018612
-1.1028913193589482
-1.4603750631710868
-1.3241815664869434
-1.3084880259977376
-1.1420479423361296
-1.2739993574600805
-1.4705907448899895
-1.5503103014274997
-1.382337796091745
-1.0717507811373082
-0.9836126732826392
0.895154691086175
0.8648261884457992
0.9095772129852994
-0.5931935841764886
-0.9771615989544203
-1.1773937420097942
-1.1473960066594853
-0.42944512594494194
-0.528917601645939
-0.8118182163403042
-1.4722670838609404
1.0776746387033616
1.2405766440778647
1.4487477942333329
-1.1071213350396985
-0.8663059391555736
-0.8816886655732108
-0.8237010791610763
-1.2806622617838705
-1.3979348857506393
-1.4159416832904719
-0.921902930001773
-0.6455303998339619
-0.5676118070429536
-1.0034035525935263
-0.9629856431793757
-1.0619730893843526
-0.9495587865900295
-0.28147583611538673
-0.5896096024450284
-0.1956419382422866
-0.9072897954458279
-0.6338272602794481
-0.5761086504261651
-0.6773848536184466
-0.8033258509524598
-0.5968914560191487
-0.7719671273691423
-0.6922723175218333
-1.1384601955506226
-0.9785698637647927
-1.0834453300899451
-0.5571663621918109
0.23632873220414777
-0.2908098542384755
-0.5209458588364976
-0.5328770988517717
-0.4620304535498718
-0.6371395283692068
0.6092069820466638
-0.042650319493272665
0.5579744331237865
-0.9991406780552148
-1.1147976706438576
-1.1097920374399883
-0.3510343399988288
-0.2678769641790272
-0.30689436049994573
-0.6406627152793071
-0.3536479944301668
0.41697752644539526
-0.6049983483690626
-0.4578849108965511
-0.9743296400303875
-0.667344983601973
-0.47887154183481856
-0.3074084068409996
0.5292932492907171
-0.16669203353247464
-0.4311712984948678
-0.5034395005539896
-0.8446922716073515
-1.0591358836234819
-0.4536503037361084
-0.5848825370473543
-0.236288811615724
-0.6806777998742033
-1.2337797250706035
2.5373230278577985
1.5540535506636377
3.1022497847458803
-1.0157521393207434
-1.3856226570640928
-1.1266714469147945
-0.5486893586640296
-0.5277989441265151
-0.3614888663560837
-0.5548307011051324
-0.3017369245439442
0.3891063928962488
-0.31487208591305577
-0.5963908786091466
-0.03420790170360121
0.9276512497875158
1.9241773094536412
-0.05396255830801642
0.011306561131897524
-0.5484173916324742
-0.35996385361309835
-0.5180752833590666
-0.09643572852974391
-0.2989289207200849
-0.4880956596693505
-1.1625934064683259
-1.1458662934329058
-0.9098167853381831
-0.3404584371334676
0.12093087352457792
0.729174336834016
0.9767694195117529
-0.21871251727642965
-0.06009136264895839
0.63492325233127
1.4427089811801777
0.6897785687999404
-0.06889973663621465
-0.6213960128444784
-1.2277524702817941
-1.19188613969519
-0.7933511794612079
-0.9236547513071596
-0.43811942227500583
-0.5883726350955116
-0.5333969075438146
-0.7834645841351663
-1.1947819886814626
-0.36299221643631474
0.27543315350562525
1.3327490799823636
1.1727140132404756
0.4374116727125959
-0.32429533148102624
-0.3945617751864578
0.11780356372543548
-0.3732003393372082
-0.5477894080934796
-1.109399755268654
-1.220708839500314
-0.9144227567362103
-1.0889236715838293
-1.097119144913687
0.5660864297493565
1.2129700871954174
1.0528520157596468
-0.19603693820732632
-0.27350412439677907
-0.9923082426679952
-1.6358862064696795
-1.3308177917955184
-1.1514083234373356
-1.11077634682154
-1.030175673123351
-1.0869925979113488
-0.4940339463465511
0.4073602476248545
0.1924479409943671
0.04107763169354177
-0.5710195233831337
-0.4147622045332171
-0.189704433265106
-0.4129632855292478
-1.2327119987567987
-1.4351188153219965
-1.1638662079432194
-0.7353061520867343
-0.8685592211892927
-1.3887328588621393
-0.5350000240886296
1.1033605685965044
0.4794253347507894
0.022131848806849135
-0.519231422274668
-0.6789031923068918
-0.7545950329393631
0.3464885372109602
0.03498901674480462
1.6370065620262
1.3560201223099784
1.8727162679079645
0.7023213946872376
0.4092020460021191
0.1380266414920786
-0.22889326913208993
-0.02337851476239671
0.1284308842742961
0.9177779877823223
0.07784071262686915
-0.037782509227539895
-0.25072338140187195
-0.07253514729399543
0.5821226723113433
0.8722495272240606
1.3358255920457074
1.2152368172964332
1.4629696041005809
0.6258518921326041
0.09706558059800005
-0.07295880743392767
-0.12941390847189127
-0.40024034672144104
0.10635198008862397
0.12071516219678477
-0.3387396611775615
0.02938714684091513
0.35575545793541336
1.691759484441475
1.374612795217421
1.3123291900701133
0.52320296887669
-0.1784242782712331
-0.39063748537096366
-0.24145621794371597
-0.8209777464928928
-0.7468540485926334
-0.716794447271287
-0.13981132638934884
0.04744282279700296
-0.13374756051023431
0.3995131127301124
0.578034127313052
0.051418026588706825
-0.47421408241520124
-0.5378691128500879
-0.08031630007718554
-0.23160730929660317
-0.19005057235550846
-0.4200412492759341
-0.21502012144271623
-0.20684972085072642
-0.07374281166213219
0.16217087324714385
0.37785898458495304
0.06262861405168392
2.126935476864088
2.1920449121493273
4.077090277365107
4.011807250962584
3.601994622217752
2.896683694137243
1.4089839930096528
1.4002904430266725
1.9556094949584086
2.144377415601414
2.1770034162888083
4.067461853756076
4.299568626780644
3.1916311155725614
0.2627766672560635
0.04230249446625197
0.09094511485280414
0.1556028882275968
0.07180693760129779
0.058103352307461484
-0.21888795280774795
-0.3745361566667289
-0.32739841567367955
0.24537076280954462
0.3147493339482
0.28367650094782965
-0.4401493588877341
0.414895429434386
-0.06486862990082484
0.015444896463131439
-0.26283447907320784
-0.47439599559829426
1.5549774220389612
1.4747096970938645
1.2682971772685347
