182
-1.280696305537353
0.1327703202210261
1.2523474909898968
-0.31846242623468196
-1.4459791900489325
-1.336469180880054
0.5783363702635028
1.9763695215634811
-1.3240803163714243
-0.19735826472331486
0.5613398793334509
-0.03997962389707571
0.4931134199459659
-0.12095502094241926
-0.20433484879959807
-0.22876710903902175
-1.2541012074530165
1.7427123747238134
1.1401063262424294
-1.305286297921436
0.3690868722852089
-0.7307644895990058
-0.6962678217316053
-1.4810631916869388
1.0942553836990792
-1.0021175686810868
-0.21329783703163258
-0.08975071748160764
-0.44838873701752496
0.5973436167134683
0.2564671861628976
0.42432088036392906
-0.05663454106480549
-1.3606753600341668
1.1161085084386364
-0.5865938420595616
0.633535258677566
-0.373262691755185
0.31703776724512656
0.26162673620277177
-0.8953356387954755
-0.40327759999895163
2.5755988182581286
-1.1925153133479065
-0.12309302845699487
-0.37512722334422216
0.5804237731364099
1.6450776505421938
1.9792320122988578
4.586634834572835
1.581043631813093
-0.8994175419277816
-0.3875307329424348
0.27849660702294793
-0.5904064669937148
0.8744879528551309
-1.0059869260058736
0.06718436451421614
0.3124527366785528
-0.312043821958285
-0.08114379321268199
0.24134742516755917
0.495632182477775
1.4935881951827783
-0.9605404060028085
0.7826265417737316
-0.7627366452360295
-1.2004247643197856
-0.25264054803840424
-0.5265517561733889
-0.5910846282909024
1.0738936704873487
-0.4958140476294488
1.8296489722350568
-0.600479716551972
-1.6236242741358768
0.5641570379546657
-0.05633513005427564
-0.8087109242451287
-1.0563456626815544
0.7964978001033313
-1.1139923171766624
-1.2160756609336352
-0.1275929186745618
2.0718470715375563
-0.7711571935314787
-1.3097023235490217
-0.352288994444426
-0.023145254136418752
0.253750047154873
-0.20793550690997742
0.5000140312958116
0.09528517678735075
-0.0762218375785908
0.6612167576888064
-0.0679530990228563
0.6907000672479056
0.9934247946747973
-1.262085384046537
0.6558071719962932
-0.31121901161952836
1.7594774296328193
-1.3011386953200519
-0.5750041627310554
1.4448331892537165
-0.775120400628405
-0.40997811065351514
1.672301517613626
-0.8039220838754633
-1.600967596922763
-1.0000138543640014
1.1151646511067825
1.2403086725981975
2.229152890273965
-0.5894210336624679
-0.9475425631833262
-1.2939613581529785
-0.328006434365508
0.24554977586090806
1.5691303278076056
-0.16665331468397807
-0.769583539261336
-0.6694208555853725
2.3567781723600607
-0.5398195133557301
0.970188675936732
-0.37978381316341314
-0.36077285542190574
-0.7955124611828621
0.651905833128962
-1.551651620631126
-0.9010771104548914
-0.9542477019504753
0.57200502027688
0.6147714816975433
-0.054641884502005064
0.9468307057405554
-0.4844316680247398
0.1975311158528747
-0.7831542452815503
0.10290402977747097
0.38196801631238664
-0.9226874401725007
-1.0310111849043526
-0.4240093022083004
-0.2756589033137098
1.515721785812285
-0.589993427707294
0.4006209667294198
-0.6359909361239316
-0.054317795343427
-0.30134251259928674
-0.2727788853160648
1.088523035842129
-0.6995464439672362
-0.302934746219976
0.19485114484103003
0.9919307707460179
-0.521407564769524
0.2551284117936495
1.1918873656562283
-0.5626584267218917
-0.42069212437198766
-1.2701957265867736
-0.8622876421705972
2.9728475169508797
-1.0443369117318668
-0.2693133432813541
0.5194668393201644
0.6277439574871978
-1.1949165997356521
-1.0723280790075749
-0.20280535570818206
1.2672132708674586
1.0503130357739179
0.3988243039117068
0.46996303965945124
-0.08874244299988
-0.18824042807919458
-0.20772919602308926
-1.0273868189490103
-1.0278223918222609
