182
0.26531322943165364
-0.07912954326159301
-0.49674102372553786
-0.5999579883195061
-0.7689955432854784
0.3596704109284396
-0.7319436816880757
-0.3266036308980625
-0.5399911403850722
0.0948332291618562
-0.4051861262107794
-0.20826766158976553
1.0461851444895691
0.5378464126109026
0.24246198809428154
-0.29279087120115455
-0.39647248480853264
0.9391865584512398
-0.3124355946699585
-0.6083838085409798
-0.7811087956010045
-0.5194893029223723
0.21054470741215067
0.14028254364199194
-0.40157245694108845
0.3622929395724232
0.32218394471112677
-0.407126852736529
-0.8366675682413671
-0.5358762859402383
0.637396832250807
-1.025327332273176
-0.959992794597051
-1.0089239644695913
-0.748063101372887
-0.8426476759381365
-0.5967161451470304
-0.2562996041912975
-0.5084767932674591
-0.663008982047124
-0.4666744188170468
1.9449458142168663
-0.07246481347215816
-0.3075059935293336
-0.29455517064927955
-0.36014711012885875
-0.08326364657455529
-0.07349037818113022
0.7262337107958995
-0.2526169413404499
0.32912366230547924
-0.6030171101033018
-0.7932479152200176
-0.777189781553686
-0.062220197144187174
1.4000057598391826
-0.12382818736013829
-0.7550523574245662
-0.6088042197734915
-0.33358495370524055
1.9044553772404296
0.5936855927951192
-0.2551286722681265
-0.8706845180638968
-1.0133996684207152
-0.6662020183030057
-0.5729234603610142
-0.7422315753144233
-0.5670379782450695
-0.6132424297266753
-0.8642315703096953
0.2953054094685426
0.012815060494409803
-1.1077377976816332
-0.8459249873132066
-0.835972411021453
-0.005931324395347062
-0.6349329067517985
-0.6412770888665587
-0.7095434634046138
-0.3290088877820642
0.9193228142163491
-0.787921739219321
-0.3090014841672939
-0.6065884204450522
-0.11471160116592385
-0.6384632729089317
-0.13919247392004175
-0.9808841228871177
-0.5380163130560414
-0.44354508118479086
-0.38086789536844695
-0.9278038310905091
-0.29464137756483794
-0.6106246368696151
0.25140771355781777
-0.4538288760599119
1.1034080124499483
-0.37865999665228667
-0.07238866715293309
0.8504512246238918
0.22586824678565903
0.5047822267831793
1.4656509369835016
-0.7433965284833528
-0.3965348014552664
-0.7855686297893304
1.274344291266394
-0.7077536993190464
-0.3700275270434981
0.6240740805828943
-0.4354645797978013
-0.4692233358016105
-0.3908987524603412
-0.4433490575180648
-0.7397510665674674
-0.8411727971747384
-0.8989766560220068
1.4795214718363776
-0.7217734672619553
-0.21547454531332222
-0.20483640650875354
2.273362069477541
-0.20244685157732595
0.7258371560478175
-0.6616699814205527
-0.6924174156762829
0.3226353501711015
-0.8299706759519914
0.6747549303410167
-0.8401443542149643
-0.834114783444225
-0.3535317163290448
-0.6809114136344112
-0.2602842930016542
-0.6930357123034954
0.47393497739187934
-0.44441954557076
-0.6298165538592477
-0.5930882017967378
1.4870856117178044
-0.6177024719207977
-0.44580478750072117
1.1532592893722027
-0.6709889309588416
-1.0043891226268071
-1.0342587377962082
-0.878440442643229
-0.46539499950243124
-1.2629842545249514
0.6073596108769426
1.8295343168768774
-0.9529352838610998
-0.8749738537237234
-1.148195072383985
-0.8447994432089849
1.6931790639190392
-0.9877149012675274
-0.44236963799794554
-0.8900684083811716
0.32139256641259006
0.6469175035111863
0.42695980249873045
-0.5531625720138904
-0.21275288044529073
4.509691882618119
2.3541457346276338
1.2566029241459693
1.4740809852325951
1.9752441014533033
2.248777617586448
1.3224463835793203
1.9396224509575404
2.863999660268063
3.6388461617423173
1.6586199972571345
2.0018293628777166
1.4604794253642206
3.14958203602165
1.3000817123311212
1.191973490402833
2.0995641251663297
