182
0.47653905945075975
-0.4890082627636309
-0.7609536551322356
-0.6390594580472337
-1.1581336456596714
-0.4589873821815686
2.0408499220075944
-0.538636496653154
-0.6726751946346139
-0.3833953998118779
-1.2649066541036722
0.049264977306726535
-0.14707906603713508
0.457171432285681
-0.30874196735272913
-0.7588043350105552
-0.1399877091915638
-0.5919314372093217
-0.6647356125493868
-0.7638574900494914
-0.5748304734061325
-0.6480395264603132
0.6376710100579042
0.7587972773795395
4.655460531363275
0.9293455743109813
0.3878697539866358
1.0765143924616047
0.3661668259117314
0.6216589280474789
0.7575954016579243
0.7923894983632943
-0.27768697690844085
0.343627965087536
2.281128780191992
0.18817901482916102
-0.16753000394609885
-0.798963378114666
0.6726893437652631
-0.4593762553363012
-0.7367334352953103
-1.0504708158880178
-0.6604236936940379
0.24292420333012396
1.9817909372001337
-0.7604847545920085
-0.5434971911157079
-1.25953671423485
-0.9250878813688943
1.1119455402367397
-0.5311615618112175
-0.22454082422698277
0.014818980108307877
-0.3328708102029011
-0.8554142313851197
1.0800714915754943
-0.5036474423236236
-0.45145024819209506
-0.4913816953621778
-0.20204431328387054
0.5290118595208387
-1.0679907307309373
-1.1423886531107523
-0.35341189932989364
-0.24056217185689313
-0.010323153378966785
2.1209831921938247
-1.0018047111700046
-1.0761654546604216
-0.8323967427699921
-0.7361573440213475
0.2644860521935884
-0.4912899174739933
0.41228792788884744
-0.38696891225051666
-0.8380132793702373
-0.1776098454772301
0.06754641532272318
-0.7580730964669483
-0.3702150024858749
-0.6126344869673797
0.07393186042098047
-0.2642915197014773
-0.7051630229355615
-0.7026559962701628
-0.2101038408204195
-0.41616023431944354
-0.8323678666525617
-0.5640473755173647
1.940492637120882
-0.08398121014916839
-0.655666252749559
-0.9904156423139302
-0.4820183670154341
-0.09218349643684719
-0.37070730695818516
-0.9281188885095623
0.619039094849423
-0.7717615980842928
-0.6087195535895531
-0.5112371531152099
-0.8740156887492201
-0.5200437803085886
-0.8181593514745747
-0.5381425507403139
0.1356990845001677
-0.42447135137231634
2.1999765768109913
-0.8271273086343398
-0.9171237280090007
-0.6778859611607894
-1.0194870954537811
-0.32159201605978593
-0.11072586277900794
0.15343440825275176
-0.5299659847044623
-1.111424991402308
-1.1569229970466706
-1.0261383372454909
0.9792025903510103
-0.24345708721085765
0.3314455415909607
-0.2278502272983375
-0.11474705436924489
-0.5295282315283999
-0.3684802018057542
0.32066999353772396
-0.323097171573196
1.2152604650429122
-0.8073043744396915
-0.9404420894792294
-0.3040921289830992
-0.4875091925323586
-0.4854897449416798
-0.639817241828989
0.5001351177886137
0.1773866434921435
-0.4550805094387995
-0.12953441184350656
-0.5740844966909914
0.8090563761073141
-0.7226643332438492
0.2124181781213009
-0.5515962912356849
-0.34166587365929507
1.1295889850329275
0.12164535062357898
0.6614805613378586
-0.3700525615801771
2.883701920912684
1.1588322226584264
1.9202229780122995
2.582208158164038
5.781903829822824
0.9384185900984167
0.29583513332610073
0.18121303278357792
-0.06342038920470984
-0.20398774345659357
1.1605503189406206
-0.6790221436015617
1.3477638166058261
-0.48569207301972156
-0.8427042268265471
-0.2102237229958845
0.2775706723362754
0.26418332091425123
0.4714959844687653
1.5475399743144826
0.49883790466600325
-0.6473372571182554
-0.9529775406739459
2.34711883404274
0.979303730027733
-0.4698720914443824
0.889537128680807
0.22219085055460064
0.2672479296102349
1.2974920152465237
-0.1513899915096196
0.18188334810429777
1.2833166815629147
