546
1.60517
1.55471
1.16032
0.820226
0.893606
-0.17505
0.56297
0.602448
0.705687
0.129012
-0.355283
-0.412056
-0.34295
0.212726
1.02569
1.34515
1.21456
-0.506655
-0.372767
-0.111086
-0.210789
-0.166869
-0.300701
-0.243046
-0.131587
0.0432406
0.293358
0.364667
-0.157196
-0.205747
-0.454315
-0.456612
-0.130659
-0.0933827
0.119137
0.979154
0.820114
0.8245
-0.0471362
1.56695
1.62382
1.60845
-0.21026
-0.267695
-0.347257
-0.27069
-0.257973
-0.278132
-0.0192682
-0.14525
-0.266585
1.52141
1.63886
1.72521
1.13143
1.14424
0.391296
-0.427756
-0.398975
-0.243363
-0.275291
-0.0846546
-0.23251
-0.404994
-0.288094
0.0342948
0.464241
0.456124
0.476161
-0.315372
-0.244437
-0.275135
-0.289715
-0.273145
-0.180148
0.0427531
-0.0923191
0.995785
0.935269
0.844645
-0.0473548
0.13403
0.292763
0.357924
0.685417
0.464612
0.474325
-0.206241
-0.214143
0.778571
1.22228
1.09287
0.952263
-0.509328
-0.563848
-0.446074
-0.412963
-0.407718
-0.572822
-0.416857
-0.42892
-0.330263
-0.0160799
0.104934
0.130161
-0.439401
-0.417638
-0.425388
-0.566375
-0.670035
-0.462243
1.77152
1.73753
1.89663
0.183647
0.420958
0.227861
-0.0519625
-0.574755
-0.233388
-0.369825
-0.300173
-0.613965
2.08148
2.20027
2.15231
0.321393
-0.28076
-0.610598
-0.18565
-0.0546278
-0.423307
-0.44464
-0.623921
-0.618891
-0.390292
-0.453825
-0.449161
-0.370146
-0.503286
-0.523012
-0.453732
0.117086
0.0214073
0.333884
0.328326
-0.0435638
0.14125
-0.27131
-0.225946
0.759618
0.684039
0.839306
0.241902
-0.743967
-0.43641
-0.429863
-0.439806
-0.614176
-0.55278
-0.554558
-0.177019
-0.176084
0.0992397
1.32105
1.5865
1.23084
-0.136882
-0.339037
-0.44725
-0.324076
-0.159086
-0.0565734
-0.0515284
-0.187829
-0.163075
-0.264295
-0.248154
1.53802
1.94036
1.86757
1.53184
0.699218
1.18246
0.909114
0.70264
-0.158482
-0.146069
-0.265488
-0.35135
-0.422554
-0.35469
-0.522157
-0.464179
-0.454903
-0.427322
-0.390373
-0.342743
-0.196379
-0.1371
-0.0255104
0.083837
0.0997597
0.00254789
-0.189297
-0.11072
-0.189921
-0.433363
-0.323366
-0.385841
-0.386138
-0.405744
-0.313416
1.09428
0.820693
1.1821
0.114103
-0.0123263
-0.409533
-0.389407
-0.219878
-0.169511
-0.471484
-0.506734
-0.566824
-0.342641
-0.196408
-0.19742
0.548951
0.39584
0.388356
-0.171613
-0.319632
-0.297408
0.135892
-0.00528412
-0.0234812
-0.283481
-0.289228
0.644514
0.596366
1.53661
1.81297
1.72509
1.38373
0.901188
0.996782
0.651727
0.0185314
-0.298272
-0.418486
-0.579639
-0.518937
-0.424566
-0.146104
-0.247648
0.212064
0.072329
0.155316
-0.403677
-0.296296
-0.308489
-0.237379
-0.276012
-0.38133
-0.309563
-0.122383
-0.11467
0.0285944
-0.381516
-0.453163
-0.594073
-0.443337
0.247719
0.146936
-0.506812
-0.353281
-0.409978
0.931974
1.02508
0.8947
0.399368
-0.349286
-0.0978058
0.663612
0.821797
0.792642
-0.134586
-0.337649
1.56284
1.51762
1.53046
-0.297288
-0.365658
-0.165214
-0.301508
-0.417419
-0.646663
-0.389652
0.122855
0.140076
0.00167565
0.322564
-0.0323218
-0.111642
-0.334251
1.40098
2.76773
2.54932
2.51456
1.04318
1.03222
0.768422
0.639
0.122092
0.10202
-0.606903
-0.447365
-0.461798
-0.254764
1.1474
1.04333
1.08074
-0.486664
-0.572822
-0.453594
0.657714
0.811318
1.04335
0.738636
0.544866
-0.449602
-0.342501
-0.00896554
0.0604144
-0.113496
-0.56018
-0.408302
0.210995
0.245013
0.0528779
-0.248859
0.753531
0.629462
0.844628
-0.288888
-0.17673
-0.289877
-0.235655
-0.443911
-0.00292616
0.142552
0.385057
0.86246
0.699242
0.416459
-0.134717
-0.112028
-0.170663
-0.34279
-0.289566
0.27821
0.158928
0.919262
1.72857
1.80811
1.74522
0.823631
-0.219263
-0.288501
-0.388069
1.26196
1.27515
1.26519
0.503538
-0.13755
-0.354026
-0.0653707
-0.412009
-0.528486
-0.400986
0.00330875
0.00749783
-0.0974397
-0.284121
0.148
0.760436
0.654591
0.876103
-0.448197
-0.453298
-0.530596
-0.571629
-0.157815
-0.211958
-0.143525
-0.31354
0.0844516
-0.283751
-0.28539
-0.361317
-0.186427
0.123689
-0.110418
-0.231171
-0.279924
0.510248
0.552489
1.00361
0.75711
0.896814
0.674629
0.680768
-0.364665
-0.456734
-0.557307
-0.282376
-0.326853
0.892214
1.88357
1.77565
1.81862
-0.294425
-0.307021
0.321598
0.236268
-0.181806
-0.552822
1.39376
1.512
1.48824
0.419216
0.912946
0.575008
0.55097
-0.384389
-0.38519
-0.0513272
0.245242
0.685781
0.726129
0.418016
-0.370389
0.123666
0.121916
-0.201886
-0.478307
-0.518177
-0.450058
0.0140125
0.696075
0.52741
2.14306
2.00563
2.07811
0.515091
0.742196
0.183611
0.134911
-0.264024
-0.0668125
-0.0424205
-0.553817
-0.600391
-0.234471
0.215211
1.64149
1.64542
1.75854
-0.366259
-0.429211
-0.493233
-0.289699
0.56611
0.513407
0.499892
0.420394
0.271968
0.122357
0.697203
1.61351
1.7499
2.20366
2.81625
2.80551
2.83749
0.595686
0.221658
-0.230467
-0.276097
-0.349592
0.752753
1.22629
1.27609
1.30315
3.90273
3.98891
3.76436
3.09052
2.36564
2.31215
2.56112
2.43928
2.43669
1.90952
2.032
1.89467
1.60682
1.20887
1.61128
2.86922
2.66576
2.66037
1.33076
0.935791
1.64037
2.40003
2.27561
2.24861
2.18173
3.29189
3.209
3.343
2.74606
2.77356
2.69984
2.88182
2.76059
2.7078
2.27746
2.3567
2.21086
2.34228
2.66729
2.54493
2.62923
2.42997
1.87365
1.72308
1.55164
1.03741
1.46771
1.53657
3.37061
3.26635
3.33971
