182
1.09325
0.676952
-0.395393
-0.779468
-0.125114
2.09603
0.547159
0.694092
0.0154447
1.91948
0.0272297
-1.2638
1.6862
0.667996
-0.547158
0.0595905
-0.0501031
0.0979077
1.06576
0.539017
0.716626
0.170927
1.20298
1.34509
1.95385
1.50729
-0.551231
-0.383352
-0.35098
1.59998
1.46932
1.84662
1.16152
1.42455
1.20806
1.84569
1.51301
0.474417
1.36244
1.70989
-0.483817
0.205374
0.0617409
0.117958
-0.385449
0.486271
1.20237
0.811352
0.0521337
1.0438
2.5034
1.65917
0.223488
-1.1121
-0.218222
1.02532
0.0212962
-0.323887
0.480567
0.930603
2.08368
0.747201
0.417866
2.11328
0.710779
0.173657
0.564299
-0.0718568
1.27262
-0.205384
-0.368723
-0.0343548
1.494
0.283043
-1.6359
-1.50779
0.472037
-0.379101
-0.526479
-0.61
0.335116
1.9186
0.174443
-0.559431
-0.534859
-0.858011
-0.148104
0.520831
0.295165
1.96744
0.503127
2.3709
0.774551
1.5465
0.982153
-0.539915
-0.310138
1.40069
0.199882
0.965772
1.06045
1.97035
-0.125252
1.29488
-0.490561
-0.0909555
-0.369717
1.16454
0.855325
1.2272
-0.441618
0.314859
-0.849663
1.46292
1.86408
-0.0918329
-0.311649
0.352699
0.492777
1.32701
0.132277
-1.08826
-0.578811
1.04103
0.041049
0.446514
1.6041
0.343418
0.674415
0.170048
1.01916
-0.0370214
-0.239054
1.77118
0.549961
3.45131
-0.50679
0.304878
0.443582
0.275939
0.387067
-0.679746
-1.42359
0.392884
-0.0283679
-1.39238
0.440723
1.19437
1.73957
0.79944
2.07154
0.549524
0.652405
-0.237421
-0.212856
0.677895
1.53915
2.01068
-0.582357
-0.443775
0.461707
1.42117
0.2988
-0.678776
0.179598
0.981549
1.12266
0.554232
-0.368377
0.30712
0.128163
0.856358
-0.716719
-0.0147013
0.239566
0.378033
1.78259
0.427238
0.698237
1.39273
0.132718
1.23123
