546
1.558713891824707
0.1159204043507657
-0.669726338404575
-0.7196447343362894
-0.5986533683262382
-0.5381283577272324
-0.6856411270940301
-0.7498264079546644
-0.6135620031731588
-0.14003300789050324
-0.05240222433248287
-0.49506384625041033
-0.44546290353353507
-0.3269399112311604
-0.08063935147929535
-0.5837462108284184
-0.3056204888752915
-0.30696913196872444
-0.6456071325687538
-0.5741773408112608
-0.5175428343480689
-0.4329224170149363
-0.5077860180415824
2.130682645132489
1.5762993664157654
2.053013410390236
0.6304795567400205
-0.3228526413150441
-0.4056865169619273
-0.6442229849933572
-0.7225493721937214
-0.5892486072549092
-0.660546412381801
-0.6859456361220826
1.7014732537518436
2.4525272560809572
0.09621204009413999
-0.2521478236936728
-0.22784409642659006
0.47748424836420844
0.8088594532022041
-0.1482393189571416
-0.7330415426969717
-0.764546023043049
-0.4080707336956361
-0.2622638949997412
-0.5579558334355987
-0.43964743624716035
-0.50986179275619
-0.4958716624257108
-0.5773652121365676
-0.5705641467195902
-0.27826625351038853
-0.3503961320086499
-0.40952958114026294
-0.6372290747035716
-0.6239217283009018
-0.686989521629735
0.467964847800844
0.4046395211859135
0.040106838691273454
-0.10866671808386835
-0.062446059360621406
-0.40380592847287755
-0.6189415119297392
-0.5566879273038879
-0.6923742127098206
-0.546128407692105
-0.5877540473768653
-0.6838254473072949
-0.7893797267153865
-0.6574627638187581
-0.2909061906267368
-0.2891095781667942
-0.5314803498072214
-0.6963434083066787
-0.5977813396272521
-0.6380057266516691
-0.6029945290365314
-0.5983886636665944
-0.2741382328719676
-0.15509168747264745
-0.2771281940428299
-0.5430948829289699
-0.7142794734754792
-0.2142742074796409
-0.3441911519582133
-0.042909339686747545
-0.44508280454557003
0.7948654776700288
0.8352430311752652
-0.047893616501842706
0.5716875912267253
-0.45656252628373517
-0.7421840550158172
-0.6470294964147171
-0.6060876533341386
0.3801113300641785
0.5473889339326967
1.5024787312914096
-0.7493358518612172
-0.6590929104511453
1.2921599676449544
2.931306878180478
1.0304134479299356
-0.3810509230736738
1.6598047486581287
3.962310567366329
2.7521833067724133
-0.786313956305128
-0.6134856390551391
-0.6285445561046434
0.30295960988290416
-0.0027812803871376884
0.30275859378822123
-0.6617701245067373
-0.5676406093170078
-0.39749703907024275
-0.48047546718658546
-0.33327003473758476
-0.6300544580068175
-0.6454353957613242
-0.4159623896689312
-0.26555876693670505
-0.2438610715503366
-0.5055188925717888
-0.7037331394657164
-0.7372467161481263
-0.6402669349059796
-0.7387155748501785
0.15136555717811356
-0.18986646495334217
-0.40687166680853154
-0.4968745061330894
-0.3686286840874803
-0.5018671360676469
-0.1995315896348769
0.09401678701559008
-0.6678510933235872
-0.6415528225844728
-0.6122712432138133
-0.6044425642612243
-0.53366779614791
-0.5449372865674547
-0.18479463584346859
0.08759593686278207
-0.3558861352551303
-0.5152746677974248
-0.5876249044834689
-0.6468699343007686
-0.7269307059120439
-0.23492319560924013
-0.14216975488545394
0.02616986036305048
0.5190625470657673
-0.04534996405697571
-0.6913108146442575
-0.7061037858036607
-0.6384409189797093
-0.7319019202836278
-0.8000532321603321
-0.5887287542670635
-0.08886920127463714
-0.08023061208104228
0.7378072935230148
0.727561963992584
-0.2462866199160525
-0.36317292656193895
2.002157937548891
2.191440333460094
-0.4584303445953825
-0.4625173645957506
-0.39920163944502896
-0.23892040576409382
-0.3570365116857257
0.9474568089583935
3.036717326746895
1.1584496718459476
0.6623259327181195
0.5251210864973958
-0.2184313838942632
-0.13458913606095818
-0.2973529059639826
0.45623671023329243
-0.3586797208006884
-0.2587676297618644
-0.6152916239079669
-0.7463444151594224
0.011617589208642193
0.7670086375259529
0.053119855801796255
-0.2855464416246632
-0.5851650364903779
-0.6081956208005745
-0.4529374131475483
-0.4763599058018625
-0.10630780561284955
4.774897008126331
3.2977370758256974
2.3493548090062
1.6807025239040467
-0.2655803786913674
0.005484270890480256
-0.08743669831791133
-0.31364154681299283
-0.3375258698389031
-0.34471469787403075
-0.3388032582835563
0.4688624277706212
-0.05718735647418743
-0.6615762889031975
-0.6869893989938068
-0.717897237111464
1.3562383880755189
3.185185438449306
3.2722466651627578
-0.46512121317577165
-0.11611098346566313
0.29823474583596143
1.0626087452905064
-0.578452079689017
-0.3708256493037904
-0.47353162873072663
-0.3050817276395355
-0.14697469121755344
0.07812140254394204
-0.2582536632107079
-0.15731645121980456
-0.1555953596553632
0.7237096269739305
0.5384748607157506
0.17470576112279096
0.07486150167518169
-0.36066733247121685
0.8271483168036051
0.36221348397781244
-0.06700297761195034
-0.29007756295744447
2.0436875730624275
0.9572501018530528
-0.39900523426551754
-0.14326451593408743
0.10538267829360884
-0.25696022271016034
-0.32424895058835923
-0.6965632184137979
-0.46982218968854017
-0.6206873747952762
-0.42629288899093154
-0.2260164123599312
-0.09721028535003148
-0.3504489563625185
4.984517101652708
4.586860843192383
3.4441536592399893
-0.47682624002457147
-0.4266859506815823
-0.49186307108478433
-0.6421433311317322
-0.5855669259926063
-0.6403441984683576
-0.693469642770042
-0.5334118831108559
-0.4201966153714728
-0.30893936626876606
-0.5922606869876644
-0.7280112098532321
-0.7499742459404647
-0.6277673717841298
-0.5353734641099617
-0.553553017768213
-0.5521256435955679
-0.36120388225522615
0.6522233016584146
0.7772504807152935
0.3830377450898968
-0.1711512400701998
-0.3085406471890811
1.2346419403576645
1.978962888004367
0.4162062930893811
-0.5592951199896944
-0.4045671113991973
-0.43537558582447755
-0.6574400931653892
-0.6918651588221668
-0.6369537278971162
-0.07347804764934276
-0.3182193694831
1.0733274215972233
-0.08388535012581749
0.32564762983421947
-0.26259883297522274
0.006383624090544064
-0.4195853644469739
-0.46711234981358696
-0.2117268091684882
-0.2642729384510775
-0.4066107773115056
-0.626649095142211
-0.6795012165777689
-0.6171272864025352
-0.5034038512406954
-0.37179520883951345
-0.14805233729984743
0.5835120866618242
0.03506091271902535
-0.4854719406900032
-0.804816464131916
-0.6515981955668038
-0.6963319180199495
-0.7152689015951277
-0.42903628856950465
-0.524209598076055
-0.29087142359820206
-0.5177006050185241
-0.533407949689987
-0.23220780540978492
0.3685717359019072
0.23576819373503954
-0.4505913297449297
-0.4499842906681761
-0.23000516130514437
-0.3321446712013544
0.18573546406330213
-0.44455685794551986
-0.5348623931758483
-0.6265575937714244
-0.40626078292477263
-0.3062431304410943
-0.4847065830587143
-0.5331219425236207
-0.5831990158043063
-0.7148161510056471
-0.6908807265761447
-0.6801685431111976
-0.6817330063798585
2.109502319563251
1.7521158681494347
-0.10987111443496994
-0.48411348074217486
-0.13039498677144257
1.6240065504891392
2.201250060337502
-0.08648850889502369
-0.37558361250546346
-0.3704523436377345
-0.3036344194534713
-0.32657713770970276
-0.590889792590351
-0.7300181597314325
-0.5209204844830401
-0.36221760808148545
-0.46232506184822564
-0.7179095114763558
-0.5225970293829433
-0.29572944494844894
-0.41111214432565346
-0.38545085712025
-0.6593581163214504
-0.4749212101101036
1.7707192448284959
1.2767398476766898
0.019891493316694483
-0.266598927673611
-0.2589019031566385
-0.7634844074477887
-0.7363469946506066
-0.7492110891535692
-0.4513392722434217
-0.49485632789762374
-0.33623077776635674
-0.13897767536931727
-0.32875905957906526
0.3373964045323722
0.6003376292993814
0.563141947371409
-0.5064389524000414
-0.5858144459435389
-0.4575282056565089
-0.23599842793215597
-0.4992631258901599
-0.46052668831893173
-0.2335193097186821
-0.1793299824504575
-0.007681346290607271
0.06810867364247337
-0.32007440304795826
-0.1416271753665376
-0.6000653450037904
-0.41580044911677205
-0.206033426175902
-0.6687748832950212
-0.6836388237446792
-0.6256084141550756
-0.549093261168727
-0.7066488587877846
-0.5604420675008327
0.6360594720630453
1.024642157547615
0.014233886402831698
-0.3519354320909839
-0.29373094622895474
0.01397879151455541
-0.6389741268032504
-0.7096316043907
0.5365702824007841
-0.11007230492320465
-0.39459028628890724
-0.634607516262283
-0.6267738557561106
-0.7159507286815586
-0.6303029954081686
-0.6598812969172059
-0.2389157045886886
-0.1624251342198515
0.1864718750556122
0.3261783447103672
2.153228119058419
-0.18378229541265098
-0.5531307732904688
-0.41819651284297704
-0.44553892010022017
-0.4746776129371413
-0.7615851381753047
-0.6404437471341692
-0.574335868225245
-0.7023306406151342
-0.5369201171767559
-0.5992578781169045
-0.6813058698910066
-0.6617027427105766
-0.5098516246796198
-0.669565079280654
-0.26647602916814545
0.008282171956369076
0.24930437914207776
-0.15806510250310998
-0.576868051460255
-0.6065972571974194
-0.32734543491533186
-0.43934917488032726
0.6053577342640286
0.5683159305443959
-0.1706105026585216
-0.6068614183050226
-0.6308758106998376
-0.4083477380664919
0.12063534467182148
-0.35022005998205874
-0.3061571542616807
-0.6403853211665014
2.3233129091277327
1.9387406328696468
1.1174096238154805
-0.6514913968982003
-0.34719186084884995
-0.21233523065354598
-0.4194827883983778
-0.6072352850051426
-0.563413723915805
-0.5998445141713475
-0.6607599140453435
-0.5827680763933194
-0.5434367031251116
-0.3889430281374696
-0.31497827752417673
0.3030091665047519
0.5733462342101651
0.07503281706199363
1.292231166126566
-0.05213783956392825
-0.38925624949967347
-0.6819353866240085
-0.6600243662108956
-0.5273499800897976
-0.35005097689309456
-0.5755488066003276
-0.39082705795146
-0.6794706653461133
-0.6510561483666842
-0.46989716206168736
-0.5788060708119965
0.1729915024759838
2.7042329586991243
1.427267151757185
4.166557510804868
4.567206131224968
2.9777134521527335
-0.09621552816264446
-0.2612584424478503
-0.47566432357821103
-0.6494476533364695
-0.5384962167402038
-0.5582995888434641
-0.34699164061811877
-0.496530445087419
-0.4510053756594809
-0.35080540687021067
-0.4070325123790636
-0.12354048238539761
0.04454893433053382
-0.08209306800324984
-0.34812524571537823
-0.21017898943328803
6.879602419505259
4.7483812519958954
3.342810057216315
1.780383437999099
-0.30301301313834095
-0.1767162461910834
-0.6224083649597986
-0.0963810715534903
-0.08797337046731503
0.2766025092068017
-0.12138749059152193
-0.23029801864919766
-0.31810600157531244
-0.06331571076678823
0.24654253233157436
0.2915763608636484
0.3322117130669981
2.8658519225876047
3.227777319176057
2.459837752581917
1.3847613954575053
1.2274388029836336
1.3421565051629738
2.0043706009684317
1.0427834386528343
0.5347917951974549
0.6399080986326273
1.5205791455833304
0.7711310049038875
0.46830601209800454
0.611614884245783
0.4555245233991227
0.40933818019209495
0.48630559560345976
0.07764394424100576
0.0456539830813802
-0.3245023071607475
-0.5756281227006129
-0.3985038721793201
0.29244377674310823
-0.24586891113567902
