182
-0.3915561556355284
-0.36156004498475325
-0.38032834513819264
-0.6170908525881781
-0.060051387651288424
-0.27932033346480173
3.430391392811532
0.20995193087943886
0.7219875588054415
0.5951978681221581
1.6877437175718502
0.42984208495733456
1.9751894809558692
1.728473919250494
1.3421020219388358
0.20550183391609214
0.43459588145261624
0.27592803640976465
0.40433848124391353
0.40537388816662084
-0.2563163003707996
-0.06927015011189779
0.6498303826844614
0.7662254787885756
0.1902822981896726
0.2150235162979818
1.8692492921377168
-0.2767419612059335
-0.8437503887096814
0.14555583731741506
0.04512761034663395
-0.6949036357129457
-0.8217462908939613
-1.1315905263783241
0.05667141591277303
0.45929966105365233
-0.5078370941300564
-1.021625969457785
-0.2877850640546218
-0.4944718609649633
-0.592807548019634
-0.15061071328402464
-0.3690945779157223
-1.0758601646629944
-0.8368708036210513
-0.5164372642686859
2.8976148648949525
-0.877420318805389
0.23923878919523262
-1.1129796754128098
-0.930807492483789
-0.7893926607215195
-0.26627205142226706
-0.3821959954082316
-0.3130512581720715
-0.2521422930800727
0.29685650353733856
-0.6907159531260652
-0.9382695505205931
-0.6814496781449237
-0.7013830188651624
-0.010495956046685663
-0.6707889457895381
-0.03412397444587518
-0.7266019108375954
-0.9643392638196716
-0.8884685900352414
0.5991438078892751
0.4644169101991147
-0.41606468944675
-0.12484978542914464
0.3134162462702023
0.3902693179690946
0.2983473218204639
0.4524177232129032
-0.443090484175105
1.212644554953026
0.5317560378001271
0.2877154749700609
0.6836176220370147
0.25461092574665595
0.4017670092994338
0.2449726843137476
0.7521468435920852
0.8661106958144108
1.735229399922012
1.0049022534577732
0.4300503558466062
1.0966175094905997
2.496176180328252
3.0399323327274814
-0.3618754434953029
-0.35008082133984436
0.6239123507849399
-0.7674761499647524
0.5903844269994729
-0.9127133457914497
-0.22355066584423638
-0.5536484931351107
-0.5918365583900254
-0.6878647796727864
-0.6479892055076629
0.02237402707947995
-0.15400532862988373
-0.8741747478266109
-0.9338952426520414
-1.044370976809909
0.1377162113760754
0.02474706142135061
-0.056419580193517456
2.547429505732395
-0.7753173734577036
-1.0608534406204642
-0.9201885351376845
0.5506913192074778
-0.9975660816254324
-0.6674111554938
-0.8207887558288187
-0.8404409466391152
1.20044572080245
-0.5307998782713136
-0.06670351730586543
0.1941558994719095
-1.046961633979961
-1.0709870638096497
-0.6765367661411046
-0.6780151399386708
-0.446158124332968
-0.5252495637958204
0.47630303971621446
3.5997968589443765
-0.6694900942440576
-1.0523590311905995
-0.8774608830958239
-0.9280015936988362
0.679370753094591
-0.2736813378631016
-0.12401752308784929
-0.8152619881083758
-0.9311548852244916
-0.9764925463983295
-0.6858656506496272
-0.2815003261395599
-0.6225373731347255
-0.8836770953708675
-0.8486557544465145
0.06600601916334761
-0.5724350102429532
-0.5202236417480857
-0.39869701199703905
-1.0784990483562087
0.021220909882114194
2.857503514189932
-0.786109179777935
-0.40226175381076
0.15739583904973803
-0.6580803575746247
0.5562719622127084
-1.1044520993741775
-1.3029882112775653
-0.4101848556778172
0.6686113582030571
-0.07660768345817828
-0.9435089404425021
0.2944315041162033
0.6460346549973942
-0.433161444668735
0.24891409188209443
-0.8987961808378271
-0.9178104174369973
-0.3841367898996197
-0.98315494829
0.539744873808022
-0.9726327277636712
-0.18367900074269272
4.820211755044876
1.232758990202147
0.43068364036275736
2.5368731300872867
1.1871040355259124
0.29524826928308534
0.09378900393593817
