546
-0.09945419358419542
-0.39391212559294575
-0.5704364296785617
-0.5822909972962279
-0.4813187212328097
-0.26440543722391346
0.40962939722282066
-0.34234570989385593
-0.14529323728518379
0.6785989349822529
0.7191887217554833
0.6798672968905379
-0.36028546948483187
-0.429684738149931
-0.49778334234555777
-0.5589779625879989
-0.5255594683833303
-0.5094633552790109
-0.5456304770103901
-0.4960950357521939
-0.4241215162898741
0.38962664113233
0.6755361795899313
-0.17965463348570535
-0.4886224155442088
-0.5374816526297297
-0.4581371424020496
-0.37067010969168485
-0.48174127654822274
-0.011778961320576061
0.31901284804341645
-0.13772571441396736
-0.14493917752434018
-0.19506050470428513
-0.25361889435757
-0.4965732577136711
-0.5001105891458804
-0.46280806184916884
-0.4036685223178244
-0.11340417677266175
0.23130818158860064
0.34830324053547485
-0.4580955647086997
-0.42389741716033225
-0.4626540596398288
-0.5972257434093899
-0.37327064977202873
-0.486252862714688
-0.43407255125112476
-0.4051220414433453
-0.431292430848966
-0.22289672781010508
-0.3685181075924161
-0.5112339458793355
-0.5304446699253537
-0.5843784108376665
-0.5262730100934733
-0.4494072962074311
-0.48158388717237505
-0.5554703622729695
-0.5330560075925308
-0.15193067111198
-0.17038220848063937
-0.38078537435547166
-0.26177568596608686
0.2368850134416318
-0.15488853708050754
-0.31041986819166784
-0.5148343673414957
-0.5696992747226605
-0.5452213942929149
-0.547237721043427
0.840536840403004
0.7890445281430305
0.7439000178327017
0.10548315465033264
-0.5176083004264583
-0.23232094071849896
-0.0982774496159442
-0.19457389682037068
-0.19109489910434893
-0.11243750935327214
-0.24544574363190802
-0.5374789806483233
-0.48039881777680843
-0.27546184175088917
-0.11828299474623839
-0.20846678637788418
-0.19656474630293833
0.7753362135704278
0.24840356345558426
0.230193299278168
0.21526132658728003
-0.14939274384250995
-0.19943901426156152
0.6565702195762699
0.6676817556283231
-0.08684598322032568
-0.5699914370643504
-0.4634999876194431
-0.40335035488415
-0.4758804538214473
10.091267186719017
9.43352658565192
10.845655276624985
0.5678630798146437
0.3076078208956814
1.5358387282271195
1.2253786499915136
-0.5419537571084967
-0.4925960090586857
-0.602995902095154
-0.12330357450130469
0.6550373929189922
0.8514272716294714
-0.49883789110735155
-0.45384357757714366
-0.5718941538698169
-0.5508935977773034
-0.5084548989949121
-0.5625041166340936
-0.41135688480254007
-0.5331988480674333
-0.47040754865189593
-0.31745279378403013
0.04036865155032462
0.2989468443319927
0.38599459958714155
-0.28223039662121224
-0.5294123040491654
-0.3143802880259741
-0.39204127050328175
-0.45129951455957745
-0.4686577214068241
0.20987171031542426
0.14317883696070044
0.5374575342492242
-0.19188761388860598
-0.5823350272789991
-0.3692425262917499
-0.47592082813974906
-0.43907170675720725
-0.41055206955307916
0.7573396315068883
0.6112450934380145
-0.08724917864755809
-0.25368623009394575
-0.5346385716391826
-0.49693849561008285
-0.43716436227266614
-0.5359597244370801
-0.535948742668078
-0.531050430558057
-0.55061867274427
-0.5872226520894798
-0.4904645214307575
-0.544710713291043
-0.404604558049144
-0.4094253104877262
-0.3678886373918356
0.02294057250700608
-0.2072051930889474
-0.36119571977102244
-0.2793783093770256
-0.4044259698186259
-0.08377442701619552
0.6708283645446966
0.08350568694482653
-0.225600258453407
0.24506027834826805
-0.03266733687244107
-0.12352694428743044
-0.6088895047673053
0.7359799234924613
0.7190518958856591
0.6360774185189214
0.1107481479256055
-0.5817074294616292
-0.5496226179122109
0.06978440546669527
0.29696036491064376
0.04270838658312585
-0.3149500441737699
0.021953737889508305
-0.038074364674938785
-0.2884443223212734
-0.4634118503417878
-0.19199970736682737
-0.3565079852067961
-0.28766275186170503
-0.05175589388744973
-0.0015197127225724566
-0.16906834105213805
-0.2524572391749538
0.04916502116229019
-0.1085228222023718
-0.17652600814090671
0.30905281675341456
0.3537908398267306
0.4442553145658853
0.005338308573702004
0.09134986667033558
-0.48409452901251365
-0.41959173060664023
-0.40470377499095256
-0.37565370315046615
-0.5491743822878026
-0.4229627754814622
-0.5045417211110581
-0.47136899210894734
-0.45473043515586775
0.05981230479424102
1.0302711680234624
3.3067940065473955
1.5793967067638
1.6363968478117477
-0.35162181333455955
-0.2753984187163776
-0.4120171447211749
-0.11048159552562921
-0.20545812747440773
-0.49993829521256544
-0.37682131728967694
-0.39776007432679933
-0.051803630618700754
0.23205780232167228
-0.33949439032183265
0.08493683172257349
0.2914850145032281
0.050716021668319095
0.032844486741389275
-0.17987736347101638
0.9370028951089949
1.5332748896206434
0.5077439821142671
1.197135633075283
1.2917023694420815
0.3451187049653483
0.8345992104180051
1.4874512996432923
-0.11676062801534154
0.09468643362748089
-0.5107576755153864
-0.3259611043360804
-0.02536786043174422
0.045333919838672895
0.4152968057875843
0.19290917710316435
-0.0007735092535803454
-0.2939487812712514
-0.029770977169111198
0.35824481627570787
0.09152573471432116
-0.5116785443789428
0.05792396114721894
0.22238849524011522
0.3195163314284319
0.07635608115675588
0.2703195336756792
0.8041625566426559
0.6280366861914262
0.8102047121016487
0.0865837506690554
0.34397119754905053
0.4539420358499966
-0.5342494099217773
-0.5223627192969684
-0.42609185651034287
0.024453798060983387
0.04110363163591829
0.16346262358754635
-0.40485009501999264
-0.5753917644814562
-0.6061411753779525
-0.47343884650038864
-0.43996835171933374
-0.37663244091090814
-0.5025647359248571
-0.13557704842936041
0.8608718872780307
0.4638671180248379
-0.0583810211883179
-0.22486693750428446
-0.2809876991726062
-0.18328694276011864
-0.4612837557531508
-0.520153447376791
-0.46001197266067756
-0.29350525627189494
0.16156186207946094
0.5011596507843425
0.19371786241549235
-0.19527531391149644
-0.3402484456956515
-0.4163462979744378
-0.41007591938202165
-0.4664220808028589
-0.3772276389681069
-0.41508485525630784
-0.34600976581624865
-0.5753140454601421
-0.5930023587807327
0.5436876424673511
1.3751478561217427
0.4556359036275015
-0.42290171504693014
-0.48912834520799736
-0.3989798726487798
-0.1350191199077793
-0.25076984283815207
-0.35699246295817877
-0.21776126284130595
-0.33128230960247995
-0.5320149274496654
-0.5193921770757333
-0.33804409703455285
-0.18532141350049303
-0.3303252999487644
0.06940901578118287
0.003558849297458543
0.5239274069248395
-0.00813474935814231
0.06271013141721517
-0.1169754922343046
-0.41828182910305894
-0.4646716360277652
-0.41137996190475123
-0.4679495362553452
-0.4469833393388544
-0.5540182058753399
-0.5047234204989919
-0.5147015764480788
-0.5137981800467707
-0.32813768501323864
-0.4875561250443239
-0.543648524786421
-0.36322015610466424
-0.24977734635348217
-0.5744170467045586
-0.5761240023206367
-0.590408117407755
-0.47567753553498593
0.21125566488272138
0.33432608992228247
0.12066482512718765
-0.5287406796111506
-0.5188501573074599
-0.5188663121590305
-0.5479741642783879
-0.3069498145665484
-0.40288721479341116
-0.458001268160721
-0.4677037955894552
-0.30949675850010777
0.5919171328666343
4.10120534065061
4.964722148118135
4.748113607738633
0.17660037280107538
-0.048334298763818874
0.11901675571550378
0.1933148661187907
0.8883687717636812
1.1077275768536696
-0.41727519472697994
-0.3520686793128553
-0.28097934101822775
-0.5005861370914614
-0.40870644057991
-0.37447881852141846
-0.380851682934378
-0.17623716861526587
0.27035465657111285
-0.4823665798121695
-0.40707642284917034
-0.177304949504686
-0.20953711176746917
-0.4403769674014099
0.05403452548702909
0.3598348466141761
-0.48039773788390333
-0.4157012888112635
-0.4930767242828067
-0.22165766892246236
0.2832633124432436
0.24679137989522312
-0.22277665095252505
-0.2403291944888705
-0.4300425322096458
-0.4562534882043875
-0.3172278852240015
-0.5732595717966343
-0.3625942943685974
-0.4221378466456038
-0.5584659033091929
-0.38813886750947124
-0.48392736246270596
-0.5691137559511327
-0.23565482769838988
0.13360915223664693
1.03984767638519
1.1019784912118196
0.4218167420788037
-0.11989542205373094
-0.41707655291560775
-0.48248467000306444
-0.1830514886862049
-0.18417065819981768
-0.4414378392749898
-0.4716484271427246
-0.47838909994469353
-0.4082600891541916
-0.544013586408365
-0.4550217684980039
-0.4124011353492207
-0.4587353054070289
-0.5609455247243982
-0.5438351460962664
-0.5698168776001074
0.5018861394806597
0.986836224776004
1.5587104486661563
-0.31275031404236014
-0.07645790671748486
-0.3383076858000817
-0.493155543951722
-0.5960679481396923
-0.14155047823889566
-0.06596339659330315
0.28994064570021727
0.261170943384125
0.46849276464352585
0.18684652265596474
-0.5300117776901972
-0.5588185976668647
0.14941609953733417
0.07703955315612938
-0.5057007013936813
-0.43595177798912926
-0.4220621645883066
-0.4065129384218382
-0.20993129815266592
-0.5888309664700095
-0.5053407239228961
-0.5266480371807658
-0.632332111143533
-0.424611255950658
-0.3473130988170708
0.020677474686838282
0.001319167291856424
-0.2088173788307954
-0.3321646702338738
-0.4207485223027167
-0.43488873031861874
-0.15042897495398128
-0.037582549723500794
-0.4781660273282424
0.6251374656090696
0.11108016703275977
-0.38601893702988976
-0.26134149621698366
-0.32798680984559964
-0.282428880182899
-0.33531561595017045
-0.26376518384134195
0.8662446701807606
2.1309839093236476
0.40590126795311227
0.23262994869324055
1.080884339835018
1.0680555185591545
-0.2031767214865531
0.4160012719083148
0.6547686448847114
0.6909746482312646
-0.2592120644282086
-0.13043535096316877
-0.2633843996427096
-0.26319894120646325
-0.03180811704480881
-0.4242549578494671
-0.2195567801246574
-0.3952715510227108
1.968644396239281
2.072908584109255
3.1308978930337035
2.5748638561472172
0.8911719807652526
-0.41950882184040683
-0.35382100204449607
0.5089485543845735
0.6923248572779473
-0.2796440943464751
-0.22589173630814197
-0.3527276282951454
0.3033561967357422
-0.10643867008111349
-0.06396235528617004
-0.002987186753674415
-0.19046484799818886
-0.32716913707268247
-0.4676723162773737
-0.25548662650418175
-0.2747842676924951
0.036549830302574714
0.4735067403588992
-0.3773042303591713
-0.4299515444290884
0.04702580918350456
0.09706324762258843
-0.08292738625614621
2.022759934968159
2.764891015156111
2.8417277293444605
-0.15087765580542145
-0.19968252382044124
-0.03919423852017416
-0.1729885367278832
0.0035076033142542686
-0.25758925699692203
-0.4286226781218652
-0.026911625337609185
-0.1299828255227557
-0.20865246814356614
0.10602956932644081
-0.12654088623801943
-0.41804953783069115
-0.45262199831796146
0.20277585022487166
-0.16268556751832952
-0.2171789281642304
-0.1870294297704841
-0.29324431091575015
-0.43909798844115566
-0.46865687292135777
-0.07327655802384937
-0.1890222137658967
-0.16417853744005986
-0.543775834055092
-0.5747895152222874
-0.03139611441240336
0.7095356963834686
-0.16207156121895297
-0.11499144319084534
-0.13133399305776383
-0.13138667372788895
