182
0.171043
2.97076
1.09645
0.0584901
0.289712
1.23274
1.19336
0.0139147
1.62689
0.291866
0.63327
1.07496
2.17908
1.07403
1.14026
1.18322
0.494902
1.41044
-0.230251
-0.568987
0.39784
-0.328811
-0.12724
-0.00746401
0.333329
-0.0281696
1.23335
0.489708
-0.567219
-0.876692
1.39922
-0.154799
1.06919
0.403561
1.48537
0.100021
-0.0619943
0.174544
0.380943
0.0745775
-0.522729
-0.62837
-0.436474
0.00447721
0.435251
0.29905
0.352605
1.51082
0.318607
0.328848
0.607078
0.151351
1.18055
2.0346
2.09065
1.88749
1.39334
1.93795
1.42121
1.57361
1.3492
1.78406
3.08985
1.44778
1.97287
1.06781
1.13271
1.18791
2.15757
1.34308
1.83813
1.22641
1.72788
1.35622
-0.0530943
0.186357
2.36155
-0.119163
-0.618592
0.128781
0.581775
1.41627
-0.427933
0.369929
0.702535
-0.403199
0.0110562
-0.0239262
2.2638
-0.12969
-0.186058
-0.804169
-0.275287
0.652002
-0.32065
0.61167
-0.654077
2.24087
0.0459156
-0.834832
-0.237699
-0.387945
0.402975
-0.0762873
0.274725
-0.527236
-0.579632
0.199349
0.352523
1.2506
0.917714
0.187511
-0.684646
-0.709186
0.116492
0.102259
-0.466905
0.0293889
-0.0792571
4.00386
0.040826
1.92066
0.399556
-0.38356
1.96311
0.607127
-0.431322
-0.496899
-0.186477
-0.0459975
0.0723806
-0.187676
-0.642269
0.243467
-0.428376
-0.351923
-0.385978
1.44084
0.908656
-0.0784125
2.80832
-0.59613
-0.0629358
-0.20889
0.0700654
-0.51339
0.107832
0.434203
-0.704256
-0.263962
-0.00801475
-0.343181
1.2315
0.51967
1.47834
1.15053
-0.502143
1.22288
-0.726692
-0.548284
-0.565918
1.38252
-0.262139
-0.645016
-0.484315
-0.659405
-0.460788
-0.462324
-0.598359
-0.694335
-0.263779
2.50014
2.32913
-0.285845
2.03197
-0.11079
-0.570725
-0.155989
-0.425778
-0.476569
-0.57416
2.08274
