546
0.6010020995477638
-0.5111199657306505
-0.8884215649690032
-0.7582458700649003
-1.157985572430128
-1.5843212410938035
-1.4971761543887152
-1.2367651603366034
-1.4341581009717594
0.2827548974588629
1.3168163898969694
1.0400670585243088
-0.23616930798407723
0.2581930101169328
-0.6070103868636691
-0.3160807836336301
-0.613652170107581
0.25426506972952234
0.055221450929187614
0.41849278840403237
0.0667885164382153
-0.2628975139576885
-0.8103835462451648
-1.5694213855931112
-1.3413388772799901
-0.9384457492806484
-0.4221513126410792
1.3508793265651171
1.0834119164747786
1.093451059815189
1.3530919477131302
-0.28822842880403776
-0.1766785419371821
-1.1793939379122207
-1.0472964616014133
0.28794111088381436
-0.027938824086660274
0.06426115713565582
-0.009232328914496844
0.05076546893604025
-0.07250100562826248
0.2951214535695769
0.11402947194811358
-0.5019627484580957
-0.3613868004784529
-0.10732788512944288
-0.11690941781952104
-0.20367704315962032
-0.7293504534903316
-0.08401579456406694
-0.6308223288296542
-0.5060824074400192
-0.6490139927845161
-1.1633176081121714
-0.5654819222283148
-0.3064022283423633
-0.5117637902710809
-0.8390187342402147
-0.7565775462467783
-0.6683810788117898
0.14560325129491208
-0.7130764247300582
0.2990427165747751
-0.24871603873838724
0.4855983166487996
0.6614484058553071
0.9165103220337225
0.061309040637871993
-0.14126513699069104
0.41404628279484
0.5018215630170726
1.031043761673452
-0.7573319507612607
-0.8376173422143115
-0.6190458538016569
0.3462496927663886
0.3431814138513811
-0.4814313481169821
-0.5398893772921416
-0.5146958791331034
-0.18753062493349168
0.7562147563713865
1.1489504675642956
0.3509726628577086
1.6025770501540564
1.8156112628500538
1.3728170369803463
0.8054895538900496
-0.24291247784423342
-0.2624287691394886
1.1324061243856733
0.8215965934811722
1.3799295049288596
-0.3077905758582874
-0.3921600114581207
-1.55088845052184
-1.4396463157856536
-1.3744584431095996
-1.6279085106043822
-1.5639809195947225
-0.7092979193830343
0.13334186837722703
2.0794913617950974
1.6113937950599213
0.7017578773444607
-0.833958966675821
-0.23965843558265443
-0.641126955294077
0.28965637026709445
0.11646167777576417
1.1380990519812637
0.048169897591062875
0.16242130787807207
-0.04520197132169024
-0.8961934803740047
-0.3501348015309877
-0.05297262372312031
0.008320772408708542
-0.7420283365696823
-0.6577189465936956
-0.9446150426263454
-1.1454905265125634
-1.142300878942547
0.12331178072744887
0.35343366547679866
0.08801476082101398
-0.5044812769560779
-0.1422015298083772
0.4015993990277747
0.539431666563956
0.15938742395156458
-0.2987311945518208
-0.8292438787806808
-0.46289729515907885
-0.5980758012440418
1.0466683638726721
0.8470848050351673
0.6860669420676722
0.060926409847544966
-0.847228505057931
-0.5218256881885012
-0.3263620150723429
0.009600938154547066
0.43560921452369833
0.40740596860468925
0.4429796224356842
0.6469199566866978
0.5522733058484751
0.05296257015248368
0.1341773098310039
-0.11725202302223901
-0.18318438568352358
0.020738270427248025
-0.5340129937040983
0.5418104742452458
1.42504434541757
3.101240932010089
1.883565051477091
0.6243222601676917
-0.19476544257050318
-0.021086888870064997
0.010617697474142412
-0.0806983856734777
-0.7067606273329867
0.5214040712048883
1.2634545575151899
0.4725529955772343
-0.9008023660275237
0.33042346121067445
0.5138888653145396
1.4369268694973374
1.342498745052841
1.943170545081529
0.14420268059939206
-0.09780589852920506
-0.3635251521461051
-0.2532266696306975
-0.3763862383367564
2.8037428171522096
3.100479858308164
3.06580784703789
1.2067557537125404
-0.7376319083999121
-0.46249895607952957
-1.0755522733801848
-1.2874097517598622
-1.2375256806219619
-1.2773216569173171
-0.9007404098738863
-0.8624698494459712
-0.5871543277466308
1.1588920730681136
1.2150989057736508
0.8186198479613034
-0.3638160129002555
-0.8314482467535768
-0.27690484825741063
-1.0606348214573775
-0.8990321260761023
-0.7098702386722495
-1.1087961647241038
-0.9363153326822549
-1.2869484799082038
-0.8632438814812562
-0.4254813319337378
-0.7532554322255179
-0.45107680163496605
-0.898556056849259
-0.5423119128869766
-0.6937009584740496
-0.6692961446333403
0.6863713055671984
1.301912816743378
1.4187325225544112
1.399460956588903
0.9327670024559014
0.2935635889651789
0.43487992717183005
-0.20656254169509583
-0.6351838261707641
-1.6010725683444118
-1.5298525747517548
-1.313889137909022
-1.3483373148934277
-0.9120802848506594
-0.7342563681525943
0.11538632400122122
1.558401199000989
3.6976540660912924
3.127995109361334
0.9191346285272916
0.5045953433524331
0.06030276377409125
0.08946671177531865
-0.6064483042420995
-0.5011746120517245
-0.6913436643253423
-1.5300298351532433
0.38290672196664416
0.5617944718455891
0.8290772974055145
-0.5690346628888551
-0.889412763331461
-1.0739120637249895
-1.1445248506099
-1.0608785935476015
-0.9467640151583238
-0.9786572077104686
-0.2752170421074263
-0.41066696132068886
0.21501733328481487
0.27743404894937934
-0.2578539838035821
1.4288896231804022
1.3372740259633176
0.7799771500125446
-0.6790706837379147
-0.5998684421493526
0.2414536295938078
2.074776079506467
2.393210337739169
1.323141694693122
-0.291110227299687
-0.9226224906480874
-1.3850508640928274
-0.6611052183986653
-1.0420271447989122
0.13838058412267615
-0.36067990608313755
0.128355696854191
-1.3214695452916492
1.2649463256271922
2.421874324255628
0.9999899263423487
-0.6013310705666479
-0.6268305440220985
-1.0333854258440114
-1.1119570912860381
-0.19559091554118158
-0.1536433615996926
0.20049705315780753
-1.200230690982566
-1.2195838085159696
-1.1734832754405957
-0.7968070491245383
-0.46625126944576784
0.2762899620569328
0.6792990720377828
-0.2951470354923697
1.603451210450013
0.2892375385403879
0.40663722374718775
-1.635555869307825
-1.3383693444343825
-1.405369444622209
-1.567033239219618
-1.7046238210594111
-0.8470743587849904
-0.7133787196609148
-0.3946511822743137
0.6722524932548954
0.9133624232720104
1.0298807293590286
1.509389307495909
0.6768599448458551
0.21532172791528167
-0.5365993849826107
-0.6706735022061491
-0.47135522364904375
-0.4621717875906644
-0.8071588178852189
0.2935560375514515
-0.3479687240482523
2.5735815332570118
1.7475600946561125
1.879365141093589
0.44276804213091003
-0.07248069601380598
0.3164375585052982
-0.6924996810480768
-0.5347913185233971
-0.7372198842759781
-0.8519916689130845
-1.237419083237012
-0.9721761561113715
-1.3257913850443444
-0.7921754435724201
-1.0756149811592046
-0.3556097522013204
-0.29332462340968884
0.2989097840280029
0.20922247444008488
0.22624955917645695
-0.2659625629246185
0.08240622858933064
-0.011785607307003107
-0.32093211896699203
1.1154557296750398
1.3197123521442347
1.71791853486035
0.8858426284940079
0.06088864132839698
1.7227455987666298
0.37588992051068926
1.4596341906240033
0.3493840351498024
-0.19408140424699813
-0.38428201038390886
-0.6753218279873732
-1.0351873350756904
-0.09608153550927863
-0.8469409596447861
-0.8396293082882503
-1.255138235888826
-1.210123544229675
-0.9918752080355075
1.199408324607015
2.90611666909472
2.6998538723565124
0.8163902332466153
-0.8621947867024854
-1.095009070833484
-0.49405792681195865
-0.5833557938219079
-1.0752602601825532
-1.6149954128251698
-0.9528700156014668
-0.641214968171095
-0.3811986956175428
-0.17074134588541237
0.4070546900307157
-0.09826751921308695
-0.11894746109846885
1.5211326626256991
1.2558091951799661
0.5808441733939673
0.1384143850168592
-0.49819412937121144
-0.31934644833918885
-0.36581918908705385
-0.3587922744582744
0.2798224004649588
-0.3043728145389572
0.18256134824988948
0.3167561366715394
1.7713141685823113
1.2018483850903414
0.896742744528659
-0.2981085315210595
-0.8227052142419079
-1.253161857530968
-1.1157698022278164
-1.1075078678680805
-1.2366947115855071
-1.1298937404925307
-0.9560734303829846
-0.020959159649406478
-0.13748029515902127
-0.08877200424948276
0.016207094921808003
0.2058747150313913
1.8330290795940625
1.9290336154688783
1.4107210733120974
0.044351609248305356
-0.3343852545870489
-0.26509987005097957
0.23510432992383354
0.651591904286158
1.0249196713337543
0.8322131106586876
-0.3187813992647491
-0.15571526012369424
-0.8379007650931728
-1.0537010332137584
-1.1634028249513229
-1.22950842570323
-1.5214450508863062
-0.058646793847321105
2.147970545338872
1.9641539433160395
0.8202582939161437
-1.691081425717461
-1.3301816689602055
-1.480764698253297
-1.197696594614178
-1.6322255474033218
-0.41845184033109367
-0.1798702691974495
0.8923771647710579
1.4721461870982988
1.0815949955391324
0.4853506644489834
-0.5763611187744652
-0.9468379326891228
-0.7223042582563083
-0.03164948513984583
0.07141749259590148
-0.18091539578377214
-0.1890139982691287
0.7005229265032806
0.8013216300442304
3.0400378584909276
2.7721567012549317
1.4515097604041793
-0.3013467752364746
0.1907939829173623
-0.17882440881640185
-0.18391073663473317
-0.4562163931050415
-0.8882834331000898
-0.8114382076067286
1.5616774292786333
1.121537664447757
1.1204216511936311
-1.1865445516932325
-1.2316965663044885
-1.2739657593173896
-1.1199788777013535
0.1883608401256484
-0.09612045400674872
0.6470788485580654
-0.20354919766733626
-0.3278303556996949
-0.39838380027650205
0.13093311786936135
0.5796779296910559
-0.005398039633480185
-0.5466996444756003
-0.3135423751249699
-0.10154947069306004
1.8962926490159664
1.5706517240173243
1.06274950250711
0.3788821451604128
-0.9493450021141691
0.3101831138187047
0.5932875715555026
0.4007155588545541
-0.13813893819268708
-0.40939821292639583
-0.13382267227447936
-0.188406500299601
-0.08669418845073608
0.2192995239528903
0.9730762081621406
0.6934328471273342
0.4139453265736012
-0.523444059898724
-0.9428029143810535
-0.6419224574141645
-0.25267347343892343
1.5590868489073886
1.8124827284860967
1.863804898519298
1.499139869497491
0.32228304511656486
-0.2048174685262731
-0.908725521923562
-1.0221877115714606
-0.2611101939071574
-0.2572567483038861
0.00827097141256327
-0.4627594090140936
-0.48266569777107643
1.916902351536945
1.7915306143136918
1.7653416991618607
1.0833296515371849
-0.685865937563073
-0.9587239901818634
-1.0915023025366155
-1.0806693509200265
-1.067411398258465
-1.4148475820735247
-0.6922439249407191
3.0818721731907437
3.03577931631079
2.9252553203957903
0.38658867748776343
-0.9040676511032463
-1.0339471773302173
-1.5163886239803217
-1.0400383577077439
-0.6396558688968015
-0.6707980756926449
-0.5046920379890057
-0.7827842246038592
-0.3939079784122762
-0.10313732904823707
1.2580034066041936
1.3970182956460764
1.165163675969187
0.2909759206981406
0.4101196949433966
0.461674604007489
0.4934017476345176
0.44467548212697083
0.48528413402506176
-0.4350919765805345
-0.2669433494756322
-0.8032545941162609
-1.0589855241577844
0.8834308252879609
0.5352970726184805
0.5524835618375837
