182
0.975144
0.351386
1.16539
3.3726
2.10128
0.926622
0.491123
0.377697
0.145291
0.139644
2.23912
0.871779
0.367345
1.44965
0.396963
0.395518
-0.544065
0.670995
-0.840603
0.161417
-0.488708
-0.375196
1.03312
2.54187
0.155822
-0.415018
-0.451041
-0.384035
0.0132055
0.878074
-0.0641454
0.46739
-0.290343
0.195305
0.843652
-1.01757
0.804245
-0.0335015
-0.0993425
-0.740354
-0.104357
0.978897
1.38183
3.13907
0.600275
-0.419147
-0.730836
-0.188426
-0.563101
-0.722506
-0.745208
0.511753
-0.325624
1.4592
-0.720044
0.0277108
-0.0171608
-0.443105
-0.474749
-0.15984
0.505896
0.486638
0.188809
-0.291187
1.99414
3.76806
2.04957
2.25862
1.2011
1.61534
1.05142
0.358709
0.763687
1.19126
0.193997
1.07065
3.66293
0.902655
0.405877
-0.291439
1.06831
0.143172
-0.141764
0.49381
-0.419811
0.22458
1.20421
3.43992
1.34401
0.208358
0.0354448
0.236353
-0.85309
-0.58054
-0.342171
-0.520471
0.556859
-0.248024
-0.693376
0.0101006
0.423883
-0.770159
-0.121531
-0.670742
-0.89463
-0.590586
1.57033
0.813344
0.163789
1.01373
-0.52006
-0.672494
0.0414222
0.11164
1.04779
0.467688
0.535978
0.574012
0.696698
0.837259
0.671784
1.03885
0.160258
0.233663
0.292539
0.32862
1.07112
2.13605
0.855651
1.29614
0.4288
-0.237839
1.20029
-0.189227
-0.673817
-0.429228
-0.408861
-0.492427
0.50004
0.154434
-0.0218727
0.0876467
-0.496281
-0.707627
-0.315261
0.913895
1.40214
0.486301
1.92926
0.512278
0.0904401
0.805326
0.133752
0.681944
0.16434
1.31942
1.71307
0.00440605
-0.793722
-0.524737
-0.48408
1.20321
0.382853
-0.244086
-0.0575985
-0.0712093
-0.31168
-0.0725317
-0.50529
-0.84318
1.1915
2.24408
0.961161
0.0343657
0.281442
1.73214
0.781439
1.84806
2.03884
2.10034
1.19706
1.97033
