182
-0.4214823145868827
-1.2172109490743428
-0.68845504458571
0.1509280923985723
-0.23671411893733793
0.35141408818538505
-0.9707116428363581
0.10741672246481092
0.032899178251721665
-0.9967409656197367
0.9346299324677835
3.551292793737932
2.318601891893778
0.5050179809809177
0.2282098787463076
1.5413458720913498
-0.8825165978581336
-1.1727319999467174
-1.19580781381826
0.3174493577321054
2.164231363578604
-0.5816598651770711
0.08968921152909112
-0.9638732398851287
1.9395929572445194
-0.10988390092696516
-0.9414002148528612
0.6463532659514386
-0.67910464346789
-0.7252802036870214
-0.39710747411538416
1.2511452881618985
0.142619340317118
-1.1791237234827616
-0.8974415372158464
1.5352854443189679
0.7758147699788235
-0.03376848304367858
0.5612970498141632
-1.30662644444819
0.47742034965677355
1.4692973832481457
-0.3572206871381194
-0.5770154627607806
-1.0148460806846802
-0.3707871359367285
0.6384542388231703
-0.20902979704077032
1.3146603480620753
-0.5292319828926575
-0.46187286331938693
-0.9455310572683303
-0.8075077865330326
-0.3154728786373408
-0.5907136060067318
0.4572162891432663
-0.5091477071720567
0.2987704467044143
0.030614646692958124
1.2898114782412489
0.07901090728927161
-0.3553011286366285
0.7652082288270942
-0.07453383873309156
0.6023137869191731
0.4228931766051967
0.49683221360994323
0.19523100540090915
-1.288564918782624
0.4552065912157697
-0.7499949065626059
-0.8305801636655504
1.010048093167153
-0.029119274778273856
-1.0137986278778908
-1.0886301274067114
3.644541502466797
-1.1802711612813148
-1.699001535049191
-0.9524107722919339
0.4432106704259031
0.7095487867709379
1.1754182471559174
0.3532946116198771
-0.22682084454945642
-0.747209389608141
1.507135536379351
-0.5400695209320339
-1.2423633170449508
-0.7706641884184042
1.3499353551465332
-0.40653881576517403
-0.9376863330533589
-0.4098166489408272
0.12896717232000116
-0.7835841286355058
-0.42467279887415593
0.36123912048570544
1.5649291868486945
-1.044051733635423
-0.7820235092323538
0.11861015302407112
0.30190610876276236
0.83554354421473
2.0854199147068204
-0.16658782032778693
-1.2269505105513028
-1.1433380767967094
-0.7297431188547994
-0.34336005922119844
-0.14206774924711227
-0.17740169788612992
0.7491797708285207
0.13371418765338836
1.891829769505708
-1.0697585815147328
-1.6472124138688407
-0.5600773753541184
-0.7418628542978017
0.7582038791893699
0.5371438725392578
-0.5591034992030017
-0.045519643534552165
-0.6955231766019386
2.062993220736972
-0.4855673456090869
-1.4596109479215742
-1.0441920768660569
1.6990905422976843
2.0694138821741186
-0.16786212991818514
-0.5951615922891356
-0.7208888661900813
0.5839833153463058
-0.6956653575227657
-0.6413968769048557
-0.1886400928679729
1.1789837913226011
-0.38265548774731145
-0.23442403809521883
0.6034379155887699
-1.326589849286534
-1.2188200699643532
0.42341222746869084
0.004279644164000786
1.684123753027846
0.08290221795760272
-1.3337775025630654
-0.8397368139845762
0.1124960639425267
-0.31201426016209466
3.0572381830930078
-1.154517833686786
-1.463074383194884
-1.4261429508141419
0.13860727448889273
-0.44963625493000775
0.016325874397432515
-0.32278894903685973
-0.3475460945188804
-0.0012524207038367616
2.216364814841176
0.6723616651498333
-0.22348627010381197
-0.07718006747879612
1.3362444862632166
-0.010382158044100054
-0.27473557505646756
-0.28331791336485984
-0.42832285418391125
0.5465191587333277
-0.7074612100885924
0.021404842903170882
-0.4718650318766058
0.1864194823110578
0.652171235649611
1.6214270465741323
1.7773903576586179
-0.221862002621854
-0.913843163832911
-0.5050310014255963
-0.5039041227585057
