546
3.98214654286278
3.4214808539630552
1.7301946997204554
0.08041361744156489
-1.2167522487059148
-1.2055649641069772
-1.296647509272157
-1.337311067871979
-0.36407077800087184
-0.48358410221304127
0.5299126408073078
1.1108799087573842
1.2808146018368367
1.0087495852276451
0.7026187888338996
0.6940058186612714
-0.0251575579861094
0.10393860040752641
-0.6219767539260976
-0.813038113506561
-0.6235683778327684
-0.14783537623216794
-0.5022678695488465
0.8689249881762471
0.8746664524426015
0.1591531305223567
-1.2995158939849158
-1.0724224039053407
-1.1152319260142545
-1.2436798464704435
-1.4845639124030128
-1.4731698166254092
-1.4288578752866066
0.9421526694946611
0.884635428731161
-0.24913785465164945
-0.9794443250345437
0.3131052709701418
0.35353527586120403
0.8715291293894956
0.5036700867649008
-0.5769266945811107
0.3390092948734524
1.7394007623812808
0.8584282026327823
0.10721978096074823
-1.0769533421531954
-1.2475868308604554
-0.8940619293204507
-1.2623951272868417
-1.305148180828673
-1.4834836277487435
-1.4121595655250698
-0.8821155741725366
0.1664397450251924
0.5604952193914394
-0.08639233122929402
1.3929231480230386
2.693466056075842
1.915600103288923
0.5460763290807995
1.5661688917957537
1.7844235804712927
-0.18153269122814558
-1.152861395768721
-1.3770135801793864
-1.365423634801844
-1.341577471919678
-0.9454749973472851
0.13580288188003148
0.2353370162912277
-0.1188800614845407
-0.9995820126329852
0.0156567978141858
0.9392080197863201
0.7500214807012678
-0.37604436297348515
0.3447799966717813
-0.055448730684757336
-0.4855001681626375
0.44765500280383874
0.33409022134855776
1.4796438127473308
0.9551145298202031
0.2982301632874749
-0.8126344254872837
-0.8938343642971031
-0.7775191023784103
-0.04425037972964513
0.4426720168423938
-0.2956226534729434
-1.05951985871154
-1.2586284828038392
-1.1871300284255353
-0.8215122856331041
0.5806837614428766
1.4619652288592018
0.6441594870229025
-0.09309233074399514
0.5671961398253016
-0.651086538485415
-0.8920152689249773
0.23868532446557936
0.8235186448031661
2.178210964344704
0.4081398916180578
0.3667111184694619
0.3390309078203398
-0.36173657392450803
0.8838916407858484
0.3096706027327626
0.21608731901594438
-0.45653039556395814
-0.6284348246513917
-0.3532972817218688
0.34547479460702873
-1.021596986527151
-1.1730811791292242
-0.5114854689676576
-0.139412609851027
0.4066370616421909
1.2662404149042785
2.5719426022717857
1.8044113679364226
4.674618746052032
2.5999788159519817
0.9928924492459936
-0.85059258343728
-1.2861481946016304
-1.3986623215907132
-1.4723831814921047
-1.2613806388220916
-0.9734497445095037
-0.7732096721183319
-0.4492035218438387
1.0188793335986377
0.1459190134651219
-0.13762744429301385
0.10317530088485784
1.8613191140907086
1.069458294396326
1.0888431013416133
-0.9963996335320869
-0.6111298873262878
0.2840696109116483
0.04000348173857263
-0.4002237477297241
-1.152215994501425
0.6584738969313384
2.02508871324289
1.3499920251895492
1.2241914474699638
-0.12460513370241873
-0.5626598047108907
-0.5377388272228205
-1.3453522638852802
-0.8373296019451059
-1.0571810275140758
-0.7530812227615694
-1.3912038400016824
-1.4102963209721155
0.49796721991575743
0.864416630833134
0.4968725622328302
0.17769404242805112
-0.8252199109221697
-1.236981009114934
-1.3479070613937931
-1.275562576555184
-1.3422911878360264
-1.31852026037165
-1.5613656927534625
-1.4378217878928994
-1.4111032034671336
-1.1560031000618505
-1.1416167839083815
0.971224473140701
1.7526331163368476
2.1499543644100894
0.5091337042666657
1.1184708471310019
2.621949298422337
1.1578307739320424
-0.23061639131270154
-0.23534050345724405
-0.8510637786648054
-1.275380442755253
-0.6101858505957102
2.0218115218997563
1.7288331832776387
0.8276081285327485
-1.1179210517864295
-1.3697963585765562
-0.821780812203111
-0.2048005787218151
-0.23134989880026707
-0.7995730586988338
0.06986947574555866
-0.1797769708898422
-0.7452520007792148
-0.9886185514349958
-0.8518961986510863
-0.6283976276910139
0.47203363009252186
0.4026702620900411
-0.08806287188895835
-0.08809914799287012
0.42031847759732927
-0.19699696656708354
-0.6619925639932588
-0.7259954451110149
-0.9711002685886815
-0.8114872495153727
-0.8945232868129648
0.694848924148701
0.6700560078309815
1.4473598344306355
1.1516006547762199
-0.08803873298122188
0.04311131302310631
-0.178109631239149
0.3978252630464157
-0.04113421765571512
-0.7101833151133848
-0.10958824231551038
-0.2381189002257253
0.755635122061637
0.7208415365672889
0.5491363333061458
0.3387683469840593
0.015306011793330729
-0.3350762314415493
-0.20970484097944403
-0.6550705687428402
-1.1549049777508693
-1.1736013176825173
-1.1867048016374944
-0.022178281171421364
0.6787619457644886
-0.228721645846182
-0.061699169119029625
-0.9631867040812808
-0.6945920686419716
-0.6370814864466411
-0.24451689913639768
0.15918707501197357
-0.20436414809897496
-0.3711931059131291
-0.039583957064616766
-0.5284343674428372
-0.13359677649964796
-0.12954507033127965
0.2921524303401745
1.8117520593307401
1.4449807422494976
1.0269481236068063
-0.3773192570775608
-0.7906568607185224
-1.4410388804819632
-1.4276997495762442
-1.529348268417635
-1.2349087172095565
-0.22095376953270485
-0.3376422555573793
-0.9877867550226164
-0.9200784869323466
-0.593940262406892
0.29788081671584504
2.0066889779200974
2.050509119159196
0.14514492801140366
0.3382376581514412
1.646882774430936
-0.05601401638639602
-0.5296864609043217
-0.14552411333763812
-0.1991530050090224
-0.5956617674556678
-0.48191624935102895
-0.3639081571871544
-0.7331922569815551
-0.48566465208328835
0.8717155403436103
0.8860913355925256
-0.4698903863416569
-0.30265231687997307
-0.4637610316390097
-0.36934267588485364
-0.18176470276215892
1.1787344139024705
1.472609746599135
1.9153492392240938
-0.12909399031397248
-0.13626069187548404
0.08418319216398144
0.28707602317098724
-0.24496535674711295
1.1744349436968797
0.3878750078440554
0.4720650503417802
-1.2204479165205175
0.26116742660747433
0.8045538357865043
0.8465405732037538
0.8019631778327199
-0.13770574483271672
0.2450405619189562
-0.05256248394265618
-0.3425139479930111
-0.1635458081910777
-0.28425398970855814
-0.6302505057560983
-0.09442637693626445
1.6213702611337284
0.789986376510005
0.40098980837586373
-0.2906224401738184
-0.8026956513906925
-1.1417163233923413
-1.257120052834124
-1.2880265999962237
-1.4170196011740275
-1.0464139527109633
-0.164843451156661
-0.2512009431479817
-0.7924744264716109
-0.9990397990529699
-0.8408832263470519
-0.3450160989444416
0.12418323805518394
1.2720083588894866
2.0675218766045402
3.178639423807196
1.587190754876743
0.640824063950616
0.3139044977587609
0.4464080724129156
0.07420640159512995
0.7071040960164443
-0.6984488145002536
-0.9142945690326851
-0.462791401611404
0.10372522823126729
0.21521560807721538
0.18420310582413632
1.5177667561574695
0.6963958323017775
1.2651116403795812
-0.00977968023633576
-0.36435845416813456
-0.5677600453079373
-0.4968568168716214
0.22674459306324565
-0.03570232309989019
-0.24248794086501516
-0.8400986201873513
0.38836235107555334
0.7140139710789962
1.218096454570559
0.44176799935570804
-0.8129346688390605
-0.42263371313453135
0.7475289102279568
-0.29807024350245864
-0.33371604571167635
0.39577065318714694
0.029711953435772365
0.005472261746155701
0.7863913867936405
0.7192911269877402
-0.35011302446791465
-0.22200543589230937
-1.107240536324678
-0.9298358379531042
-0.6696613873399185
0.7306293261367303
1.7637645975689962
0.7881398674216376
-0.5278021248929597
-1.1354883284679445
-0.48879413664912164
-0.9124000222517127
-1.0490202920970026
-1.3442495814689641
-1.359265088247642
-0.6306703805124275
0.6114081197461021
0.8300968889828588
0.4293095472890832
0.036576101562149736
0.22067428899249575
0.19975774093910528
-0.3607458442499232
0.1646494593187138
-0.058716770024900375
0.2707652664371413
-0.34170742055592634
-0.6835408967759826
-0.31337024920602136
-0.018443335807625808
1.5619928334236883
1.2991585300030306
0.8413726821217177
1.2396753199259358
0.9326736905972071
0.4314283421366431
0.7531736646437469
1.3786790986784119
0.48527680202502577
-0.2959183106888778
-0.40409858032674406
-0.8151922528530097
-1.2086554487499197
-0.6361864406766339
0.010280037124936423
-0.08454388897975125
-0.32435452981395124
0.09861576863140632
1.3050836582034226
1.0323366829093068
-0.6553911878883888
0.22857832011907556
-0.5831704261571022
0.5369115778906439
1.030343808080202
0.9491123391513954
0.16929560804590005
0.5549673336112249
0.9117199599370174
0.2154299151570334
1.3617009913773594
1.0673281979161897
1.1258831258594288
0.39441188063345084
-0.5018616371659431
0.019872852776048187
0.2799607149494101
-0.17836403206051418
0.5111200693560415
2.910233126084722
2.13450569007693
0.23025657913040587
-1.3221570654693213
-1.340983412340905
-1.4120902449601598
-1.5096592885586495
-1.2041272739782944
-1.137878388186059
-0.1610944796891564
0.17931577010787494
0.054066059125789774
0.17459189150258977
1.6491467530796113
1.9896486799209054
0.9211784982298338
-0.3191719855783924
-0.49221662304807806
-1.0941756987305131
-1.1257748233543057
-0.27895043945656417
1.3666557162673973
1.0001519851543823
-0.1968749835669477
-0.7162895240126333
0.15775104040762478
1.4390823154042647
3.6641207820713966
3.0568907543950425
-0.36106620294433706
-0.848997012884718
-1.1272568479288685
-0.8839033037092382
-1.0237034445115192
-0.9998486783782782
-0.7354604218470032
-0.24165133898372884
0.09806317973749011
-0.42555924655987504
-0.5186861909225874
0.3553047044479124
-0.785840840272661
0.7175397919389885
0.21291812503301852
0.17682859165134734
0.6850682868249872
1.3528398410817477
0.11530542492433477
0.36047125184244283
-0.08658153620091293
-0.663014219275159
-1.2560067959806442
-0.8678438922939896
-1.015811724918903
-0.9214625265528069
-1.2324444019296634
1.0819344368548383
0.6099462016136201
0.03426133757155529
-0.771674910456018
-1.0928650521262069
-0.5011162916677834
0.7033885010648784
2.1529657831896523
1.409645128835082
0.4063929077237175
-1.231215724316056
-1.3680295038494248
-1.3923958939726528
-1.5289662631892242
-1.4659918762106066
-1.3339495503988412
-0.14376545655776582
0.08363374367766506
-0.054334414351312
-0.588419438414609
-0.5204366726727115
0.1828633340686047
1.2553624070191993
0.9649370593231441
-0.6375269959135634
-0.050095724333896176
1.0436792248067979
2.4516377751837704
0.240049441489468
-0.453567555033935
-0.48207405214879534
-0.4723472406408329
0.10283242540442482
-0.5260978907062791
-0.9176162672933312
-0.7602434492999717
-0.9374716738972363
1.8592984115559301
1.718119314506462
0.08191021387781011
-0.3586480050595652
-1.0247859631683875
-0.76244226013727
-1.2144950217840342
-0.31631763720315503
-0.24560987386248814
-0.5252896666419721
-0.4456342263841806
-0.5909993992044853
-0.544992722125109
-0.3175829293404793
