546
0.0779216
0.598532
0.928071
0.175171
-0.437578
-1.07174
-1.10863
0.367257
1.23326
1.73062
1.19952
0.845208
0.646261
0.946356
1.31698
1.01133
0.8798
-0.511956
-0.301285
-0.19981
-0.0751211
0.684821
0.734435
0.395856
0.468475
0.597412
0.618523
0.801908
1.28138
1.37669
2.19924
2.08069
0.998959
1.62354
1.13837
1.80385
1.41382
0.728279
0.534835
0.444343
0.326973
0.444874
0.861681
1.09997
0.272703
1.13436
1.51326
1.144
0.0301908
-0.0474385
-0.45324
0.131002
0.556062
0.143554
-0.584825
1.37203
1.76162
1.91197
1.13797
1.05575
0.962613
0.521802
0.47222
-0.652043
-0.973432
0.658959
0.589029
0.184271
-0.333762
0.546032
1.30706
0.930596
1.00369
0.597813
0.753086
0.436151
0.396592
0.102517
0.232518
0.177532
0.744839
1.43948
0.750596
0.156302
-0.0429099
0.052144
0.203133
0.735539
0.705901
0.823021
1.36591
0.77388
1.81745
1.45999
0.936755
0.343937
-0.152004
-0.995009
-0.973645
-0.399335
0.125334
0.683063
1.67322
2.40778
1.51005
0.634447
0.450149
0.348676
0.822063
0.5761
1.23039
1.6738
1.80312
0.409691
1.33818
0.934679
1.3593
0.73535
0.450339
-0.362192
0.753414
1.15335
1.97318
0.750166
0.0671395
-0.218782
-0.479999
-0.26392
-0.692191
-0.624167
-0.607753
-0.447001
0.0449523
0.415048
0.137801
0.102519
0.827951
1.93167
1.95973
0.94607
0.67468
1.21899
1.32778
0.325177
-0.0600083
-0.321725
-0.336285
0.396869
0.502193
0.801003
0.569834
0.170161
0.437945
0.650462
0.734977
0.43126
1.22353
1.85335
1.81732
0.304912
0.225889
1.47878
1.29715
0.840645
0.661566
1.49698
1.48172
0.718546
1.21214
0.466307
0.206332
0.166827
0.0841659
0.441332
1.6738
1.79609
1.35277
0.667628
-0.17487
0.512495
0.789255
1.55726
0.805539
0.618774
0.676939
0.806748
1.53456
0.714956
0.947857
1.28662
1.00004
0.117993
-0.11748
0.0164946
1.13119
1.27948
1.00314
0.376634
0.85272
0.0444669
-0.588081
-0.765127
-1.31859
-1.41455
-1.00909
-0.441314
1.26925
0.302337
-0.307057
-1.07837
-1.02437
-0.775227
-0.615314
-0.29431
0.389646
0.594459
1.96082
0.766319
0.382725
-0.367164
-0.678127
0.463233
0.548621
0.341203
-0.999194
-0.691028
1.45314
1.7729
1.10737
0.129902
-0.674178
-1.26187
-0.951237
-1.07453
-0.960103
-1.04143
-0.952892
-0.698398
1.21166
2.33663
2.75756
2.2313
1.42159
1.64419
1.32129
0.619203
0.580685
0.793154
0.360512
-0.379744
-0.148563
0.547798
1.1698
0.543163
-0.106106
-0.4838
-0.864266
0.684467
1.20449
1.79392
2.03357
1.43051
0.21526
-0.489343
-0.551027
-0.494435
0.407304
1.28604
1.62151
2.07987
2.0244
1.49249
1.85195
0.87758
1.19798
0.747552
0.393172
0.0922686
-0.151602
-0.59824
0.746491
0.418254
-0.274322
-0.723051
-0.816256
-0.655656
-0.395063
-0.269334
-0.0399796
1.64123
2.1092
2.27308
1.23978
0.602925
0.463011
-0.543164
-0.568153
-0.456639
-0.901282
-0.321863
0.153715
0.761453
2.13894
2.11419
2.16821
0.749277
1.54321
0.860278
0.522203
0.50149
1.90403
1.64596
1.35366
1.18592
0.572327
0.184029
-0.979606
-1.112
-1.4083
-1.10575
-0.793349
0.183547
1.02572
1.02066
1.37175
1.38227
1.37156
1.60751
0.997751
0.179316
-0.381014
0.46431
0.556729
0.031915
0.225653
1.2699
1.82024
1.43953
1.60269
1.41404
1.45295
1.82824
2.25121
2.81732
1.26596
-0.988849
-0.931915
-0.458632
-0.501102
0.708749
1.18478
1.55143
1.03271
0.319963
0.863567
0.359204
1.03461
1.4499
1.95932
1.87731
1.59895
1.84704
1.8068
0.262568
-0.0514381
-0.29113
-0.639519
0.597021
0.00392997
-0.111443
-0.46672
0.197588
1.12917
0.588798
0.192633
-0.186113
0.0629037
-0.187324
0.265169
-0.0095384
-0.298093
-0.343381
0.0574776
0.932475
1.2196
1.02415
0.929637
0.7911
0.929168
0.660616
0.784197
0.705416
0.548394
0.655689
0.170856
-0.10802
-0.289751
1.08588
1.48024
2.68496
1.62973
0.875891
-0.405311
0.235863
0.30122
0.178704
-0.192825
-0.579819
0.159337
1.83909
1.50442
1.99885
1.32622
1.01206
-0.190373
-0.366667
0.249087
0.767034
0.90832
0.858354
0.417395
0.743913
0.00361489
0.428928
0.475125
0.742387
0.485593
0.117381
-0.410423
1.52551
1.28343
0.614733
0.489873
0.447076
1.1213
0.826939
1.13981
0.637178
0.137197
-1.23935
-1.56469
-0.321664
0.0310922
0.105096
1.11542
1.4415
1.66822
2.53653
2.47492
2.38158
0.90565
0.263189
2.54015
1.77322
0.630676
-0.869844
-1.43871
-1.65968
-1.68398
-0.444885
-0.322172
-0.467598
-1.36413
1.22376
1.37151
0.92841
-0.351996
-0.685548
-1.22437
0.499036
1.3492
1.98062
0.930192
0.698522
1.07717
0.313946
0.359731
0.700445
0.910069
0.0570253
0.0890114
0.798944
0.418729
1.80786
1.84554
2.3348
0.780509
0.739787
0.772807
0.548295
0.602134
0.55624
0.0762193
0.618176
0.386317
1.03656
1.17477
1.62088
0.747715
1.00299
1.09887
0.50555
0.0115507
0.705964
1.15684
0.926237
0.838767
0.745407
-0.647399
0.302683
1.70777
2.02146
2.54894
0.502474
0.0392153
0.810526
0.629228
1.36663
0.541884
0.900191
1.61027
1.45294
1.01538
0.382396
0.426831
0.630662
0.130875
0.33086
1.52281
2.24406
2.8757
1.36646
0.499066
-0.655118
0.0250528
-0.294515
-0.233159
-0.465108
-0.253992
0.243044
0.399373
0.206955
-0.230699
0.106672
0.546258
0.437605
