546
1.28679
1.33054
1.49473
2.02276
1.9636
1.82863
0.450402
0.907725
0.559617
1.05387
0.59179
0.597459
0.216882
-0.830549
-0.336784
-0.0136057
0.849396
1.61796
1.79418
0.0984223
-0.583951
-0.576554
-0.367378
-0.319306
-0.935896
-1.04254
-1.35717
-1.35442
0.230865
1.09527
2.231
1.54819
1.19576
1.77899
1.68802
1.75854
1.9245
2.09732
-0.233479
-0.711588
-0.451827
0.840724
0.938633
0.0789124
0.228995
0.527991
0.636939
0.85462
0.854277
1.87936
2.06065
1.38985
2.14543
2.08914
2.37874
1.53427
1.3223
0.517153
0.564336
-0.0192403
-0.287465
-0.458273
0.306788
0.246739
0.15465
0.311438
0.164204
-0.069813
0.519047
0.886485
1.41026
1.04004
0.908322
0.141452
1.21021
2.01963
1.23408
0.121886
-0.794511
-1.22754
-0.90061
-0.0473674
0.65255
0.663362
-0.0992439
-0.0268139
0.0174361
0.201556
0.175534
0.29413
0.0584887
-0.388197
-0.928085
-0.316495
-0.39732
1.57669
1.76962
1.82206
0.326204
-0.0588098
-0.264424
-0.075729
-0.263454
0.12385
0.506442
0.883144
0.396861
0.139666
-0.449138
0.12721
1.24204
0.740259
0.28195
0.314112
1.14871
1.73688
2.05083
0.86113
0.164107
-0.0414523
-0.123745
0.594289
0.512584
0.184727
0.520622
0.743517
0.731591
0.465035
-0.669373
-0.0590416
1.21818
1.66322
0.705522
0.116921
-0.421011
-0.0428995
0.892311
1.5094
1.62595
0.919931
0.411305
-0.676828
-0.747736
-0.628123
0.58667
0.521705
0.343779
-0.289035
0.473048
2.12791
1.9727
1.32013
0.807198
0.859523
1.14502
0.840479
1.09951
-0.256329
0.0405893
0.658534
1.24122
0.489858
0.167508
-0.257979
1.21525
1.48905
1.32811
0.340005
0.888949
0.655082
0.415698
-0.317755
0.495233
1.65883
1.69176
0.223294
0.0909619
0.687801
0.825303
0.682183
0.803763
0.596198
-0.127728
-1.04766
-1.15421
-0.9043
0.112256
0.672588
0.622452
0.634462
0.605023
0.262898
0.968969
0.307342
-0.115273
-0.0758298
-0.337117
0.431656
1.85857
1.48105
0.227515
-0.606621
-1.08054
-1.51789
0.206507
0.399253
0.39376
-1.32331
-1.50996
-0.422249
0.0739196
0.872824
1.00397
1.18125
0.269653
-0.0731146
0.63338
0.539669
0.252068
1.19576
0.678345
0.627567
0.036683
0.00243482
-0.564091
-0.260526
-0.803043
-0.0449317
1.51467
1.36877
0.875365
0.916893
0.927956
0.466042
-0.416031
-0.365156
-0.264886
-0.146945
0.33894
0.168483
0.494966
0.987924
1.897
1.81011
1.86995
1.1744
1.58769
0.834575
-0.238094
0.421244
1.07372
1.59237
1.03172
1.09491
0.545545
0.565491
0.473411
0.5649
1.08565
-0.159896
0.28401
2.15767
2.40292
1.75223
0.405082
-0.498611
-1.13568
-1.38027
-1.18582
-0.860342
-0.76079
-0.0435036
0.256821
0.304742
0.141602
0.287031
1.02097
1.9475
1.88161
1.03827
1.20138
1.22739
2.19397
1.25397
0.140347
-0.644177
-0.077052
0.175147
-0.211405
-0.570731
-0.800369
-0.731655
-0.571717
0.0866581
0.656502
0.0682327
1.38817
1.6875
2.40854
1.48764
0.571554
-0.213255
0.679622
1.16553
1.5735
-0.368803
-0.926917
-0.482079
0.303473
1.45172
0.925479
0.55421
0.033154
0.594063
0.589744
0.838214
1.39191
1.70494
1.72591
1.66658
0.704039
0.849056
1.08282
1.3886
1.42157
2.57055
2.55119
0.736749
-0.882584
-1.10672
-0.279112
0.121556
0.189607
-0.695167
-0.212325
0.431958
0.401845
0.829198
0.69294
0.580198
0.297775
1.36161
1.96937
1.60388
1.51519
1.09749
1.07831
0.482808
0.0443788
0.276013
0.021067
0.242678
-0.00260572
1.22182
0.727144
0.2158
1.0448
1.54724
1.23679
-0.242325
0.0945913
0.554717
0.484453
-0.667291
-0.546736
0.56614
0.629292
0.415174
0.83992
1.09783
0.447672
1.05634
0.305952
0.431347
0.686478
0.474306
0.386636
0.152104
1.46451
1.26737
0.871376
0.324866
-0.0807634
-0.356576
0.236892
0.92012
1.11673
1.84173
2.62707
2.15462
0.803929
0.00156679
-0.997089
-1.07063
-1.22098
-0.569533
-0.454651
-0.231338
-1.54675
-0.278899
-0.210317
0.56281
0.22001
0.39755
0.660959
1.25499
2.26953
1.67065
1.08375
1.31782
1.85479
1.43418
-0.209398
-1.20364
-1.5371
-1.29302
-1.33515
-1.25221
-1.77348
1.41658
1.93385
2.01569
0.920032
0.700662
-0.230842
0.14208
0.636529
1.23384
1.88608
1.42265
0.499853
1.35257
0.918918
0.101669
-0.0561505
-0.585786
-0.275121
-0.0132543
0.476522
0.382185
-0.145409
-0.176877
0.321597
1.12446
1.52299
0.916889
0.255061
0.366828
1.5131
1.34195
0.835186
2.06315
1.85646
-0.0079276
-0.375841
-0.737498
-0.96919
-1.28452
-1.31861
-0.0626865
0.863418
0.972237
0.256528
-0.397628
-0.103246
0.135309
-0.0278229
-0.71685
-0.897363
-0.278293
1.40297
1.32967
0.701251
0.716938
1.03697
1.14593
1.616
0.59509
0.448838
0.539503
0.636982
1.08286
1.31233
2.25035
1.52139
0.762088
-0.87097
-0.712802
-0.732936
-0.196777
-0.431526
0.0634213
0.817749
1.44182
0.91635
0.206201
-0.0166851
-0.295242
-0.194703
0.0129734
0.53581
0.562773
0.75257
0.472364
1.03371
1.25085
2.12213
1.9472
0.62972
0.298659
1.01924
1.78041
1.16359
1.07772
0.310883
-0.172913
-0.852192
-0.850654
-0.901307
-0.856821
-0.864662
1.18471
2.1204
1.74878
1.15395
0.361153
-0.161314
-0.195464
-0.180829
0.0357244
0.0415881
0.63509
1.37733
1.2163
1.06732
0.855807
1.00436
1.13541
1.5294
1.28425
0.677059
-0.248532
0.229398
0.709859
0.868296
0.526198
