182
-0.6918984475406327
-0.7240253025799749
-0.04590192758868287
1.7422118335147783
0.4661096586834767
-0.44398698696498834
-0.7781093505111596
1.014163165563423
0.5153485138649282
-0.06607020798827301
0.3489697662601203
-0.28485705347423346
0.1745488712562686
1.39702455018707
2.504322357961514
0.3257968609244309
0.8767813888655815
1.7827564734848556
1.4934907872259469
0.47556391425154204
2.201459488377374
0.14993499212169906
-0.00750482344274262
1.3051597755233526
0.635726733288296
-0.2914518762561353
-0.1323579331601666
1.130207839364851
1.9936413288964332
3.0012928098980693
3.1306261547641294
0.5344656105189842
0.5562264457316308
-0.13242980226558837
0.010966848099647266
-0.01018016750489095
1.3997421571351483
-0.2692198022436183
-0.23482174997100302
-0.4913249667204718
-0.868415413671562
0.20462647934692965
-0.13858246203461225
0.6010429726446742
1.5353549509081446
-0.6277368429463605
-0.818227577052186
-0.5928531192031674
-0.385760495876949
-0.4394590758157762
-0.3458792390480918
-1.0143024550803454
-0.7957984053235517
-0.7538861374444018
-0.499697366250433
0.6275261365744017
-0.507793303281484
-0.6115283599508547
0.16031031070034654
-0.3417293740948146
-0.8445479897737742
-0.6715699281556888
-0.6652063659186722
0.9513403804269981
-0.3683750597199138
0.36533042639661145
-0.7464968381227022
-0.538050412715856
-0.5411218383211684
0.23105907144959317
-1.4734726502428162
-0.7706572325437694
-0.6704694660034156
0.09127861171453294
-0.28782368410637077
-1.223827603348801
0.4993839527379393
-0.94895145348737
-0.9033035578140675
-0.8173123111388937
-0.6482626274353361
-0.7208391743574007
0.06198545596951368
-0.4623099557588432
-0.9296123141851855
-1.0377180556194099
-0.21140468840756343
-1.1537524696948576
-1.204587001989932
-0.35598206330853355
2.9967831029321506
-0.5560196408766651
-1.3022122295625917
0.18397402834113533
-0.5265060036635032
-0.5700041775280715
-1.323481965456294
-0.22478728768875525
-1.3590236900209345
-0.5810108945765237
-1.1342289052418073
-0.9383241343213412
-0.42572332605063046
0.01092835580059046
-0.7576543286225689
-1.0679221942454016
-1.176839412706764
-0.6696989161358778
1.293337873056153
2.7117001712476445
-0.6956687934387871
-1.1257846275037893
-1.0438883475003808
-0.581994600213053
0.6382498354829818
-0.4743974301207486
-1.0391551284945184
-1.3625450770794094
-0.9014626994601386
0.3299075128736021
-1.212305854318625
0.2766902904552067
-0.6588062227788395
-0.825048228095955
-0.468204311646916
0.37531473711719965
-0.7438353017015977
0.36159606422764234
-0.048708383113570584
0.1618738963850357
-0.5069734092915017
-1.2022745402148936
-0.9125512236184823
-0.5588864681364398
-0.24821234804932618
-0.04685240470884875
-0.8568344034323372
0.033193469449737605
-1.0270908233204372
-0.48174338590817006
1.2916374178447803
-1.1956934243217419
-0.9108842624377596
-0.21943826857706808
-0.34713216983421
-0.268997929398477
-0.03150622148005552
-0.34906939378725677
3.1340076621917365
-0.3195741046842305
-0.05817422752628302
1.9078590519044416
-0.35541138085244467
-0.4248499866916597
0.4168382638493961
1.424123136355957
1.4470418500038182
1.6157108317710605
1.3192447541102552
0.10822748256992427
0.038035179508808296
1.6151266639224806
0.9472914117431708
-0.2509961822670873
0.21728138768003574
1.137407106111781
-0.306086992876888
0.6354176351762594
0.3467783137313867
4.189562793194551
-0.9052434171772129
-0.36006099421882176
0.21692915632835755
0.5111626854187588
-0.03288942378397635
0.7129120790192511
-0.04931235272196363
-0.7608786457597938
0.5435605203612952
0.649810717461233
-0.326320189044084
0.3553329414819071
