546
1.22527
0.998366
0.959146
0.129325
-0.557578
-0.500745
-0.525029
-0.501935
-0.414902
0.310025
0.556751
0.615736
0.439388
0.145856
-0.0417607
-0.717733
-0.653999
-0.376793
-0.392412
-0.444853
-0.551843
-0.324206
0.342164
0.298526
0.326139
-0.276781
0.213062
0.476139
0.603984
0.359744
0.214322
0.29252
0.402508
2.48539
3.32284
3.47636
3.44695
3.34689
3.27391
3.37693
3.3118
3.25879
2.61995
2.05199
2.74367
2.62316
2.43623
2.12147
1.2729
1.43796
1.00427
1.01337
0.570341
0.212772
-0.230222
-0.0276633
0.327914
0.814991
3.31434
3.35112
3.3159
1.40753
0.762903
0.351677
0.777779
0.618853
1.15936
1.04616
0.837957
1.70835
2.10834
2.07715
1.97742
1.6733
1.42529
0.333578
-0.60524
-0.54153
-0.22383
-0.0139902
-0.154001
1.13466
1.15058
1.32137
0.960932
0.725226
0.237768
-0.381786
-0.589662
-0.491796
1.26407
1.2934
1.31933
0.98518
0.640224
-0.337161
-0.370783
-0.526005
-0.594595
-0.645887
-0.428137
-0.215368
0.970125
0.95692
0.68443
-0.10411
-0.0402454
-0.126724
-0.383153
-0.535781
1.50257
1.66147
1.53212
0.848309
-0.305633
-0.357764
-0.283488
0.0629441
0.413964
0.609471
2.44966
2.72094
2.80989
1.65025
0.905104
0.675441
1.1222
1.03036
0.858006
0.375566
0.136377
0.145103
-0.344537
-0.495979
-0.232467
-0.238233
-0.329489
-0.327351
-0.218099
-0.219327
-0.0460599
0.213039
0.849082
0.699548
0.185104
-0.127965
-0.414383
-0.299566
-0.149601
-0.306922
-0.484359
-0.0286509
0.096163
0.00203168
0.563784
0.494386
0.226092
-0.498845
-0.449156
-0.57332
-0.708004
-0.754215
-0.633751
-0.382662
1.7293
1.95969
1.78209
-0.530919
-0.618066
-0.602419
-0.782157
-0.600549
-0.630338
-0.539409
0.648837
0.465457
0.512139
-0.327452
-0.268192
-0.290748
0.0507818
0.563448
0.429764
0.371282
2.60511
2.79411
2.70478
0.746498
0.358017
0.949223
0.936712
0.595367
-0.233099
-0.433705
1.5366
1.51416
1.26427
-0.162734
-0.0658384
-0.0967979
-0.101375
-0.290735
-0.308509
-0.485388
-0.525448
-0.573429
-0.13357
-0.0149742
-0.360915
-0.433967
-0.828511
-0.647076
-0.0950999
1.03405
1.07368
1.01734
-0.391788
-0.125902
-0.315041
-0.225761
-0.319017
-0.225713
-0.331426
-0.436641
-0.52209
0.00918439
0.664221
1.17765
2.19181
2.07845
1.78143
0.373543
0.396285
0.220374
0.43306
0.44434
0.375654
-0.540943
0.0672259
0.171159
0.43437
0.527193
0.640824
0.360298
0.308618
0.463762
1.6626
2.00762
2.0013
1.24454
0.883153
1.01678
1.04857
0.617451
-0.137401
-0.151901
-0.505191
0.405094
0.597992
0.485549
0.221599
-0.379952
-0.490364
-0.442222
-0.323575
-0.331187
-0.127975
-0.348237
-0.358551
-0.497824
-0.539218
-0.0734299
0.041972
-0.0614869
-0.230486
-0.289608
-0.267471
-0.0433172
0.215704
0.152289
-0.0613337
-0.548294
-0.366827
-0.337077
-0.268029
-0.214663
-0.0846991
0.0944544
0.375595
1.49851
1.50407
1.31091
-0.317623
0.220155
0.36716
0.301433
-0.0175862
0.0469201
-0.14908
-0.442124
-0.687656
-0.335733
-0.259215
-0.0540129
-0.301421
-0.45757
-0.451335
-0.0633219
2.65512
2.86011
2.95973
1.62386
1.22526
0.855071
0.950279
0.780737
0.465203
-0.09515
0.0490236
0.16596
0.0676234
0.185608
-0.488588
-0.364402
-0.399924
-0.534735
-0.223733
-0.214443
-0.49029
-0.751031
-0.485355
-0.62985
-0.381218
-0.292012
1.64683
1.71207
1.45068
0.966246
-0.361979
-0.757588
-0.478623
-0.48584
1.42483
1.55772
1.36481
-0.471267
-0.53435
-0.706396
-0.414287
-0.014107
1.0427
0.788641
0.769532
-0.479579
-0.437892
-0.385152
1.80472
1.98014
2.03118
-0.0827137
-0.591476
1.51093
1.46643
1.30242
0.225825
-0.0103197
0.0942072
-0.341993
-0.326956
-0.00406919
1.43743
1.42149
1.52309
0.595587
0.880657
0.817815
0.759704
-0.0811544
-0.154327
-0.276433
-0.34642
-0.318129
-0.454977
-0.361775
0.165681
1.60685
1.68662
1.57954
0.847049
0.150312
0.172376
-0.0326035
-0.211141
-0.609928
-0.557646
-0.605845
-0.37332
-0.192151
0.0491991
0.330495
0.317989
0.443035
0.231171
0.377343
-0.00239577
-0.240335
-0.295748
-0.332743
-0.398068
-0.479365
-0.306855
2.47114
2.69684
2.65182
0.743949
-0.0870456
-0.155856
-0.375004
0.534242
1.85309
2.13199
1.96823
-0.293369
-0.480134
-0.537577
-0.465755
-0.526668
0.0373371
-0.152027
0.214813
0.159281
0.0270119
-0.377514
-0.367225
1.6774
1.70648
1.43156
-0.0520643
-0.184841
-0.60281
-0.290323
0.267661
0.268962
-0.0531745
-0.304066
-0.281136
-0.486021
-0.552662
-0.46451
-0.549162
-0.430966
-0.0232938
2.56256
2.67786
2.45112
1.21556
-0.17584
0.556345
0.590342
0.488302
0.338726
0.479907
-0.42646
-0.469901
-0.488596
-0.203582
0.360116
0.287873
-0.0735468
0.308446
0.197103
-0.335858
-0.530599
-0.198301
-0.16749
0.0395765
-0.451899
-0.185972
0.385567
0.288874
-0.115534
0.456955
0.698763
2.77645
2.95554
3.02491
1.28481
1.16462
0.68249
0.314941
0.601617
0.720793
-0.097138
-0.235646
-0.313852
-0.286552
-0.0246045
0.613606
1.82497
1.89318
2.10852
1.91765
1.38417
0.875598
0.238137
0.192375
-0.45983
-0.520356
-0.354307
-0.208254
-0.316291
-0.0571134
0.0186657
0.109047
-0.184954
-0.422985
-0.397008
-0.369773
-0.414434
-0.00868425
0.0353467
-0.127043
1.22374
1.36073
1.12752
0.6775
0.447756
0.190856
0.361199
0.135017
1.01764
1.05431
0.700028
1.74351
2.26281
2.42101
2.16829
2.08492
1.7412
1.33532
0.551742
0.116756
0.0796284
1.79039
1.81463
1.61812
