546
1.682797884892917
0.7193641912739246
-0.5272414495158155
-0.7597150694988242
-0.8316262872380329
-1.2375150836169442
-1.0635761700139084
-0.8091844105357633
-0.22883130144954894
-0.6371497245176057
-1.1435514031234677
-1.2552644228975496
-0.23601242966276892
0.6106508992273317
0.2831299880702921
0.7288331606737721
0.8762466807152817
0.644069096848197
-0.5321114890707002
-0.6338583772610966
0.4263450941311939
1.068916986540603
-0.0026880624502499113
-1.354147002301893
-1.220798207935992
-1.1992164052160073
-0.8827609366655286
-0.8364917964441945
-0.28337084055369643
-0.21085169817388166
-0.18698173440425994
-0.2759894911082873
0.12222864818562923
0.6555219809871549
-0.33647435248793706
0.8976955841179414
0.5643084700064359
0.894555277876023
0.012195668167475401
0.8474513834199371
0.6696537066385198
0.9074061402338129
-0.30348748200555714
-0.33965991977177845
-0.6276790688535566
-0.4201718812556227
-0.5367155150178656
-1.1185137051467537
-1.0144301576738821
0.24363784351121442
0.27697535308487103
0.5641672187945785
-0.0678319232418027
-0.3559660555191087
-0.4609162467728336
-0.408860328764376
-0.23532917453742383
-0.9424406853106629
-0.8332816052421528
-0.6333374752182984
-0.9574317218675509
-1.3067582255583867
-0.2233423833649017
3.137246002098176
3.712233360138095
2.2316539161968842
-0.7832663328857641
-1.1413284031740147
-1.401686246754562
-1.5319347757508113
-1.6206570301007035
-1.5791053376948079
-1.4341367191626941
-1.1122380134612764
-0.24109822885799903
0.8122787166665024
0.7514575598544896
0.33791541437219375
1.1349821855438544
0.5620803096479919
0.1149083009970115
-0.4884657739935597
1.165457148449444
1.5401692691979858
2.4509583362921683
1.4230146064799665
1.2166894911340678
-0.3347507992709462
-0.46737886406793416
-0.2764601969747575
0.8477736052531455
0.7192959265542679
0.7299857939014925
-0.5650155081084424
-0.6661103640732048
-1.1651750892685715
-1.2343872893675056
-1.1750710456272617
-0.9960623723899675
-0.7991267411870054
-0.3503558440169771
0.4100837248064362
2.2386460615190993
1.1512821466208838
0.5705902330486258
-0.672902649689788
-0.2767747495194603
0.13860178943217855
-0.2941856225043964
-0.7637707459645305
-0.9134683055947579
-0.15477720721052493
0.4563587571475347
0.18131111840608877
0.003965889652449896
0.5433346933631195
0.06964667020912972
0.5235249135604759
-1.329922884881506
-0.9379515062330497
-1.3149236940478324
-1.2625588180437304
-1.1385872240896198
-1.202312098627454
-0.49308452342815073
2.341772648242342
1.774642723151481
0.7574899081679931
-0.704864043771048
-1.0556008996545616
0.7934774064452768
0.67449926892982
-0.047438976802291484
-1.1108865049622634
-1.0450851318452112
-0.697045312407937
-0.8496347082277663
-0.39881175556419146
-0.9637528896097008
-0.7002578462863843
-0.2646996152472891
0.746021304088755
1.8576558795769205
1.9027238339978572
2.0688298102653113
0.5040268885743181
0.24344709976706838
-0.3229221257899427
-0.16818897782218825
-0.4944074718826818
-0.14735922781930053
-0.5102215047104465
-0.1275834684964219
-0.16981874653764892
0.9580664305341546
-0.24086569517143844
0.8682138341973111
1.1129016544496602
1.194410673892173
0.14094569435740745
0.7325921550101695
0.4299393299095291
0.7354633841232108
0.23625519728829839
0.32499381997902443
0.22513136438844644
0.19650666152485285
-0.8187532569551906
-0.9721643210774323
-1.0026884060485721
-0.29514572625362606
0.1336524346446911
1.3335324914207696
1.0449904036002589
0.7233991464874747
0.20431242051123735
0.26328670612989874
0.3790346677140758
0.6597113209076035
0.8176254664831037
0.6578836635940909
0.42816316578910507
-0.15366766328113096
-0.009810814680150194
-0.2621438444358006
-0.595547863216676
-0.6273406829625714
1.634218422662169
1.3995708881718156
0.5055360643879757
-1.1166249984704881
-1.504764380721158
-1.4951695686092523
-1.1848021298413614
-0.4209872261470923
0.1258047405808431
0.006860421682505308
-0.6595414508764732
-0.9288821760432048
0.1105520818853525
-0.02949355634265533
-0.6509835388862304
-1.6264131413892386
-0.8582726935047476
-0.6146824222384001
0.4438663764460012
0.37068181699126335
0.3227053989172406
0.5264350319505788
0.010989348247461792
0.4075100285311345
0.30937652766463214
-0.18162177323469955
0.8026379780006653
1.303954367705533
0.7555779800641035
-0.9124024153024413
0.4456961481694974
0.19459647726909396
0.5103882286475853
1.2573689847360723
1.377783517693233
1.7582363168674848
0.06794554180271721
-0.9381647442522938
-1.0225882948444418
-0.826106147987071
-0.25020217663410016
0.5102391803291721
0.3223705491401931
-0.5354582278088893
-0.3087496742007479
-0.5895590123902091
-0.87005347371003
-1.1063801141131526
-0.7928101078914452
-1.2061256323861989
-1.3239340541491695
0.16764741567209854
0.9681760728004153
0.62855544872567
0.14231503259608727
-0.1769071037408789
0.7250891587353891
-0.17954695100461998
-0.7595462211249564
-1.16607472763014
-0.7448924014569253
-0.40599050725941277
0.027729716418204254
-0.3188356596443171
0.5973045415626618
3.063167366070593
3.7555817476434576
3.5253541925710397
0.3454467856722716
-0.35230204820995253
-1.143657582824114
-1.3534462480667497
-1.1012768408216438
-1.0454931057943861
-0.9662179200192004
-1.2118596050052692
-1.3563057622387882
-1.0100969915353335
-0.5637947283523635
-0.7030219899825729
-0.10220132009009172
0.2131220574230296
0.4391866650599572
0.5862820149743044
0.48633840349167295
0.46853743732041675
0.35459623322511163
0.19711087666387048
0.08197404806422853
-0.17847070989675493
-0.25128267238207463
0.9493165203575282
0.5267645166265545
0.20957250093992746
-0.9266272698224576
-0.8963075525658918
-1.0638040388025884
-0.5531097455294949
0.3753308076262153
0.6605528885057935
-0.3462772917957457
-0.5714257942595943
0.38206104488201
0.6245662276007038
-0.5948377091308057
-1.1181636841551184
-1.4576902037263793
-0.9663707386489193
0.25743085436483026
0.7200652186225978
1.6989750281589835
0.04878893544841654
0.4780258069756738
0.6409109804462984
1.9742214541115726
2.1419506858747814
2.3866737041249673
0.6298421108308879
-0.47138784293193436
-0.7357106090791216
-0.1589077261077178
-0.7300138409942438
-1.1966677173656515
-1.5728577958551238
-1.229241544702147
0.06441007455639289
1.2758168570609685
2.6322470780583895
2.5325935503742327
0.8202269492786012
-0.5320050335014924
0.046627589537649713
0.16788726971385542
0.43998018066231426
-0.7247682343256887
-1.2408841371303272
-1.504024644542358
-1.2991261922724364
-0.6018909261391752
-0.10802429423008485
-0.4473537797908558
-1.0089129062712243
-0.8211839853774243
-0.2932404564910693
-0.5099500816497536
-0.0011933943061114918
0.28420650252263924
-0.02529968319070332
0.040001575820168285
-0.4318902184444595
0.2027584417443621
0.18358050417011315
1.6527816037770426
1.6048588530152659
1.4402361234661507
0.9742093205457953
0.34272160391531203
0.34358418037672644
-0.8499044269036244
-0.38189314507979993
-0.3842512811475719
-0.6196446188508865
-1.4416402346613164
-0.5258196077760486
-0.28103380464185684
-0.2283301138470007
-0.3711902612764334
-0.25571583953879123
0.1775795595131306
0.2276046605723492
0.13833318737503092
-0.00868439854404232
-0.45222969765274373
-0.20308796928243644
-0.19213095108097591
1.3345111262553284
1.5333282214276474
1.4638690706568032
0.5464148956689716
0.33502607179978294
-0.5338529385720798
-1.101843189087931
-1.3255051700842746
-1.1306599919129376
-0.7697727819736198
0.5167523410428623
1.4956088118133573
1.218834610752792
0.3938099999968938
-0.6993086288166787
-0.8214439935664419
-0.03239069830801342
-0.23212169601443935
-0.32622358761792136
-0.4461536730341806
3.0095070705715794
2.840294961615392
3.445400598954194
1.151511892911036
0.21755171484767974
-0.8317078937113198
-1.187015195690336
-1.291836028949672
-1.3502347769802683
-1.0423627992198508
-0.2544567336067798
-0.635422851660112
-0.19000163249525845
-0.134792198645979
-0.45094799408462416
-0.9598024859217494
-1.1555038729747051
-1.1646737724354046
-1.1215845383305387
-0.5481703004493046
-0.8447973293938994
-0.4517111998163198
-1.1235309824403734
-0.21868063946342525
1.837943069503929
2.3713332502239535
1.5639361001905852
-0.43160948545808814
-1.028205161589746
-1.3912566972842368
-0.3530538592599968
0.03314631032092075
-0.18644576087560538
-0.3121087612555008
-0.1390938143652983
0.07447712129293771
0.35363516329217004
1.5552448770950436
2.110642264516201
0.4129230783132734
-1.1166799061651511
-1.2494360146539536
-1.0478740341049897
-1.314769537252107
-1.2875916782812498
-0.4529227170234196
0.19156953888689773
1.2467453162336581
1.6211865580067446
1.1180896425133646
0.5894850915892447
0.18837001174481752
-0.06914250772578534
-0.31070914775495917
0.25942045774308875
-0.3624851670164362
-0.9495354358441256
-0.6433915733989304
-0.005116796294711232
-0.013143029729915852
0.3065297628015262
-0.5899489242045914
-0.1195138674565684
-0.2679054358990003
0.20094809062008454
0.2562037874736221
0.5225446521359669
-0.2982119789963662
-0.22970853216223028
-0.6395478797889991
2.254635908688832
2.4390820248796374
2.8714058604579176
-0.13893776326605697
-0.9217085802163161
-1.6775096070191802
-1.640235072747875
-0.6842773960001383
-0.713619404468831
-0.8422725119293129
-1.2026249458112113
-1.0185492778240721
1.0330991454391
1.926465747643601
1.5983360951283343
0.13012400636430427
-0.7469636991692994
-0.7531956891625063
0.38521181463542187
-0.2662261163356974
-0.273327834823737
-0.9362832095336199
-0.39511410950529746
0.09677353397775926
0.158015446872288
-0.11666806754663799
-0.792449371275044
-0.6793504088169393
-0.5200615282182317
0.1769549818416818
-0.2738473746105528
1.4123965290391867
1.008719495272263
1.0274813025629745
0.68481869289753
0.2449652401303034
-0.019334302410463366
-0.3661239510038089
0.048176379366340664
0.13743794558877243
1.6706981586682497
2.000557882436411
1.4335668980710592
1.1136783644175614
-0.20602714888196103
-0.5424891869337526
-0.8860099144123459
-0.9615198793933405
-1.0131837961275687
-0.11051638236021931
1.8234399313604222
1.692748956523607
0.7226327261802056
0.931364286835912
1.243226310015778
0.8180642716638065
-0.4642879279592916
-1.1553473946446988
-0.5330436072248581
-1.046162597903603
-0.8196477651859118
-1.267641734663137
-0.9759782178088463
-0.7487501033415708
-0.6331492532395435
-0.8512506759935026
-0.8465387167108225
1.4297503696414007
2.4756900744558172
2.3787563009755766
-0.25270322187566213
-0.3183105116110688
-0.5940787646866192
-0.9295764925525012
-1.4458405222142083
-1.5960237992501451
-0.8449647695658776
-0.6941463496507485
0.2526732426344074
0.2486847277906519
-0.07676440521069644
-0.8521221633358237
-0.20045581036995808
0.26985193394361884
1.5585856497177266
1.5619072349983352
1.2980925502699676
0.23754857734774604
0.08275604580181127
-0.40589694527795245
-0.921592196414373
0.05633379725601586
0.4690874942233896
1.477117487179497
