546
-0.8916078838086922
0.9249660618937954
0.7765518496834584
0.07517794718238428
-0.9876277590274618
-1.097899476439982
-1.1533629411660935
-1.1980728400310106
-1.0175564245309905
-0.8658359171144552
0.077052381074766
-0.15178260733562168
0.06660239985726721
0.3314960452910139
0.019694878054992076
0.7719088156282801
-0.5113997330137182
-0.9416602620023339
-0.4874388212284873
-0.1937953654390573
-0.03481118675726784
0.024410911824860014
0.1620905146624646
1.0874538768005937
-0.28307369632875007
-0.6291465441861009
-0.1269633037351922
-0.4010669549910427
0.9254217873764448
4.567588147787037
4.471609004287161
1.3439999095811135
0.3370567089119382
-0.02044039373286704
-0.37441702004614513
-0.26797230707414965
-0.3266109542624067
-0.5240682778921816
-0.13533512533303751
0.29534732281714005
1.007863270864432
0.6429500418118193
-0.8890546586205013
-1.2406077817826269
-0.701294858794394
-0.9029711001407826
-0.24178663459363067
-0.5151701653556782
0.12455727802196316
0.7868506883098182
0.6720497401483951
0.4886815194344926
-0.32886491616418617
1.8435432873179023
2.0133815641003414
2.2808167920043267
2.4391007381222125
-0.2963535011135736
-0.14254639557693982
-0.266839939636732
-0.6192759543326763
-1.0364674376423162
0.02212994147757521
-0.29834000670200805
-0.2643202339637023
-0.7855512187027192
0.08005100934715315
-0.5789408566304018
-0.5416153782313712
-0.10678328845571326
-0.6020003157440525
-0.5349649757733506
-0.9547235845568736
-0.6572048094548627
-0.3970436063529643
-0.5244772554947409
-0.055055491300083956
-0.3766361070647489
-0.7795824414712039
-0.9763148980699071
-0.7649194662333404
-0.0844586191955987
-0.133673200872979
0.004787568882318824
-0.07363433279771919
-0.27269290935768126
-0.6411576399435107
1.5780537509315666
4.479229336529
4.2192448264366185
1.3571044281646931
-1.0645537887889351
-1.407509819935072
-1.074327073735611
-1.231399181666819
-1.2963838482413934
-1.0873176176138712
-1.003817271784318
-1.2694367180819877
-1.3634798924472902
0.5096287930335879
0.8377822673160586
1.3260959200271965
0.5835827111333475
0.4197038363711125
-1.0344579599173997
-1.0481828825325272
-0.627074843394673
0.22082061238689246
-0.05875211626909165
-0.4575356925586228
-0.4069762511591781
-0.31594264843374686
0.3628806793747014
0.43754211996328757
0.762226216145441
-0.10374984569110918
-0.16236876765571226
-0.7302442669321888
-0.4567750299422955
0.26311397641075673
-0.585808040934312
-0.9979872162210143
-0.9828780429820387
-1.0232878358733848
1.2183261465406148
0.897812802426204
1.70032746828085
-0.8725479304787269
-0.47434545995780525
-0.18995192292204235
-0.0071640187253071
-0.280607951764058
-0.5598445502276278
-0.24410542651780118
0.17172477277869405
-0.10878725500029417
-0.5847241200643166
0.46768296043655483
0.845650823523191
0.6055827162869645
-0.23830241419866469
-0.37252931021724195
0.149226732850082
0.5206879811254959
0.3775489591472359
0.20880295665334142
-0.1709212055321828
-0.48362316520706555
-0.4342832299628128
-0.4422365438489017
-0.5656960262748619
-0.3108570806720369
-0.5101537862135938
0.47199298887605406
0.47994570249797663
0.028113147008701975
1.0796972032678962
-0.23025279077090954
-0.942595718647439
-0.9284526543708976
-0.930219772186582
-0.9550470563835592
-1.2630888221042451
0.7570145458970158
1.1143873357127636
1.3522348439910499
-0.7647466922744401
-0.2605465229710688
-0.7331874215372826
-0.3686332358199633
-0.403031824584398
1.6591078293423471
1.9014885134102835
2.124704752156625
-0.7892954582895927
-0.7160943619274497
-0.7886404521290554
-0.870187515138035
0.1987826851091325
-0.1601176418006723
0.12577995603069117
-1.316609229531438
-1.1619301467379282
-1.1698239500965892
-0.8500593876383984
-0.6785706971482065
-1.3221457118763864
-0.6646986469740299
0.42834320835126566
-0.20483309071355268
-0.3014484212541704
-0.6552906748690164
-0.8846745122587499
-0.8118050279995078
-0.5903546819525629
-0.3558530851632246
0.08215755789901792
0.19928366219671326
0.3151901457754996
0.24330027105245972
-0.17494909909678452
-0.4853353083435334
-0.6139510425595487
0.015461464297615324
-0.5478697164853701
-0.3869817378423544
-0.8241950251331134
0.9029831610547341
0.705448025992232
0.1646378538409255
-1.003352457979632
-1.0440971510265764
-0.7578460359481661
-0.23098786673389574
-0.40952243882434747
-0.4309926375460235
-0.5159075229043381
-0.31221935939836093
-0.10305130006946492
-0.17896512176191012
0.23783308986124788
-0.14927733487328826
-0.9511518696950151
0.02382240291376318
-0.3826170646258
0.44956204703220987
1.6629686514443642
4.974320268794576
5.059095826485934
1.8677427510553175
0.6387315809459307
-0.5534969314133893
-0.8432862977520589
-1.2391280258387796
-1.2487572367690194
-1.3500983269787643
-1.2616468658054982
-0.6122901215760107
-0.7636126907553762
-0.5134461781404356
-0.20402665137922807
0.14726343560584293
0.3000302358349624
-0.016557207192995516
-1.0454101748285212
-0.47928098726464363
-0.6584925567468731
-0.33197569508330993
-0.9548798803799549
0.16314644268326786
1.090518609620511
1.0760929988985097
0.2886256693624627
-0.2852404966134744
-0.38094894209858154
0.21077238380184732
0.6092105864864116
1.4846257927445348
2.2063409931669167
0.6386789955044082
-0.5614627729955134
-0.9419485296598805
-0.9146959502095263
-0.9515993043381437
-0.8224811232524325
-0.8586533695398545
0.6061657466275621
-0.3100905176548793
0.3904795267044733
0.21558900284465177
0.5633682738217549
1.5388040363250568
1.6459530228312427
0.4072937348068764
0.7218150012276906
0.08555603479411517
-0.7659437147604672
0.5290687426831693
0.5802385331462075
1.6775147880667436
0.17668051982042066
0.06394521865033465
0.3185793715132181
2.619694575131467
2.601101874333054
0.9102114393172647
-0.5299670780503086
-1.0345664732264945
-1.4032549220725095
-1.2638018008184793
-1.3086459843186649
-1.2303012394603072
-0.6358119730413054
-0.3899449227969324
-0.6571115201773688
-0.6976451668519111
-0.8560965480442387
-0.16427216657355323
-0.08155312945629091
-0.0493185331566266
0.319121079773292
0.27478965641493114
0.6240243977395136
-0.05857906832288883
-0.5341318233747478
-0.42882978945586436
0.018294241728018554
0.2332434535539793
0.7422117707086445
0.7144324459601862
-0.08555901535700712
-0.7768789066439347
-0.7191817775277014
-0.11033947153087113
-0.021022568618424466
-1.0500644975239148
-0.5585726014854
-0.25021763636484406
0.6217059208406599
1.1244831487428608
0.7893145881108077
0.11482753855621147
-0.12847331998912218
0.7068834899768264
0.838103089610725
2.301649084590582
1.2178533665380735
0.3847356204655087
-0.31576994380916307
-0.4415235833092124
-0.24167590243559164
-0.4808267926473616
-0.21124152599111282
-0.7410093415346134
-1.1345140056423357
-1.2786325130662997
-0.7470898252032325
-0.01081297336081786
0.23079312292816107
0.456536390161432
1.0419407646326087
2.3044957191349127
2.5253423485943154
3.3270771345603247
-0.34627942452037525
-0.7991112901083096
-1.0789414138093198
-1.0700221494316517
-1.284757182840888
-1.1564044150800605
-0.9988850967700122
-0.6147535375208965
-0.16513389596103026
-0.09465222048241016
0.7563530515489576
0.9517810003273309
0.4138399988314687
0.11656419985029313
-1.1897655542772756
-1.0657987541414755
-0.9529470825661955
-0.488817691422798
-0.17204350253596418
0.19619383826663117
2.4037265528437923
0.8011151382881593
0.1581888788130165
-0.5497107015758332
0.6287546106737492
0.3944796507936344
0.2674625381303709
-1.2508131991018696
-1.406727376163768
-1.11370512788998
-1.1418667420169184
-1.2135245182913703
-1.2400817562077187
-0.7103211742651172
-0.010385638875051456
-0.014772577717257058
-0.32955633091287523
0.2553018922945496
-0.21083899760286476
-0.04561130568024695
0.47484056020487736
1.3110964035904236
1.5887142023104535
1.053693617818216
1.3899611840512276
0.22300474407637047
-0.21220616551946012
-0.5373788431621728
-0.6267484267096096
-0.12063991699095866
-0.8677095212971561
-0.9639548730245919
-1.370750079277763
-1.0323122875611226
-0.47360545986288977
-0.2610180276104066
0.3379546209413946
1.2080273749711865
2.3684769999255506
1.4589343248294855
0.43015604912923305
-0.0038826029901548828
-0.49187646124763457
0.18547240828526948
-0.13292072963713525
-0.15921095311405178
-0.2751815203298119
0.5534975515690893
0.550454484005477
0.44447425002602925
-0.55449434912054
0.32568540991796024
-0.5256094221188367
-0.09134453166423172
0.7726424439346078
1.7942842672038903
2.203176201993369
0.7061336893640017
-0.4343621117726163
-0.07121508000848227
0.5560976014964308
0.9895950096355648
0.30512757913760996
-0.7637260190680994
-1.1000601148544562
-0.976802980836242
-0.5540966972596534
0.5154237442459866
0.9677466001261571
0.23696587488447343
-0.41522813139026105
-0.3272847987240032
0.08110916401113054
-0.19345437378781868
-0.6181049947590932
0.3040867757263325
0.038048745876415366
1.1271592781432516
1.4695332679934694
1.0383572171562163
0.5847794480524472
-0.2949666122826807
-0.4423313201650016
-0.3929194462003305
-0.5193537444693849
-0.2608970605300033
-0.4014680976088241
0.6539472768415603
1.2408707435937412
2.816395031927511
2.4970853030521067
0.6692410970930458
-0.8730797055781783
-1.2632457044622267
-0.5641205112745616
-0.6199661753857064
-0.5862969495213273
-0.946400408464931
-0.3978911803333834
-0.29465064407853403
0.5939629705999365
1.292579659502606
1.4231242918003573
-1.065725668826077
-0.9066247090373927
-0.8845206252506502
-0.7804830079635248
-1.1757175698738973
-0.862326286162762
-0.7021284770801097
-0.617870476764808
-0.3729028713104587
-0.05307472303777906
1.591502324379705
1.7504844439486107
2.088631382260764
1.0683294428106158
0.484572424354279
1.366524630946683
1.3001246154960917
2.3613509540260043
-0.14864146785878019
0.38161208694421445
-0.18202365780946758
-0.8020073546522253
-0.7777391510815203
-0.8957333343029238
-0.7431272457392146
-0.21228073426975652
0.30666680119760537
0.3288803229839718
0.5001493661977623
1.3040395279009023
-0.7199289554345607
-0.419610285578055
0.7219013880035713
0.1484199602197562
-0.5179204299727362
-0.6939323057639519
-1.1450396323599354
1.1764222600417287
0.21586444492632112
0.16335724992841852
-1.0966638553724763
-1.199115946465814
-0.13501053167500524
-0.3324051578053712
-0.20433414914172707
-1.0448276140858732
-0.9519960496620636
-0.809319647585148
-1.055121670004961
-1.0019523429902384
-1.2185011972823905
-1.3947800854775456
0.5004495930075286
0.3168655605523711
1.8670761388391484
0.09495096759163035
-0.5714222768998203
-0.32896205379647026
0.8244983597391934
0.9227076120537266
1.378985013298314
0.591991357776873
0.9444342776099311
-0.6312689532079
-0.23175811729895213
1.5940120641652475
1.0097544206557763
0.9418732973261951
-0.6683845457788415
-0.5913494373050115
-0.45873321147731655
-0.5931331242830921
-1.0722908803296654
-1.1459119375007167
-1.2643376926416583
-0.1137868166078605
0.5850061316787103
1.2580654997026512
