546
-1.0043993061848835
-0.9098834908950872
-0.36404684432404927
-0.7987382134803241
-0.9409732319860107
-1.0554964985180608
-0.6845637495110232
0.2084901699083979
1.3031424731850572
1.6620331298052382
0.649303131806898
1.0933080222824434
0.5320514664931917
0.310371741771362
-0.3477368440677145
-0.6798629710125995
-0.9487069366096486
-1.191163138162463
-0.9705810464750476
-0.9100735075373411
-1.0163255938281655
-1.1241800935917832
-1.0139480091693431
-0.770844129917294
-0.742033686609144
-0.7456628677240269
-0.6112700652164691
0.03813206468596717
1.3763115485159207
0.8712732573402201
-0.0897543195687095
-0.9257118444464029
-0.8528918622698314
-0.5187351186373956
-0.7735867657756746
-1.0710267082026566
-0.9877143318337805
-1.228738052673005
-1.2277432452015749
-0.6192147170563679
-0.13391811103465037
-0.3745027125943656
-0.9155187456039428
-1.042414112266505
-1.157923094308157
-1.1773698895678582
-0.617671580529439
-0.8571830958096992
-0.7244603196343594
-0.7266790888760127
-0.292380603166386
-0.7796451203774274
-0.8285248803771935
-0.899793381101875
-0.7452555525925807
-0.1807889143770793
2.168586383089292
3.033353556214261
2.4694100630260287
0.5611442809210088
0.5661556507415914
0.24810088211153075
0.6687688138050799
0.6321280642201581
0.8703084156118491
1.1018888917094734
0.8186109599886192
0.714549325061059
-0.8752369810478847
-0.6282872210965785
-0.5321002942076273
1.553201830952281
1.6443452258552556
2.2724288128273025
-0.03540031271978222
-0.456028963838746
-0.8466483095180277
-0.9496145643518182
-0.674246587886959
-0.7854931990561274
-0.9850453793085417
-0.8467054383257863
-0.48854204980827004
-0.23507002249091763
-0.13590554659540413
0.3566004252848825
0.7900846697164865
0.6070149534203677
-0.1602560134778573
-0.5155451573702577
-0.15059217310262318
-0.3463878527577591
-0.09092789774209584
-0.4046095564083458
-0.4371756438364708
-0.3922666047276186
0.5658326405097339
-0.10117681044541521
-0.2918240155774284
-0.014682316294155775
0.9537540115229962
0.6954109084930964
0.527752765673328
0.7413112219273733
0.30602547514771694
-1.0150957270055874
-1.052598454427667
-0.6936468034254744
-0.5075286047177947
-0.5132168286032536
-0.10350078175969116
-0.21367828669571434
0.1975113150111847
-0.6640998776876168
-0.9875553897604258
-0.9366513616406895
-0.8357491517289027
-0.08768228589563508
0.20125348890315345
0.483570093535534
0.22500478323304796
1.0158181887173223
0.27985834241787905
0.2542103692346755
0.9912691533348928
1.6980634958464615
2.2528404691873503
2.0966939816369408
1.1483172792436038
0.5416058233000539
0.27273128875875563
-0.1330236814914345
-0.49706195338739384
-0.5554240253652499
0.12544307122481355
0.1228487368907728
0.37464221123476726
0.8437525290819089
0.7672567415190606
0.8579068198081846
0.6016630293024687
0.17444340018035973
0.4686956267841776
0.3126066973632144
0.2868325931002787
0.39205745019622895
0.25147313258189724
-0.3152321133224145
-0.6096572581933123
-0.6081385466643219
-0.029800556460868974
0.5894030335109592
0.2708694944431792
-0.4267682035339883
-0.601315370829672
-0.9874973224893694
-0.7822588350627712
-0.9588809611936846
-0.8832445393986826
-0.5598968839680121
-1.0069581860868617
-1.103998574269701
-1.1776392180554205
-0.6760919993526057
-0.696381457170033
-0.22234565539446552
-0.7625525972049128
-0.2930625106632753
-0.9285333903839817
-0.9515177663311176
-0.7090090251707662
-0.8465077615429165
-0.7484445216385891
-0.5284141652978419
-0.6388539382659519
-0.547761727750788
-0.5929001528739296
-0.4452056548279138
-0.2946508507464089
-0.2774670619226816
-0.4358424474137489
-0.10771769272242082
0.04720111359728565
0.8216315403818023
0.8740176223204681
0.5568978198375248
-0.4317289213435986
-0.3288864037240608
1.1329381763538549
1.7262734113471645
1.2086490190329744
-0.15950751312430148
0.18242332183665458
0.17737210538948192
0.8931281253799989
2.892009320724625
4.394029485558167
4.502661556265796
4.122836620125397
4.23609918111304
2.830827222205523
1.853191548665041
1.0024033082214348
1.3399607506004008
1.2267798433363435
1.2969867329776488
1.6662778346724323
1.1821451367070737
0.9620175733629981
0.3235835623397767
1.211999117306698
1.4187712820028118
1.7154136418202457
0.3018032207759341
0.9578256198732429
1.364441334642656
0.9352862159741013
0.475154706924141
0.2306054734266989
-0.15359346110329455
-0.06209593468451525
-0.07265311704907927
-0.08429687108151876
-0.2453957518481486
-0.7100659616222379
-0.36890737998848566
1.3192586596138707
1.3106485108382298
2.08742806067582
0.984368744290414
-0.1493067321361199
-0.15238344684362828
-0.3121716858717835
-0.3164914415970923
-0.4009367676787337
-0.4872341059525349
-0.3611920578791527
-0.5020041807475683
-0.4923689187701288
1.4894872585189125
0.8629364943956381
1.1426449316374538
-0.540002032143528
-0.4263712188035331
-0.7157293504973444
-1.0821626275999963
-1.0213434013568288
-1.0126708305272423
-0.5160713625551617
-0.9115747703051335
-0.03769064004942896
0.7050912742769054
0.4568358022877971
-0.2974643010955136
-0.9959343647160956
-0.6054911639044307
-0.6578300906541207
-1.0703225696259804
-0.7872239625120504
1.0039820815506129
1.6726855144131632
1.3482185873865191
0.994856394049247
-0.10956854241175588
-0.37747576471080935
-0.4289911827180635
-0.29968060584321266
-0.3423034091125977
0.02226610753580893
-0.08291146138278208
-0.730176930108359
-0.9110594974709003
-0.1640178048252108
0.4874321905123879
-0.21769418511984495
-0.8028618130643347
-0.4210626920524561
-0.528438752752759
-0.5455853748924584
-1.0999866638583042
-0.9561779316061466
-1.1257305742258994
-0.4159001501587983
-0.07903505008903604
-0.18848790271411037
-0.3874341548310761
-0.5912652940994662
-0.6409328532879179
-0.8752715877359042
-0.3960301481279867
-0.14385660325699334
-0.47360504195214437
-0.8909072907495655
-0.7059365419282654
-1.004287947338998
-0.45815684293057013
-0.5309304532524646
-0.12068078012894598
-0.8627040265869778
-0.7692451071717398
-0.814914878658934
-0.6081062589083532
-1.0490573417539386
-0.8354473334338103
-0.8826839612838759
0.13945258157273618
-0.1545481713823286
-0.1119202879970236
-0.29258007397202573
-0.4120150544850275
0.9714304229740001
1.114966062456953
0.7222353201601763
0.19733079661583638
-0.0031306447489225014
0.022740051041852928
0.21821090868160203
0.20598796513507822
-0.021249595254384263
0.05876476849706802
0.8923856678884502
2.926883307732783
2.581369212399642
3.1118337990020715
-0.19348175250459798
-0.8824248117778866
-0.9650408559375802
-0.8586931698785808
-0.41966982358661825
0.01666445303357433
-0.04477135972822473
-0.07684815649374943
-0.0404230988571227
0.18334226527140654
0.330982317322148
-0.17789967494954836
-0.15500779980988355
-0.1528339823403455
0.26470262605610945
0.4511418863926514
0.006068823548532661
-0.2955408123076153
-0.5835937829380474
-0.4839951742852818
-0.9910724566335393
-0.4058755966191992
-0.7520206571837968
-0.7620142995488047
-1.3078643499049634
-1.2439624008522323
-1.2242074756047758
-1.0648422217138622
-0.8591528079697268
-0.6124851911472
-0.6291986358143966
-0.6808933906666924
-0.39271512602436137
0.3563805603648371
-0.05509581734820915
-0.2568324038317082
-0.23136950103901618
1.445649825219337
1.2379532981313495
1.0866506840435781
-0.7454340734112994
-0.7255718513099306
-1.0323466577099745
-1.1451493231380152
-0.7756582470143384
0.04432649291900013
-0.1428285220557382
0.26026031684916473
-0.761923615357405
-0.26534425778400283
-0.16640421221312993
-0.631239518137053
-0.6240313576538354
-0.8324278354956465
-0.7210087084256148
-1.0369794636017413
-0.69078662981543
-0.3482781917914602
-0.18656045151175768
0.2581162022429111
-0.38378674980633015
-0.45161555063010406
-0.006920172511499893
0.30587603046275735
2.7747354563833535
2.234531688991278
2.320015699922339
-0.6360799586075987
-0.8513189879124853
-0.9664886324880559
-0.8814779584540033
-0.8688894042059873
-1.2127874902456124
-0.8692225817216752
-0.8943338292579892
-0.6413505065214512
-0.8409033190722135
-0.3628502353380941
-1.0267448067826286
-0.8861668776602142
0.5052780273761547
0.57391869448142
0.24354226301133544
-1.0137059301357674
-0.721315694918738
-0.9741213263823424
-1.0988063742893246
-0.96733049179508
-1.2130465383709907
-1.2059107842008336
-0.7190919110738292
-0.07076898148011097
0.12400984075708184
-0.8122716301201522
0.3018221898493801
1.0069963597504679
0.9967497192479118
-0.6516137364005714
-0.5625397663335675
-0.2309933261700918
-0.0899015877892529
-0.49046006429660655
-0.9244341996665796
-1.1608522862634538
0.18994047561645092
0.09815641616113083
-0.32620091742942625
-0.9971110453592223
-0.9521163244044233
-0.969791871829086
-0.6486762558734158
-0.5964400504169547
-0.9661643633212255
-0.8893941840911936
-0.3975456836096187
-0.6451802441971863
-0.5666282873558761
-1.0121582144569239
-1.0191833069668725
-0.9746845477046058
-0.7228986944219118
0.017194579962849496
-0.06485638212235213
2.414617812783975
1.608607638083674
1.717590491002646
-0.5904721141546173
-0.7604650219742779
0.09088091144362545
0.29430377355260257
-0.17662938105091955
-1.0030951472227767
-1.1905797873591426
-0.6071223468749948
0.5904777085131823
2.5019445344113715
2.1235759602098705
1.940496085560482
0.3338127931023388
0.1819638478200126
0.24603929743006164
0.09767726812975165
-0.2968071166206818
-0.3004132218749837
-0.8501453598119975
-0.6450546570350059
-0.209569435643967
-0.6992560705473218
-0.6665569783002806
-0.7476623251002406
-0.18348972340585246
-0.4220178170427094
-0.3486681519890945
-1.1760132149748406
-1.1040266719505147
-1.0142579576061321
-0.9858644430089971
0.05606084036453767
-0.015493331500741605
1.2865573270787702
0.9772461506723115
0.5708578197400986
-0.3784165355298682
-0.36634625723512204
-0.6973967451043228
-0.6940260963317658
-0.5970605824860842
-0.378273506683054
-0.7988458639984477
-0.7303954486514291
-1.1371049150918757
-0.09590044664038666
1.4343346617311046
1.5869229055146328
0.5410327902981193
-0.7267156348076332
-1.1127026709453116
-0.855566613345725
-0.8230908892655237
-0.28127929149339426
-0.7167272323822104
-0.6298528934399314
-0.15911007891112133
0.5564689507391702
0.07203039339497061
-0.5644630790809684
-0.9787352525955877
-0.36014846042115656
1.1603309932586934
1.785450018546765
1.5863677267187561
1.0412528228225852
1.447737128289604
1.0439089505773205
-0.10667594561777467
-0.4604547925620066
-0.43183428342482477
-0.1056824648959085
-0.12522884362114253
0.07607690918823763
-0.03343168395714889
0.24540125769919074
0.8354283391289671
1.7962081749197722
1.9188532689518978
1.964917881917905
0.6825740919805012
1.14346865518876
1.4299101583328029
1.7910882642902648
1.2842327635386663
2.395189434249353
3.06287731042708
3.404706797959858
2.5051608964496133
1.513068487482528
1.191843135512714
0.9346375812857376
0.6171634719092116
1.6407161572909184
1.5395650747732954
1.2298269179311405
