182
-0.5274325120115211
-0.76032348328235
-1.0815218849572852
-0.4047247380644542
-0.4846588319351178
-0.7482693842714382
0.13103920863829438
0.0006074178075566692
2.6477953398699867
-1.602238768205319
-1.5104804166753172
-0.5722566824820438
0.05581743064965839
1.3353504291901115
-0.2496174251659237
-0.3016033148497069
-1.1930548072999376
-1.078875845209878
0.6609047629701437
0.21525310186438118
0.38374569837647926
-0.4477605810671941
-0.5832771076220636
0.5919712778348759
-0.9687158617369515
-0.7667106952761673
-1.2186148399922072
0.18161878854901095
0.643596080012024
2.9647812185150437
0.0443858830565924
-1.3295442534764048
-1.1452332917517483
-0.3654214365573519
0.40149486357953906
-1.4548204695032994
-0.0745852850154196
-0.01633032494487638
-0.47827157439569673
-1.4921821257963437
2.2100728633175906
-1.067494610148871
0.9871510352845714
-1.1322214165946007
-1.2788552867882428
-0.07090419584263659
0.5972003752310944
1.9188754351990431
-1.192137087228748
0.9640895438881766
0.26330076618884696
-0.3784160135547486
-0.580028253003442
-0.12825369890326993
0.0677819144605494
0.6454896866115438
0.9199095089703001
-0.2987717195958161
-0.6491397776825127
-0.025656654640850502
-0.418775304915406
-0.7428317106243401
1.8867975577446954
0.4117750985872617
0.21127128208671228
-0.682523502506074
-0.15456034488754744
-1.029253896009195
-0.05084330429744026
0.020621436977140885
-0.9730473968640888
1.9166267286757324
-0.5817034455295854
0.9436135455007651
0.3050003195755167
-0.18787247133157806
-0.6531589231803513
-0.42870245821909037
-0.5640738108877091
-0.5360411298309967
0.8813804816763556
2.541178371643336
-0.5281531418164117
-1.379849303660921
-0.8955263333358059
-0.6290708166872852
-1.3784190277004194
2.183849134774386
-0.20374002520547133
-1.0460445319919116
-1.2429451013598272
2.584239810009848
-0.0077202495910737075
-1.2278146856568417
-0.8820592824804162
1.8176868813199374
-0.5943890170413164
-0.4486057781161484
-0.6679484651571415
-0.4130010262858576
-0.9132942365273942
0.2307019790325969
1.6229103628692279
-0.3030609978310062
-0.13146889997829408
1.7280628058309513
-0.43474092832396416
-1.1594385346586356
-1.3789293756739778
-1.4086940858132222
-1.6498022194747688
-0.010492270169966553
-0.5705389405659262
2.574894140425336
-0.7729823237637603
-1.261154944795333
-0.4459513340968461
0.02115546499732884
-0.4571534542420915
1.5899938248896988
-0.3109494060054518
-0.549038820024117
-0.20754356971023613
1.3063645679247067
-0.7477188692489428
0.9435541167723441
0.7525614843018353
0.043297595401840985
1.7880318559628838
0.18926436300334537
-0.007685041529875274
-0.9658852525421519
-0.8594799220153206
0.283061359985788
-1.1192703175898782
1.973319576957612
1.5604693793833604
0.29778898514266916
-0.3951701512981145
-0.9128122040850298
-0.5646241590455399
0.529144460103158
-0.10410993368889743
-0.2880988305719936
0.23596403759682455
-0.4653619064304493
0.2009273218973226
0.1868494271722917
-0.6944011249511186
-0.10900552908887591
1.0169511249740841
0.8935991901453665
0.054837223945883945
0.22268775984547717
0.9903044005612763
1.3272606857267388
1.0643830810032757
0.404045901798299
-0.4986704808149983
0.5409469573360284
0.7835926175583913
1.309076578191428
0.8753595370988726
-0.20923204300653098
0.9440729816324209
0.5839379910307875
-0.0825382831739757
-0.596899525086575
0.8474452120811059
2.3918936171880865
-0.9116441651466329
-0.5854667025866581
-0.6829484506709844
-0.02091743798755665
-0.016069194484645187
1.7899181807347115
2.143338429070621
0.46498860109545304
-0.2788958470673402
-0.2928145763825883
-0.48569078029237983
-1.175506248164435
