546
2.444743367284473
2.215624719245867
1.7322900291216634
1.6758753199074023
1.8143099094139097
2.080147863206259
1.8440144748191987
2.945404434988298
3.298246827136143
3.731473710907277
4.106421835420418
2.6512080981010815
2.617756964908695
1.4106677031206118
1.1913163993117353
0.8095161862137862
0.67064768064034
0.62442941095988
0.5060307428693677
0.548962915028932
0.589024114077515
0.8337515342614664
1.2045279436344858
0.333581587526179
0.6208674789099756
-0.005901691796165131
-0.3254586386752157
-0.3067009364890212
-0.567066435850811
-0.35709893076409077
0.20367331761267368
0.9636080821323335
1.5101461283932665
0.7839891696097027
0.7403834825405121
0.4472148310468747
0.30407612173832965
0.9556382980261392
0.29597449421659705
0.47931252809380526
0.6828650457716157
0.9958119295219041
0.6875936461188273
0.19421777547237282
1.3851760730141631
0.5624898775887985
1.491058825326224
0.628094600175847
0.8681424994729908
0.7112001112130262
0.663971857779227
0.4401647765045245
0.0758940157478104
0.14005622909631768
0.502580396471036
0.28045676219192933
0.04300555187963654
0.1950973665202962
0.915602852485241
1.4921396637342697
0.9561202872092128
0.27595478813785085
1.4966929692980266
1.983277759580069
1.4733444801910724
-0.5640244833809832
-0.6907008671277254
-0.6343958494711762
-0.9498624325405527
-0.9101760614267509
-0.7224632436626164
-0.8327173432914788
-0.7970442264804253
-1.2988258074143895
-0.8872893050609579
-0.6558044735908553
-0.64988792926182
-0.8902240692757379
-0.766561800657406
-0.8884683310174589
-0.7346622619900347
0.34299082042220375
0.01139098952354191
-0.17807984932985407
-0.4209577912725546
-0.5657828509651116
-0.7599621251590167
-0.1969292933630827
-0.6143681666753404
-0.6682055745414611
1.2496949815619132
0.8954676137963415
0.8558843194040985
-0.901945860826138
-1.0307713594511885
-0.865263502691861
-1.0086915900629598
-0.7575816451908662
-0.9804626446445169
-0.9458001953855482
-1.2941443046233077
-0.6696398969778571
0.16882437047855306
0.6389655891987818
-0.12436772448198619
0.8055431517794399
1.6906214965852793
1.9162877761407606
0.7710822958161695
-0.2070984735576869
-0.833863998874532
-0.1956545566165147
-0.6853821778441559
0.22482769333049074
0.3630224486535051
-0.2326793151226952
-0.6726513225147427
-1.001929120941429
-1.4370695826807873
-0.7302342660113231
-0.6915702244384565
1.5171167999223512
1.2270061437948738
1.684710278237684
2.4442002729799586
2.291718723963874
2.9522149804220152
-0.14784285423412227
-0.07547795490764547
-0.8384278928580099
-0.6290666861719053
-0.5241617351436095
-1.1781991207797018
-1.2184130451584996
-0.9735295110842912
-0.7695706506885077
-0.7473886718610752
-1.09030534172577
-1.0441777533627237
-0.6097723165370654
-0.7706847734577755
-1.0105605688288184
-0.9573622642468442
-0.062109979647937394
0.12216830969539873
0.1722301645076071
-0.8189703981147753
-0.9798127046371007
-0.5099899679275658
-0.4480762437648228
-0.7326071402243118
-1.1452221636431903
-1.100488173245428
-0.7803393697245758
-0.6789817261502404
-0.526174144175746
0.02149986295151138
-0.15793896775571614
-0.15191000589997078
0.10400389133941053
-0.4144274802764839
-0.9398906837466473
-0.950218838809029
-0.2082554406786269
0.060915179929787795
0.5104834588019688
-0.6731981961298676
-0.961120347543541
0.1324750829020439
0.9317684563724197
1.2530119560023394
-0.16818942473581688
0.06525140857448983
0.6700910217480911
0.7549611949715489
0.5783028552720927
0.4198923565732631
0.7322283916188352
1.0867625501134122
0.9905343184510164
1.1542712288798707
0.6591315315618046
0.18284301133638844
-0.14673492155992923
-0.4155917710114311
-0.20160731209055768
0.33110265825177904
1.4942612753486746
3.4193824440197744
3.746192224400894
3.5369927679647613
1.13497618802876
1.1066209713502093
2.280437792357844
1.3353478120473519
1.7671781126555648
0.5846802428695694
0.33923706383608404
0.9184878818714051
0.6572197024306251
0.9201006664296074
-0.773975153503677
-0.68617290510653
-0.7859192267884674
-0.7064335513180093
0.2535051818364683
2.0311320923472183
0.8569001600660312
0.7394203841625787
-1.0192824333819919
-1.4013638927191534
-1.4481939655752603
-1.479014771192014
-0.96824096094136
1.594135469520284
2.5664661549228938
3.2611871654059312
1.533617039342369
1.0018033665377186
-0.6082069689122511
-0.7824441344860491
-0.44074286992509565
-0.4800468406326231
0.1036385184551117
-0.5098492030436029
-0.5824048420374238
-0.48314999191029956
0.5801226908248569
1.5451459135457553
0.8112379405533601
0.22625926073781413
-0.6891865611776855
-0.44283893240042493
-0.18186579247480375
0.12691794846809276
0.21300626391383046
-0.3995036414121123
-0.30178931819358157
-0.44152127078597436
-0.16092500404553686
-0.4288831384736823
-0.39067062653235923
-0.9865810552482351
-1.0003120017171387
-0.9995910902781829
-1.0915026354710826
-1.1338153444174248
0.4241620234022209
0.5898255399162518
0.5232630185610523
-0.5018661165662701
-1.130445285092574
-0.747227271406252
-0.5179820221710139
0.4121136153564709
0.33088141002534655
0.2714928212249557
-1.16844540582773
-1.2909134673553666
-0.9936234485600433
-0.12700170155836682
0.3057761251706189
-0.21964145848587316
-0.866542381265256
-1.0701182058557779
-1.317492423574809
-1.3423018903974686
-0.4764505258251299
-0.5583734064512139
-0.5375233065001487
-1.1647323244764676
-0.2870087861921556
-0.7749472391063015
-0.6945206931924612
-1.0859219038321932
-0.13985585172969625
-0.321442989414788
-0.0046616583437663036
-0.4953876840083209
-0.1604281840182898
-0.6379868549619522
-0.8894102256603779
-1.215603419925635
-1.3493592675482458
-1.1343251621519923
-0.9017263504119098
-0.1704793732477407
-0.6486419221952989
-0.49706871253058804
-0.3906895748069538
-0.25275738703396317
-1.0831497121309157
-1.2249784977571387
-1.2142872130114863
-1.2414738093081816
-0.8451368252064968
-0.7521931736967625
0.01827767086701912
-0.19964272893801174
-0.37762484799252977
-0.9228256627265649
-1.0824822467728317
-0.942195504343307
-0.9639090871761313
-1.1908454099971169
-1.068100669058208
0.08802117964171877
0.6145635592857858
0.3747313261783871
-0.844817275045263
-0.31741231750679644
-0.3721540118640137
0.36585900748095707
0.012770485397838606
0.44186117044165407
-0.2352053052546396
-0.3605019390865829
-0.7499522018658786
-0.9942093378330517
-0.3197510123541101
0.2680471296485939
0.8365676281401143
0.25745739303880727
-0.21182056721093456
-0.621586862382564
-0.7259614597870709
-0.7582460850471479
-0.6172288971258804
-0.6979178483504219
-1.1755735517945491
-1.0735632852064079
-0.6331855489986041
-0.5964715285738676
-0.8057361573473297
-0.8134480844741592
-0.37001044427060925
-0.5866064509753464
-1.0835565124502957
-1.088282947677071
-1.146272166166033
-1.3961700981495637
-0.7537547638879459
0.520247764176904
0.2948558298047789
-0.629311381641825
-1.1608840108830298
-1.1042169078922603
-1.059143729931378
-1.106107376977608
-1.0468430109937406
-0.8852043599833537
-0.8916703866699581
-0.7150071596873937
-0.08444766622699486
0.49390813181803467
0.1488089835970223
-0.7553239730906269
-0.8211146284794987
-0.44810850568232913
0.20254781726506238
0.23171029253095213
0.9663094797921293
1.1457851883633159
1.2289899136472566
-0.261343123587714
-0.08005737707998964
0.0325051294188211
-0.8519683081849971
-1.093678715812501
0.029238156686035594
-0.17050626492650653
0.18686665107916003
-0.809632931608596
-0.5362656135745208
-0.7563153423490904
-0.8171207894413179
-0.6576461948464388
-0.003967368576970792
-0.26549414594065324
-0.98609008457616
-0.7580484728958561
-0.6269757421906929
-0.6200546137824728
-0.906573166321696
-0.5892307154381237
0.1697704422194752
1.4510290636725856
1.2014130162752494
0.8626352206449197
-0.6337796501548185
-1.151329184079765
-1.2680800731036075
-0.9325196113685849
-0.7370282236765102
-0.6492733308601583
-1.0421786095747987
-0.9038696705158867
-0.7681460886069423
-0.8777714102383608
-0.7513825261695593
-0.09311042877651494
-0.11265953267606368
0.9543325088398206
-0.24234310555201333
0.15578060426869078
0.581624615964156
0.8287408527271326
-0.1536962243063825
-0.49462913573918244
-0.5129949836627342
-0.08985153850179721
0.20923830029241627
-0.07664622929528887
-0.08079632514902764
-0.21790988862911856
-0.2110517528007952
0.3076179483008879
0.5917640143874797
0.7083396061446763
1.0874548922500478
0.8102390134007303
0.2613477670840521
0.05123463235210674
-0.05029914609724787
0.38343388442162085
0.17349104625063483
0.4010883674093879
1.990080213635448
1.7917043383468851
1.5452444772866454
-0.2831975371777187
-0.9564108032926065
-1.1566634250144134
-1.1723288538156675
-0.7041294254254229
-0.43666370025279566
0.6251085856027342
0.796205623434009
0.7128317165116884
0.18377879691410354
0.2627537139679493
-0.7703221576898875
-0.5896511950018729
-0.8791137177524271
-0.21584270239255213
-0.4140360550985894
-0.6699117893476969
-0.8571043182693864
-0.9987139199304557
-1.1509652853141665
-0.9655453884258475
-1.1237263446557997
1.2010293624872772
0.8344949061384221
1.1467222312692305
-0.8628098654255433
-0.5842121741305107
-1.2623284719425638
-1.439260474066332
-1.3987991723490525
-1.3882047962585689
-0.981213372176395
0.6848086387617681
0.8347545838368708
0.7276422347194524
-0.4446377212090933
-0.2761673519332042
-0.6229927396217412
-1.0725182465911567
-0.47466659430461133
-0.44810377702822446
-0.46953783665139415
-0.5345143399374138
-0.4448250742722498
-0.722233998770551
-0.419067318274638
-0.5482671291025213
-0.9713741824541824
-0.9836114838451815
0.404502825127992
0.5534984015226883
1.5039152614189693
1.2695811499303717
1.2882854789771891
1.3019141419975797
1.1696468057247453
0.2970557743320421
0.44543430275945833
-0.6715198192984041
-0.47044796946206885
-0.5248984353821554
-0.6292996179890313
-0.34922680040813564
-0.1182569258836677
0.20567000315936232
0.6981657516726408
1.024675855664998
1.7555505060772363
0.6886678391104585
1.2286423685599697
0.8989625837527954
1.3777623870603557
-0.29377320578389643
0.0045621534181183
0.27272953560072977
1.2413037568477145
1.4745644121698123
1.8377408129141901
0.340488933842512
-0.8981411327931784
-1.1632503279297064
-1.0132313724611108
-0.7860084802603406
-0.8383222205118941
-0.708102544428167
-0.7560970309926938
-0.46435028813416146
0.1471771042066377
0.011855384465085717
0.9549067652150717
1.0852079588679517
1.1680345134101031
1.0772784185250075
0.39650621334491043
-0.5349886391158294
-0.31749082780255233
-0.05556038091853762
0.27888617078625794
-0.22217985344743282
-0.33264918165930507
-0.4022963789716696
-0.544009391415071
-0.44763457248263916
-0.5216094467752378
-0.11904654151841132
-0.5814329022471552
-0.4242958884021662
-0.371581105602113
2.9261418859932258
2.7182784517714103
3.3125105692471117
0.4747219957079211
0.2009102416268856
0.5382989634152138
0.4492490432798476
1.846423330358967
