546
-0.1867863833068026
0.5592936411233446
2.130280455761773
0.9432069019388869
-0.24840019253160397
-1.2693408778209634
-1.0482714949115082
-0.8753392452370012
-1.0657161456007958
0.42366258906116533
0.3793417657018686
-0.1699626835776222
-0.3945365658243656
0.4992275311485802
0.43929831534734787
1.4087374403624646
0.21114994372941295
-0.7568450396658879
-0.9335138265452265
-0.7482287309035017
-0.3886080296410665
1.5320825300012253
3.1038095055113257
2.2935118022663796
0.5904913794850479
-0.3664185081908622
-1.08141859812164
-1.0498590476234617
-1.0943027064673596
-1.409126630814245
-1.4233311108721736
-1.2486430562903803
0.3272383101056275
0.38197036043974447
0.20950718868981744
1.449859835853807
1.6670117144785166
1.5713084332026612
1.7874924826581386
1.456500234230265
0.5087689361244028
0.537896976793508
0.16503246491364842
0.14170209198590927
-0.6513366755441505
-0.47617527391902426
-0.5393759522187019
-0.7024099080185741
-0.9660111689302213
-0.6814914366393231
-0.8154967662798018
-0.6278834011593227
0.6055385038730735
0.7375294041670188
-0.0690443218608455
-0.19581351752758372
-0.19479314136273929
0.2939796809817905
0.010247132844129935
-0.5396955120432885
-0.4616696030315898
-0.27511132233557894
-0.4850192112404729
0.47687185989680897
0.5031722033687479
1.266009639942588
0.46017155641116925
1.0170044686907027
0.7297453024691379
0.08473580865188048
0.44889076587022736
0.0213936194688515
-0.3144640266875793
0.4679863458325043
0.5910674238887226
0.9330028872170568
0.28714495463344963
1.2743326788908251
1.287970113780537
0.0016678738956725796
0.4783649027381368
0.5500773777807615
2.9177441539633504
3.381310267137831
2.678784970848791
-0.1060882058389157
-0.7246471317011992
-0.2803910144709773
-0.5373200067460365
-1.0785153320707903
-0.7157989769592247
-0.7701411411840983
0.31712435143317236
-0.6018320250434446
-0.846134418746067
-0.6694798595244957
0.6539546705903735
0.05364042625597121
-0.5927065847313636
-1.0719003104500548
-0.17021060577701164
-0.4464880046030183
0.5473096388249661
0.9494235850103754
0.5909791956160441
-0.5734553435417435
-0.8986990212942153
-1.05233607306399
-0.1262049839363537
-0.6273218028207209
-0.0524172402459131
1.4731474155621858
1.660663401704163
1.655852145913579
1.0243825791354748
0.6930525229548503
0.22937708699548431
0.4403331423352047
-1.250339801127468
-1.1041804549217045
-0.9973967308769429
-1.3629959671462406
-1.4198291564516041
-1.352777375339751
-0.14556743125639585
0.30138631105714325
0.07190918847938761
0.29877805162487897
-0.49557341600752797
-0.22777729681928544
-0.8620603760926273
-1.1949917041641525
-1.2179425692628096
-0.8440416207447076
-0.4320796942379659
0.49337048689067037
1.6496896828230625
1.2806069108870106
0.525115422093937
0.6671199360691054
0.3633420030703735
0.7054874012064833
0.4338008181324646
1.2251579492523168
2.0494423663435124
1.1491907942903168
0.48596590337741385
0.20532042307308224
-1.3680414983625726
-1.3680084471705953
-1.3130584361405866
-1.2180438192465581
-0.9199437430483065
-0.9503409693515982
0.03187844629570544
0.5528604911121366
0.7661989903287628
0.43309730544016833
0.02731406768242341
-0.2673579101424977
-0.8587167243000974
-1.3925611285492727
-1.3977857077452345
-1.37360141500886
0.11526407745905808
0.9679880888789745
0.43383375681711817
-0.6229635928094168
0.8425596964513863
0.9805892357659356
-0.030669745022227506
-1.179117901561099
-0.5365348347652696
-0.6960758587427731
0.9470913292856409
0.36004119825045755
-0.3981416777610244
0.02994649594311105
0.32813653861198916
0.9725880034286482
0.30762556349764236
0.3243000215861592
-0.8204982824054778
-1.0553089317011732
-1.1929450770084555
-0.9363446296383525
-1.163995888857756
-1.4005996325983936
-1.6058836557947391
-0.06581448625301942
0.20054823367070218
-0.13493002644201924
0.2019789896185337
-0.6494023413839664
-0.23425530325818292
-0.6181863887629816
0.10603981078852878
0.36389182027072603
0.33648968329330914
-0.0006684107584755941
0.6397690718988739
-0.05261085197184407
-0.4059818746363497
-0.04401128462834131
-0.11020351315299655
0.03550567438272256
1.2698192356218736
2.5183691847977308
6.22291563615275
4.357685689922354
1.0368744418462423
-0.6086870557727803
-1.2728671994524003
-1.3676489696100542
-1.4205648960192097
-1.3214383077794272
-1.1158831245957637
-0.942276891585252
0.08692886749812238
-0.12229799097914779
-0.1770412528536336
-0.5671256044281058
-0.3108331541457216
-0.30813747933320484
-0.2272365078338302
-0.19223509124873384
1.5947839345288195
1.681908537129356
2.6934850545427564
1.3711811578063822
1.0848162677379138
-0.42146990945824264
-0.6106960722810861
0.23495815680404317
-0.921800335986048
-0.9772199181989863
-1.1745650569909118
-1.1313545905890559
-0.14918650582026544
-0.1724316018321552
-0.3559658998724331
-0.4614737883515464
0.11409205518187325
-0.1260962701526124
-0.39681507550016093
-0.8188999915081074
-0.6994069125685919
-0.7118645338120079
-1.1757977624030669
-0.21074594532258398
0.5782605193096969
0.15950486888870247
-0.39525803290536615
1.244746352114077
0.8835737059180079
0.6324860002638638
-0.10093510661352387
-0.8659723847848525
-0.04462787414602771
0.7393054111667221
0.8568841557162538
-0.838414798779012
-0.6973062757033638
-0.3217645319737896
-0.6553154613760056
-0.5469349924190292
-1.166105827681652
0.14315570668820635
-0.2014223083005829
-0.05710513345944277
0.45270214303189965
2.4960309114557733
2.2733498921916295
2.0668595269399264
1.136155781724133
0.8437845828231781
0.4341637303386556
-0.6665125928022061
-0.8740221830732139
-0.6563304789484321
-0.6676943809704255
-0.9575853733293322
-0.9382945703383616
-0.9572237750474275
-1.086668221065912
-0.30728915198365697
-0.5160110483923418
-0.46191983998716735
-0.5243648536555798
0.7869568671593496
1.541395032528071
1.6636516599950917
-1.025510339869411
-1.196042459603505
-0.739286573130541
-0.2032576315442028
0.226991284252552
-1.0171212079488932
0.05393339832280073
0.19432227779625397
0.689780029159643
0.5372126990137472
0.2105450211507574
0.9825183562234031
-0.6445192638943182
-1.216056151752467
0.6455516473439634
1.294998907704611
0.6196442693240015
-0.4982303967468722
-0.08569575328324186
-0.25438343598432644
0.19948906109683778
-0.36470338661185053
0.9024654872081433
1.1752331920469639
1.121086678004256
1.2545165126365443
1.689453430166063
0.4990943452835184
1.4162389334178669
0.8900969891680233
0.3338144571984452
-0.5122809244663807
-0.6385219586068108
-0.863058012960589
-0.8608694240743432
-0.6878397397089379
-0.9689479226507648
-0.47296475813365313
-0.21288317522408476
0.08842426018759399
2.9971684087630215
2.088712749161868
1.4133432219604518
-0.8430735554912034
-1.3058780206107445
-1.6231998859243653
-1.4773939157592049
-1.4100741119658335
-1.277032691532622
-1.2231445302605573
0.3213395489734491
0.3934605893773938
0.8337091280817113
0.33093371564597496
-0.5159338766950544
0.4845010137979776
0.23997824816940744
1.4494182920398706
0.04386215733706337
-0.9332733983059417
-1.048815190863049
-1.2095092217795653
-0.9832072928305534
-1.0345778541998616
0.059379069512674444
1.310520486908748
2.526151541317114
1.8235398011272486
0.8797384172776466
0.3543975915927945
-0.4763711578190422
-0.7080849773449803
-0.6958494554596584
0.9865616954924165
1.2740521570960681
-0.2218541554435417
-1.1251142005969847
-1.031476503922074
-0.3391196383174317
-0.5436401117829223
-1.0525676279736744
-0.7902689422693733
-0.8743603498600089
-0.7274170371170063
-0.3997678794906038
-0.1317133877081951
0.40492689490672595
1.2752115843267486
0.7911625241945823
-0.2725268084597805
0.22340239608971785
0.4288318189894452
1.3834513689600418
2.0599086962551265
1.9788690182422086
-0.2739365051806057
-0.4014029220594836
-0.46923778750444284
-1.111772713842911
-0.9774981793173556
-0.2741919258930963
-0.09069862406078656
1.6070088588698088
1.4265388795677698
1.7833370208335197
-1.2290727758269429
-1.3374645136321657
-1.5027765512171607
-1.450191644252275
-1.35692412934139
-1.3885633881560562
-1.504417987807383
-0.8787324364209294
-0.09397342338046327
1.4031291005385464
0.8860803379796214
0.6171998580562841
0.3705261357073378
-0.008221657250903985
0.6413777030358278
0.583734282952073
0.23847292618702023
0.46863662158136543
-0.24825438441577022
0.8629186113378847
-0.005094810114633949
0.9709159146079841
0.7644222420457574
1.2214787292299496
0.7905681298700223
-0.7032234713785078
-0.45467807425358475
-0.3188040161681985
-0.4917693458971899
-1.0684100740084768
-0.7142523841303215
-0.9748859954699766
-1.0057700985582203
0.5667543941533384
0.07049700497063723
0.21870542363402087
-0.6070301900557706
-1.0839908453949325
-1.2915096114294222
0.10438973964286817
0.07677255644231869
-0.45343211111743653
-0.5208837745785323
-0.9373469800720037
-0.2938344206345817
-0.10362891311654061
0.0058648797456204264
-0.5545750697474707
-0.437980463194127
-0.0934813965434849
-0.3507081621806014
0.06579669478145124
0.7855556605552437
0.5689748700632665
-0.9488002395256531
2.21233294223048
1.3705049318403615
2.196252559111442
-0.7865836751592747
-0.8126969179054793
-1.0797954570755157
-0.8723621418376485
-0.43219751611487095
-0.07827992071799916
0.29968572560922935
0.5026514884274241
0.21395552026751796
0.29991012631264374
-0.17034545780028879
0.09589608285491923
0.7552434691734782
-0.6154110202991404
-1.2220945536124546
-1.288040661640904
-1.2318018467349519
-1.032594672931022
-1.0805319452974669
-0.5518256219098785
-0.007019752927150091
-0.07183971685787154
0.0415311773029054
-0.18338838101935223
-0.4996998833941422
-0.15875944867466713
1.8667394907340873
0.3749307501807713
1.6236138597211747
1.6082574162943402
1.598629524529838
1.7203267769823072
0.23396131218514396
-1.2143043155220474
-1.265213376095941
-1.3012055477093305
-1.390328949197967
-1.2954154928722263
-1.0561878189523903
-0.3729439022619049
-0.3443539284970232
0.9292629316660338
0.8033841939505919
-0.2729622517888653
-0.30268049053827617
-0.38054512000926166
-0.2694839255768624
-0.3681390594673697
-0.4231120693636535
-0.5885804443827202
1.3354825873186584
0.6540493695930437
-0.0189364740871828
-0.9060340050885677
-0.7914580003014071
-0.023541642536785035
0.30143794990517137
-0.48356379099782293
-1.0612077588045532
-0.5764883246138929
0.02235728918241505
0.030949961436467933
-0.6289612880687717
-0.7680638845699981
-0.5489579356885115
-0.13248861618083788
0.7178360118470326
1.8039960912584847
1.6365520654259185
1.1590944311940699
0.4446816378731383
0.5868180331452951
0.16449596724281315
-1.3676162125307527
-1.3336560794204573
-0.9249450104539727
-1.0924875797456195
-1.2517525357086658
0.4975457653641614
0.1050216162723845
-0.3295546105929327
0.14904529792273066
0.19568905577742418
0.01664948909918255
0.3092396201445302
0.5124862734601009
-0.3973632475710077
-1.167876029354914
-0.8577538371149187
-0.788142960962121
1.3857731353199072
