182
0.10813248460728606
-0.8375559026379056
-1.0173726333595525
0.6807514412240812
-0.60622145450901
-1.127560734984021
0.7221425474816654
-0.07333453804912028
-0.886579076124978
0.6903592060110448
2.24910432465863
-0.014351502203229026
0.7224722249329383
0.6610425226080611
-0.640542514886729
0.09793629447666513
-0.965991459337442
-0.15819869947418508
-0.6542424578593992
-0.3609625039699344
-0.7527487031518467
0.20415945566240343
1.5553291527888593
1.1578174364380458
-0.27905456907552645
0.1318926170150498
-0.47465848089066703
0.8985564455046231
1.6121411339669607
-0.4529877816009516
-0.03701747611698748
-0.23754439462417698
-0.9404662799814275
-0.9684896078396907
1.397902587585757
-0.6906285045602015
1.000655193735541
-0.424351656173401
-0.657012035203849
-0.49758480250917314
-0.1988785958335133
0.4233007372643822
-0.6318069973106691
1.47868636331684
-0.06260293047335325
-0.23501941827142642
-1.1088307268481217
-1.0067999621361277
-0.10252017489830062
-0.05221291838464583
-0.8066979829565798
-0.8050411007351105
0.7043046317792682
-0.598183164270574
-0.44096311014586
1.6287629843628422
1.261113186955864
-0.3118948836033502
-0.7759335197563181
-0.5652289524131511
2.1026923953935555
-0.8968750139968862
-1.0252743764705519
-0.9833456234870205
0.8864765478458284
-0.4267734669590772
-1.0942878397764664
-1.0824284108248474
-0.10712591578844989
0.04643866177246406
-0.10171075972470264
1.2758041456237614
0.27795481874620775
-0.33022218043458834
-1.0643078277708067
-0.6547333562146195
4.759992655820646
-0.01234136957258414
-0.9864716146548027
-0.8739469841762286
0.16407628784274253
-0.6008594024304926
-0.6984727876563351
0.4870381054727069
0.5248119084860096
0.494877200598216
1.0781014257198105
1.3780557424577793
-0.781919472669069
0.11932641142462776
-1.0870708872223018
0.9602631557263923
-1.0479961890867613
0.3887236404583588
-1.10506377469062
0.09956405293296172
-0.3654432145844235
1.2265946982528801
-1.0266358584193274
-0.4238473795447349
0.9978374414934854
0.7568967647368237
-0.5441420233146539
-0.7014521209495204
-0.6126655829877548
1.0385705748326541
0.3084480409891021
-0.9989068850916037
-1.0661047948337121
-0.9068488987699811
0.63572759514674
0.05257518334519246
-0.6978760548740389
0.011012639158125266
1.7756921183049545
-0.492805400433598
-0.9297361592623102
-0.4038290676363547
-0.976375020055929
3.445943458552763
-0.8714903333602205
-0.24362500149515287
-0.4126723807000492
-0.8503645327507788
0.034921936334712245
0.18190916183968925
0.4359081425158328
-0.2587622331099626
1.0763848299297039
1.5354788537970774
-1.0941270522876556
-0.7059770676316062
-0.6858915112443498
0.48442694244851364
1.4862783706792835
-0.7761297393505063
2.089611597133694
-0.3393994803723072
-0.923756455496943
-0.9387354196379402
2.871905433546347
-0.8638133712616674
-0.9466739377586789
-0.30776846196489
0.14727269130584764
-0.8846100618546655
-0.0023703736865872075
1.0279375860359874
0.7533720029452234
-0.8333198198237188
-1.1515505251527092
1.2217760237086646
-0.7707343224814969
-0.7719284846484612
-0.854077689814527
0.15736075546415806
-0.9913126928130896
1.6446822169840696
-0.8074001216366615
1.0966300344203872
0.12565263283962871
-0.29767929387143066
-0.487217672932113
-0.9665550673593979
0.2394459624001943
0.34774629822810715
0.16887715435906914
-0.5632358133119892
-0.5520428492087508
1.7528927294734347
-0.9432077556348016
-0.38666539840888403
3.1661052270749166
-0.014449829185904598
-1.056412091559621
-0.680429968082974
-0.6782171799293996
2.0913870748498624
0.593793122051291
0.3800814669710696
-0.46219478588502144
1.1488698063824327
