182
-0.478036
-0.161836
-0.120051
-0.416955
-0.52008
0.450487
0.44729
-0.210164
-0.21295
0.247135
-0.544321
-0.278046
4.21491
3.11809
1.3912
0.326928
0.0996001
0.0124608
0.633515
-0.222137
-0.503245
-0.639516
0.522331
-0.49995
0.275898
-0.383051
-0.525443
-0.6363
-0.295188
2.66014
0.251563
-0.472106
1.35131
1.50705
1.74139
0.726946
0.211793
0.250279
0.305407
0.733774
-0.327418
-0.306129
-0.254221
-0.188855
0.369475
1.90232
0.725818
-0.626942
-0.603782
-0.760214
-0.576515
-0.543462
-0.665475
-0.0443342
-0.802239
0.694939
-0.358656
-0.755941
0.0828795
0.0737453
-0.105899
1.13431
-0.714428
-0.374831
-0.658477
0.492148
-0.806667
-0.591094
-0.475581
-0.58366
-0.504415
0.867272
-0.115229
0.205995
-0.577246
-0.182663
1.66889
0.518942
0.717151
-0.264691
0.382368
0.621565
1.00573
-0.219644
2.21091
0.342552
0.467063
0.576235
2.11327
1.88092
1.35366
1.36584
0.257395
1.18571
0.444848
0.270127
1.28754
2.94756
0.726653
0.38405
0.0588587
0.116865
-0.502399
0.169321
0.635381
1.61506
2.45503
0.134374
-0.407242
-0.789929
0.885922
0.571463
-0.484215
0.366397
1.3058
0.355512
-0.524543
-0.298354
-0.370938
2.29345
-0.585622
1.08794
0.546949
-0.4986
-0.49485
-0.607897
-0.700005
-0.633956
2.10562
0.517858
0.352413
0.68078
-0.565688
0.59282
-0.112238
-0.34154
-0.663202
-0.267477
-0.400222
-0.598428
2.7247
1.76292
0.120436
-0.0375212
-0.548557
-0.252403
-0.0605909
2.72692
0.698359
2.11516
2.39344
2.36053
1.79579
1.95041
1.81728
0.849757
0.0473362
1.08395
0.636228
0.366965
0.368627
3.30443
0.828314
-0.719744
-0.289616
1.30981
0.444045
0.369954
-0.525045
0.596641
0.220366
2.29374
1.70581
0.516707
0.436235
0.678011
1.18994
0.748472
0.999257
0.330147
0.170242
3.40989
