546
2.5578723980776292
2.3033943500868377
2.060047707230467
1.0693018512087418
0.8125364882267662
0.6603157693301387
0.4838228934095102
0.27842354134634717
0.34653869462132897
1.6986108206290083
1.8792106223129645
1.8517637328215308
2.144099794050863
3.189608574588914
4.104942623317807
4.718568519223636
2.9458289972746203
1.2096691327323663
0.8704872916283097
0.8976730850354834
0.7401196491364559
0.8112077418408254
0.4257751589436286
0.9925879757215254
1.14919729259
0.7980888576962559
1.8271707377661333
1.489283293920995
1.1974150552462008
1.5175028213770965
1.4650190068228826
0.867052318736152
0.6824945768633618
0.6525880544963532
1.2782547386278484
1.4697075088302116
1.6519594053198778
1.5395495181753935
2.714347361071039
3.230593388366591
2.6482509276122537
2.510638039718538
0.8945590161386654
0.6379742991029518
0.17130704973877964
0.37601400272488905
0.590028133605617
0.5256940741143589
-0.008580848965462797
0.6171719236864935
0.5156503946909831
0.0850595893210933
-0.23838287041778466
1.2322378455591227
1.1591869504377244
1.2083413812546875
0.2117515331691796
0.09624157226413989
0.004483499942845428
0.5835489128334173
0.36055742451629863
0.7830366445041315
0.05950765533597194
-0.34053139352504175
-0.3951784890705698
0.2066124666543198
0.6074295277568674
1.4614598567745036
0.8629891190074608
0.7440378532469457
-0.18827197206661583
-0.06204339377215943
-0.15541779363999364
-0.2816977133638123
-0.10714123135380932
-0.08750557059748017
1.8528280522040181
2.777629548648361
2.761598055343686
0.792290624313253
0.3579990996993059
-0.33571703144462434
-0.2908457902273658
-0.8294566404072353
-0.6767187594936592
-0.583453183360302
-0.27585271214882007
-0.05044989960331412
-0.4568098059085888
-0.5368952460498471
-0.016587633576250104
0.16341378237990115
-0.07091960660476422
-0.8519233835348755
-0.9794121627434081
0.6725329778025353
0.6479193207830718
0.6040726859789004
-1.1635958023668316
-1.1893675125962775
-1.081570920766307
-1.0190346652941944
0.7574124269974065
0.7913913193466172
0.6178092142682109
-0.3564998720548847
-0.32314067569957133
0.016102187060487043
-0.07840502478697445
-0.050804563365177156
-0.22612154629398956
-0.6985259837767624
-0.5392561333739218
-0.2364746982241491
-0.31045424859599174
-0.6816725859529291
0.15306341087111483
0.26712710628112035
0.18111099667168742
0.8737321701154726
0.07041995297220514
-0.009491073909084163
-0.9527641963106231
-0.9845698729750887
0.0526324058175886
0.9537248957372775
1.3739045076797611
0.2834677276661324
1.004609733040197
0.48519571176635656
1.101792786979867
-0.6819991950246936
-0.7250101031637746
-0.5805459405296904
-0.5404694059384741
-0.7860018573866326
-0.7077279960847697
-0.9586002686725907
-0.7571923918603132
-1.1125465187213854
-0.9101578755805599
-1.126396030682921
-0.8195235561334044
-0.7766904128917398
-0.29052086483198963
-0.08956791605348789
-0.32811221088314063
-0.6246051124840193
0.10054733851701518
0.2008391137268078
-0.081476805561631
-0.7737357703972694
-0.10354673497745996
-0.4198899311398102
-0.4400954757772537
-0.818135935034623
-0.8902069952937784
-0.8122162462882128
-1.2092557158906192
-1.2429246870767496
-1.3616624325053084
-1.0619405131900381
-0.9854948462767449
-0.9140527355990885
1.1615851270023159
0.7462823008856168
0.7135820040803311
-0.38383812053782795
0.05366773036277215
-0.3232140576246138
-0.9312467398545454
-0.9272734230268792
-0.7979095469956787
-0.7676282595885495
-0.6179937866017733
-0.35510923424513546
-0.9417967309664491
-0.49365708243137146
-1.0004947783298157
-0.4982903796001352
-0.8991438064227284
-0.9887255861197944
-1.2712295372288334
-1.0639544961221197
-0.9259974770812058
-1.0475480404126716
-1.2388978384268536
-1.1434229770747644
-1.0607255036016745
-0.3201092456377687
-0.5248189451178187
-0.053179373315245325
2.7996159077127905
2.5229131839266326
2.608911995527255
-0.3320847194444352
-0.6308792486115119
-0.879466848866759
-1.039079339175499
-0.996549317931672
-0.9572854114357154
-1.068719117401586
-0.9550030771018759
-0.8215395632332662
-0.557474792131094
-0.2765847254653856
-0.5196673275341284
-0.6615422573010468
-0.8508381109871144
-0.3606817378850532
-0.4184008210503447
-0.7347890168142418
-1.3478752073027478
-0.3533216909022577
0.28731177948784553
0.06763776200298274
-0.5931480994848046
-0.13544594677131858
-0.03719181787370127
-0.130691117663799
-0.6674488271918005
-0.6388952539557464
1.11733398553828
0.4026106036146147
1.0983635908483171
-0.8711265901221857
-0.9732629341283158
-0.9435977649533137
0.49295381104457475
0.7294537008505299
0.31818872128600156
-0.09696307119445158
-0.9546859360515578
-0.49402010549838987
-0.5531903517081096
-0.23572644917898827
-0.14710719517994697
-0.14877029104932368
-0.40928923914164056
-0.7879591260895145
-0.777141002424906
-0.8993374397304387
-0.6710073577516699
-0.5355017331834002
-0.5895041807223821
-1.0172710594449292
-1.0110817656671158
-0.7119416647645813
-0.751593619675436
-1.06050683741503
-0.3759024883002904
-0.13490481571573903
-0.2522547361553306
-0.2804530566028437
-0.1918922949537046
-0.8067391485933215
-0.9482008820739796
-0.8843568178308505
1.4133961087222817
1.3735827257550244
1.740145323149078
-0.1872895944154696
-0.3557713414313437
-0.8354990649161663
-1.0808494572082419
-1.0263112505586467
-0.8287186025030949
-0.7706091233800156
-1.1314282519431513
-0.5333026463246887
-0.20284822387578821
-0.46925605762302536
-1.10147489955755
-0.7812372934208243
-0.6203718890037012
1.2555864826332184
0.9069397785425788
0.9163593668403275
-0.6149935910470644
-0.4120557032803989
0.3535530714143732
-0.11723021877658035
-0.10558835931480205
-0.871625826617106
-0.7959851202410337
-0.6953163477003248
-0.7691042652103025
-1.0434621349885536
-0.09595396216479805
0.13648015599466484
1.5734449554791985
0.9688243639643189
1.0115482656929613
-0.6576009467988159
-0.9824065580073345
-0.743034039927532
-1.050258828617082
-1.083791277577855
-1.0067420750191052
-0.36287633616909726
-0.823118107707974
-0.5426220122386283
-0.2545308212297241
-0.40933707204251385
-0.39631519879890137
-0.7301453339529029
-1.1225891882724008
-0.9982997836940088
-1.0038531788157397
-0.5706036603477392
-0.863616713167413
-0.9136720375490016
-1.3024710011043206
-0.7817516814022359
-0.8471455523916079
-0.9388198886035592
-0.9886946475164322
0.26834895978516
2.557680724471384
2.861201129598726
2.37905947124472
-0.03930575986383404
-0.6845475708408238
-1.000326789814083
-0.6491976926640852
-0.9064744071014214
-0.6718776688258249
-0.9089104293601438
-0.5894433549952371
-0.9652011724798779
-0.9546983001961895
-0.9407762768274682
-1.0969344161046213
-1.1029462246733164
-1.1351161982119045
-1.0946330902499701
-1.0415033565795964
-0.3346886083009559
0.02889850277219446
-0.08858564155610851
-0.34803783166666646
-0.3178665884641557
0.2273460497660601
0.1345853094757245
-0.4234893692090633
-0.8083569434209428
-0.8290026831552527
-0.7827108185241243
-0.6760481247931692
-0.9849499398856753
-0.9696416089526982
-0.5558874874058513
-0.41523323358544767
-0.2740577660043749
-0.7068510998217202
-0.7217095346005324
1.9994282385912376
1.1381547517860002
1.7455131338023673
-0.07978502029255004
-0.06888644789937
-0.1820131326824851
0.0841064579418773
-0.13747644573552756
-0.23549377804696756
0.6540567074207507
0.48263859142994375
0.3343692702512366
-0.02036453309657346
0.5240518159747105
0.2573898285894369
0.07610893092824395
-0.5442887493668322
-0.16845836330510652
0.03317258316401952
-0.3891869569068869
-0.4476365635345664
-0.034492697373661584
1.3803049645950372
1.1895371742820662
0.9134716062443599
0.17190231029858663
-0.23601277315692007
-0.4951365575603723
-0.9646944586978887
-0.6650975671851074
0.7536205814413289
0.6153166844733592
0.5013098155806981
-0.31409757890543966
-0.7526387567462797
-1.003596612425182
-0.9889251153204422
-0.17895589364920733
-0.564807307443103
-0.8777949685725759
-1.0885673087849066
-0.9366697631652684
-0.779408901236489
-0.7820118895014196
-0.6991761362116539
-1.0670067136918087
-1.0915421571432955
-1.0923844882117375
-0.7404386922610343
-0.6883003948327613
0.5958839376826037
0.14835509476935738
0.16580522394985153
0.3121785679764927
0.5910922061547838
0.5784402472698889
-0.5517963753264502
-0.7130814603258381
-0.7202636896634271
-0.7555299155775655
-0.6511428507085918
-0.8180850814098465
-1.043268323980599
1.0365155797539238
0.4795890928298325
0.6158934126005213
-0.6442835444611308
-1.1291923507026145
-1.2009458313934032
-1.2461181329249544
-1.0422439789222329
-0.9619585186789843
-0.9712904516989902
-0.8921413227935916
-0.1935916188607033
-0.32747937967545054
0.3910647089111449
-0.34976948114812545
-0.48815877879130765
-0.9255472799864571
-0.4967747142350769
-0.4926326853240347
-0.4504744606021071
-0.7791090000466678
-0.9428159199798636
-1.1039251992593
-0.904212581511946
-0.8996498068893851
-0.6791290498842762
-0.5906777353472591
0.2039504999773077
1.896729768028618
2.163843655890526
2.117082595081496
0.2575619807583078
-0.6770515508158635
0.5072440113804365
0.12947802195384472
0.49917865440159126
-0.3281005710323093
-0.4452032567507282
-0.4828264291829813
-0.43743143614621716
-0.1418050460788647
-0.3384896887115649
-0.6845338018806317
-0.7920121936973056
1.7580151721602253
1.3946106182995213
1.9145164577851272
-0.9015936443967963
-0.9615530396591473
-0.6373952112682373
-0.24404009840555752
-0.8219361656735553
-0.8018953025040724
-1.0672031865165779
-0.8649778565662664
-0.7311998142383829
1.4715574576493153
2.828112737961877
2.82009301008623
2.1680740577566553
1.1619176419463901
0.9762297533303008
1.7901896960444463
0.7166808240126213
1.3251934611120768
1.097146922420227
1.9240438212198443
0.9674355231607441
1.1767644097420986
0.4679442621134418
-0.12129268553061415
-0.5238027440715916
-0.3755446873450778
0.5491308836630869
0.6769134473187867
0.882765551409454
0.3939666075893619
0.18976363958960601
-0.06365985438993972
0.34096137779788277
0.3989571308478284
1.1471975695333032
0.6306379364373508
0.271346881936951
-0.08022922070088087
0.1894886672173847
1.5211808109041922
1.6841040156806877
0.9083012922767746
0.6129752205023253
1.0532549613493298
1.0967957359628226
1.485341230461615
3.017340595904126
2.7344805668994474
2.6253615576771723
0.28686899926556225
0.09710105237218009
-0.4203474065114408
-0.659578871901017
-0.5684994057347007
-0.289411781170124
-0.3977236168949378
-0.6426741185497155
0.2783619131258657
-0.12658337014734886
0.02115713504372163
-0.4255129922295719
0.14043365106152675
-0.0015970795990328756
0.013664273547177655
0.432370840714672
0.47068337003756633
0.5285244323514443
-0.5310081636552164
0.26024310787870913
0.19740695290336838
-0.06918393864050053
-0.5622204643615168
-0.6717615815748454
-0.8110483626122793
-0.2347103917908346
-0.2591203080314249
-0.24706652264372958
-0.26340283833026645
-0.7940265352400654
-0.19148514862509813
