182
-0.190183
0.103002
-0.208932
0.362802
-0.143795
-0.207688
-0.0031168
0.988236
2.27827
1.41994
0.0620105
0.170573
0.0351055
2.43148
0.359807
0.474068
0.643616
1.25903
0.971685
-0.620322
0.714516
-0.0230897
2.66125
1.75532
-0.662239
0.597629
-0.704433
-0.103755
-0.558048
-0.249401
1.81372
-0.278965
-0.397595
0.555614
2.69942
0.190207
1.10045
-0.348418
-0.179686
-0.01138
0.110868
0.246028
0.252783
2.90309
0.824314
1.35825
-0.0628684
-0.22061
0.221499
0.133572
0.165546
-0.0216208
0.817053
0.899405
-0.72733
2.00288
-0.24208
-0.724801
-0.407128
-0.552118
-0.20408
-0.43686
-0.296442
1.07209
0.582715
0.983411
2.50398
0.116712
-0.255225
0.972338
-0.388062
0.988363
-0.734963
0.871468
0.972073
2.7207
2.24625
1.78433
2.08542
0.482431
0.688323
-0.324992
0.304411
0.460338
-0.180835
-0.616175
-0.139065
-0.0232021
0.567008
0.196352
0.431011
2.26389
0.250263
2.09431
1.08586
1.19612
0.438703
2.1899
0.0160155
-0.0876209
0.310916
-0.241954
-0.164571
-0.733127
-0.563775
0.497459
0.416042
-0.0730479
-0.323269
-0.427624
-0.532585
-0.110614
-0.221921
-0.333449
1.38619
-0.0129695
-0.610855
-0.127584
0.271635
1.64335
-0.193165
3.25712
0.799232
1.5592
0.225436
0.282806
1.65731
1.29848
1.15866
0.936361
0.536594
-0.391528
-0.210043
-0.23936
-0.877101
0.124135
-0.815817
-0.0590011
-0.24306
-0.632556
1.89142
0.00288093
0.183736
-0.333032
1.44062
-0.0693473
1.36355
0.733667
2.03478
1.71845
1.04889
1.77252
0.170355
-0.0209699
-0.392113
1.86825
1.00249
-0.0433088
1.46104
-0.64444
0.105207
2.35885
0.56145
-0.138668
-0.215795
0.764801
0.409012
-0.452225
0.0677692
0.44027
0.689915
0.383269
1.19175
1.86056
2.499
0.154735
1.28287
0.922729
0.897978
1.45585
1.21246
2.61222
