182
-0.41249772435720256
-0.6705435863768868
-0.3653748586427962
-0.8215337432546642
-1.126747440457153
0.3503585134932757
-0.4682075880749249
-0.40602361073073395
-0.6068218834949515
-0.2582851587049676
-0.5879783785532126
-0.8474563043948984
4.290622001953623
3.5994811135404854
-0.09288813764192522
-0.2904260679513595
-0.7299109165381209
-0.4643397731853637
-0.2637866544852055
-1.0361928992838834
-0.6152858582388859
-0.936228559183197
1.1609453451285827
-0.8867603953084006
-0.14472487256998376
-0.8276071228187296
-0.709238490840118
0.012658491795313448
-0.345087949897013
2.079550249231088
-1.0358450427765036
-0.6483472080049925
1.226977854776604
0.3057179067871385
-0.06650467312042403
-0.11822738293943809
-0.7434264098094537
-0.6141396546991843
0.18819816107666965
-0.2822209443818599
-0.7647819660902705
-1.0441287762741696
-1.0078532166542538
-0.5166967201746638
-0.3743523934059181
1.9573525407010965
0.3494046624668574
-0.48680697333121975
-0.5689660778030762
-0.03543116538013194
-0.5062619942239636
-0.13241961912088973
0.38383403971322777
0.5453272187864041
0.281200922623025
2.339512801004276
0.05945428570307323
-0.5066569275695252
-0.07871657096361437
-0.9113469577173351
-0.7827767289581318
0.3028340236834644
-0.6378355712275219
-0.7330817911985842
-1.0060779651502798
0.015589224152043177
-1.1138059688190138
-1.0539780261241913
-0.46368945715553656
-0.6431217690038465
-0.9028375972386155
0.12388115188450402
-0.3129998743127928
0.3126755548441742
-0.6791852615649117
-0.9640142876955453
-0.010938144946554838
0.17359276819267633
-0.6404519502780284
-0.8181219571265537
-0.3585525316955897
-0.1747441049489564
-0.6875142180086132
-1.0144767617582044
2.1988177819865826
-1.1695731759745447
-0.6519342198734833
-0.5061459246335266
1.3585596802477187
0.23348003614677024
-0.5826414556125962
-0.8343850867382702
-0.5183815248515357
-0.1048020259575842
-0.3392118718212614
-0.9931484958845457
-0.4998778274292086
1.3211318776349386
0.11102628309650195
-0.6289304154702497
-0.5769853787865528
-0.7691849682228821
-0.6802027119614569
0.10603396018757659
-0.26399465162011637
0.9331014812260183
0.7905307888670791
-0.88570913505196
-0.9256782834111721
-0.6034224938563759
0.8990061817872369
-0.39542361736459297
-0.7699858112515076
-0.032042440830259755
0.3175437498356889
0.3124132607882781
-0.505340723418213
-0.7695289847504159
-0.7596946036868715
2.0077731388809896
-0.7408943607432888
0.8396185116236221
0.7323912244707844
-0.35145259919525274
-0.40731498693106916
0.05768587562641823
0.9319169003290518
1.1575331228883357
2.828398629227924
-0.11947937214336724
-1.1063343485695891
-0.7372453776169557
-0.46514947555577807
0.03627572760446827
0.11002557424910116
-0.625033961882258
-0.8310201509921987
-0.2239827596240386
-0.7751944918544181
-1.0239357800095004
2.1576436542059803
-0.2405837346572316
-0.6829677767738411
-1.0279405133734976
-0.8437470516949671
-0.8249624468227049
-0.8664729284428974
2.7010067663090647
-1.0100379805601054
0.06086846670856702
0.4410613957006985
0.3503259391341218
-0.2600142255091011
0.4003907068677166
0.6189221197961575
-0.6830164335822912
-0.43083005164306015
0.07085096217528165
0.05298886214373613
-0.6584833023165938
-0.0747432368030437
1.7827685132282882
1.0291143290296325
-0.11621626492928244
-0.19700141356598563
1.8387872656643947
0.10267154787959973
-0.01585030001603071
0.31227876030412605
1.2769285717299086
0.08278375128646169
3.64830819758128
1.381664966426769
1.2035648920369169
1.0195751550201095
1.0638987415210908
1.4887803889312763
1.4784140287515246
1.85261146697171
0.7961500650579217
0.3590491244218569
2.54757251377764
