545
28.7882
28.5714
27.7983
28.1157
28.4487
28.3571
28.3452
28.2036
31.6179
32.3206
31.7508
29.2525
28.9838
30.2042
30.4788
30.1698
29.0416
27.8651
27.9716
29.6182
32.3227
32.7868
32.6699
31.0188
30.1513
29.0172
29.1267
30.2686
30.8923
30.788
30.5741
30.0834
31.2665
32.3554
34.2655
33.0599
32.257
31.2908
32.5296
32.3876
31.1014
29.3064
28.1619
28.596
28.9067
29.1064
28.7188
28.0758
30.0835
31.1667
31.5567
30.2201
29.9026
29.6882
29.1402
28.242
28.1324
28.5668
28.8546
29.3912
29.1593
29.6022
31.0587
31.8567
31.8812
31.5757
32.9552
32.4808
31.8612
30.5338
30.5468
30.6948
30.4029
29.7128
28.6437
28.079
27.9121
27.6317
27.1012
28.7212
30.9625
33.4682
33.0185
32.5925
32.6292
32.65
33.9926
33.3353
33.0547
32.2722
31.8802
31.5765
29.1632
27.8785
28.1526
28.3774
28.3415
27.8544
27.6062
28.6473
29.4847
32.0551
31.9631
30.7432
28.8874
29.053
30.3507
30.6491
30.5498
30.0683
29.8844
30.4051
30.0521
29.7232
29.3283
29.1221
29.1338
29.187
29.7405
30.7176
30.0122
30.087
29.2658
30.771
30.9144
30.8304
29.9454
29.908
30.5217
30.5028
29.6963
28.7356
29.0372
29.4086
30.5064
30.2964
31.0922
30.9224
30.6434
29.596
29.4253
30.8172
31.3886
32.2267
31.6927
31.9311
31.0503
31.3074
31.5931
30.7901
29.267
28.277
28.3165
29.9451
30.7203
31.8375
30.654
30.8337
29.7924
30.3747
31.3685
31.768
32.0571
32.8824
33.0585
31.7812
29.4331
30.484
31.8336
32.8041
32.4009
33.1962
32.4581
32.0497
31.2634
31.7883
32.1127
32.1562
32.4242
31.8252
30.9984
29.7786
29.2838
28.6602
27.6911
28.2421
29.5443
30.8713
32.7331
33.4204
33.0416
32.7802
32.3942
33.3337
32.2498
31.2251
29.1732
29.8407
30.0491
30.3169
29.1676
29.0941
29.5235
29.2192
28.6441
29.6061
30.2993
30.5782
29.2582
28.5211
28.426
28.5448
29.7671
30.2579
29.5879
28.7451
29.5941
30.8941
31.8477
32.3165
32.7286
32.1825
30.5113
30.0335
30.9903
32.5592
34.5331
35.7121
34.5164
31.0916
28.672
27.5159
27.1757
26.1076
25.653
25.719
26.2548
30.7639
34.4216
36.0772
33.5186
31.9794
30.1677
29.9973
29.1505
30.0714
29.6946
29.2644
28.8757
29.146
29.8794
30.9008
31.3776
31.563
31.1131
30.0059
30.1231
30.6478
31.2626
32.2921
32.012
30.9734
29.4344
28.2774
28.9215
28.7988
28.658
27.8302
28.8567
29.0092
31.2967
30.9594
31.8019
30.7264
30.3441
28.4444
27.0838
28.2225
28.8938
30.2282
29.427
29.2887
29.5101
30.4126
31.6273
32.5849
31.708
30.9797
30.8178
30.2025
28.9498
27.54
28.4374
29.3426
29.5746
28.8998
28.4077
28.3693
29.7028
30.9879
32.679
33.9201
34.2506
33.1554
31.2807
30.2802
30.6803
31.2732
31.0014
31.7092
31.6205
31.8024
33.8582
34.6782
34.0901
30.8435
30.2342
31.1485
30.7393
30.7767
29.0792
29.0947
28.4708
28.7133
28.8137
28.3804
28.4732
28.5027
28.2638
28.6802
29.5884
30.383
30.2221
30.0127
30.1184
30.5642
32.263
32.5036
32.6387
31.3108
33.0118
34.8252
34.6781
32.6804
28.9033
28.3727
28.0471
27.921
27.7139
29.0716
29.7056
29.9121
28.8887
29.0641
30.2503
31.3183
31.9612
31.6121
29.9622
29.2031
30.1411
30.8735
31.5152
30.986
30.6209
29.4595
29.5985
29.4009
30.6712
30.3548
30.3905
29.5926
32.7635
34.8213
34.8239
31.4345
29.0472
29.9951
31.8723
32.8727
31.7318
31.6425
31.5146
32.1218
32.8906
34.1268
33.9882
31.5925
29.6596
29.1604
28.7514
27.8523
26.9691
27.8831
28.0137
28.6382
28.811
28.8333
30.1536
29.1812
29.5986
29.1509
29.8797
30.2364
30.3547
31.6351
32.2916
33.4016
33.048
33.1896
32.7877
32.5279
31.6713
30.3858
29.255
28.6374
28.1209
29.3691
31.7029
31.5298
30.8945
28.7027
29.03
29.3863
29.4789
30.5435
30.2327
30.4187
30.9836
31.4918
31.7016
30.4488
29.2918
28.9234
28.69
30.5236
30.4886
30.2647
28.3718
28.5837
29.8508
32.3167
32.2309
30.2953
29.0059
29.3815
32.7109
35.4924
35.9167
33.5066
30.147
33.1685
34.0071
35.0769
31.0387
29.4532
28.0624
26.6567
27.9163
28.5646
29.2357
28.8047
29.5083
30.1274
31.8129
31.9758
31.9457
30.3891
29.6241
28.6653
29.5253
29.0777
29.2325
28.8106
30.3794
31.065
31.3658
30.8104
30.6115
30.7777
32.686
33.18
35.6116
34.396
34.0267
30.1914
28.5844
27.845
28.0893
28.415
28.6543
30.1048
32.44
32.8028
33.4796
32.9507
33.2393
31.8421
30.9301
30.6874
30.0922
31.7162
31.2162
30.3206
31.9973
32.9627
32.9984
29.774
29.3287
29.9537
29.5438
28.4859
27.8274
28.927
29.6855
29.5132
29.7634
29.3813
29.4396
30.2717
30.9993
31.3361
31.835
32.3579
33.2051
32.1434
32.0484
31.9555
32.0264
33.4544
32.6788
32.3636
31.9734
33.1637
33.6391
32.736
31.5177
30.9575
29.7811
28.7891
27.8409
26.895
28.6423
30.0419
31.9409
