546
0.8205145508094115
0.23498935606759885
1.1878429407262188
3.187652190313712
2.002101531798136
1.9112220975094025
1.027315567515909
1.5278337513195346
0.18504303556946367
0.1722978995562108
-0.2608621761499274
0.3112136234797209
0.6075675196313006
-1.2670176905358743
-0.7372268864483699
-0.7628993908641101
1.1270544263487434
0.9917693357422153
0.8425934495666368
-0.766714431743937
-0.4504718438335244
-0.6540512871935764
-1.020660516453671
-1.2112987297239033
-1.5059990980836464
-1.6211009133773993
-1.5218291473723429
-1.4908488291985158
-0.17978290999588709
0.4069240549702395
1.7142675680139394
0.8464015922024227
0.7031984755481037
1.1808290628586395
0.9807073575947349
2.2363286998089866
2.4145271484902335
2.0436220284979933
-1.4651155359346277
-1.3830407102727855
-1.3286489116191853
-0.3111292707770435
0.43591962823077607
0.2617409841040818
0.07586616899660437
0.5954924224125205
0.2775500636701811
0.6042626602854154
0.14531058166982247
0.7168882515203091
0.408005056652826
0.008756523545997517
1.0797631963394585
1.262176393231065
2.4074000988761632
0.8024521954503836
0.6190770809930695
0.22248922161583004
0.0027851515896932565
-0.17276090339604566
0.07956682276701289
-0.24186360523098996
0.4485242975798134
0.6115352512811939
0.2058371628954371
0.47741632053897665
-0.4046454939337176
-0.9445396632108972
-0.01921640746807189
0.2697584440540784
0.42243538519207663
0.2863063963618864
-0.38041522907966574
0.039188465647515026
0.8316937833480736
1.3176417395617557
1.0201852733559431
0.6028643098708476
-0.6258612821200872
-1.4625850746084539
-1.3412875379039728
-0.7842449563253185
0.07890683180792452
0.24936087657463954
-0.5055307296313795
0.11774935244843979
0.037143998490713696
-0.12072691693568734
-0.3671105948801296
0.023215197253624052
-0.033380909533463385
-0.3584032129035466
-1.2589658540981792
-0.575326362983582
-0.37236103970054174
2.9407581498718773
3.1640938437461146
2.1673642500056
0.18075028584058905
-0.10947013827779781
-0.0027804043526284284
-0.4286692319672518
-0.4004822457600783
0.056110972649284684
0.1215108167302223
0.8891958809374778
-0.02531064858409685
0.03283422427120058
-0.8165914957609237
-0.552163283375139
0.16149656328015907
-0.4692386318766543
-0.48710489349488456
-0.03497148928038661
1.2774637997182627
1.1358803040989756
1.1041886948771125
-0.49781199425622047
-1.1400167484375514
0.19929935531868614
0.03788572830307768
-0.02606291257670242
-0.408333119101965
-0.9249274174424331
0.5656020474814328
1.1597969769761887
1.0955963003631577
0.061215792861229766
-1.3908836707487928
-1.1376954236888726
0.31998565402851226
0.4458949736881565
-0.5459687501213171
-0.8674804332956334
-0.5488627086122954
-0.33742674681445617
-0.2523265475081042
0.23740480902243674
1.1569461155745806
0.9009782655517271
-0.1184994523504393
-0.9737561159201673
-1.2426014407669652
-1.3141490633408945
0.2992718501310672
-0.14620271833851647
-0.6568978262506595
-1.1380101407270757
-0.6221272590284198
1.1084672683452612
0.4333487516283765
0.25193131967155885
-0.5705234068697228
-0.5055889200860189
-0.18360541228673496
0.8486920868506754
0.1159791248388956
-1.1871984055314777
-1.2523102531561758
-0.6592381162163599
-0.37415918045036406
-0.0850406018420796
0.08224937849895565
-0.9071671549032325
0.6183061536396771
1.2336610556789747
0.6117561962593229
-0.1891268056586296
-0.09922345696987483
-0.14843413706126268
-0.47576220350969434
-0.9961190396392166
0.2994697273414244
0.7892513592120192
0.14572949699306223
-0.5902077770440026
0.10292239776968573
0.5610889566876549
-0.15699249921639988
-0.3833089139028325
-0.6064833294737487
-0.8812467808037882
-0.8419269609839304
-0.8382204625031162
-1.257514161971246
-1.2979651883508465
-0.9409178030764869
-0.13966298486189047
0.04703868742831986
0.0465759574065437
-0.12962448242505742
-0.12536197599259943
0.8005004573827785
-0.3928745982933863
-0.7329694376162261
-0.7082578363713044
-0.8486381092637948
-0.49091424562384256
1.7963249312304306
0.6989066174795004
-0.6933170491689716
-0.47085826121063773
-1.2579747304536322
-1.421342627442444
-0.5791527381208081
-0.20100094422711287
-0.32953650523902805
-1.4795410936039302
-1.441841624215003
-0.5158771423798629
-0.5862484428822489
-0.3519341733983799
0.6434691701238271
1.0793149182478896
-0.30628744458049256
-0.7700294971392906
-0.6342964596001428
-1.1121081467693148
-1.192601543633228
0.001284071850935052
-0.5402834508156947
-0.15249329994305416
-0.2558661013721871
-0.5934406350199908
-1.185348062926213
-1.3706609168751138
-1.6010727727447456
-1.0413326514290644
-0.6422197672255521
-0.03299009491474525
0.7154295301758092
0.2560804611051526
0.6398887042945591
0.03758849884973443
-1.1290123719107763
-1.1264110752560115
-1.3087955423571862
-1.0671504633008428
0.041079625444783364
-0.7181217362476485
-0.23499430180134387
0.11656596327545718
1.95429277125624
1.300298803964196
2.0237668853257467
-0.009088981436277736
0.13184196652511962
-0.40189752660396766
-1.198981089937302
-0.9453463611189383
-0.44183101417310205
0.20843410607653956
-0.17370707811211425
0.9245676766126669
0.29795071289114056
-0.35941500886074307
-0.5193847834334822
-0.4993526536228156
1.1498636779011429
-0.8338933392246844
-0.6991718338688939
1.7396687718483757
2.4732684707339034
2.352229651866791
1.0579849854999734
0.021019711950610243
-0.987163215986566
-1.447848205103866
-1.4304486536353813
-1.1487373081904175
-1.3298774987875477
-0.6868423736177456
-0.2869844936982505
0.027659896764566864
-0.5074048295828195
-0.7147098109454108
-0.20206597454789318
0.5452870748903018
1.1553438339354911
-0.3216677555001728
0.14207397800269284
0.2882837437106097
1.5569986852544184
-0.06112662166467063
-0.8871654329874237
-0.72028240775138
-0.3441294132962194
-0.7923500244325086
-1.2967197909619805
-1.155146943240069
-1.3965027539579913
-1.2668959436667981
-1.048947554643189
-0.7765870559358281
-0.2720500454812613
-1.0470208089504085
0.2215751229117239
-0.35737147027182303
2.1821787346814863
0.47667227312181687
-0.7531855380537272
-0.92755028979911
0.2712269787685708
0.7717266342493224
1.2104306378481315
-1.3539458382295702
-1.3776515952769688
-1.4671034387118258
-0.8539279215700291
0.8828810428852926
-0.2963125635153816
-0.2100876501974999
-0.4552119847314185
-0.1444456610741765
-0.2629825202635985
0.4375562994142317
0.28716414327146117
1.4469587772437005
1.6392696949936678
1.5871557550061568
2.2707602744065714
1.6659989981810517
1.0358145888739396
1.0837412798794157
1.20088506834764
3.748346239142803
4.458946369067241
-0.5510307915959671
-1.3809209907957145
-1.3096808443273154
-1.3400723464056823
-1.4090338950389123
-1.2465238637363703
-1.440399901916436
-1.1538054088402157
-0.7418190700733472
-0.6599591113465446
0.10659542888267352
-0.4425358657718657
-0.9980916059954583
-0.3262760053565053
0.9417011697693283
0.4861673133890343
-0.07291047614424771
1.013828614213992
0.13317497693875158
0.19088422670986546
0.5931235038990169
0.13670115048813164
0.441118828677261
0.12898783958623425
1.0131766100713553
-0.15735042342671599
0.6609219044515318
-0.6815818017610853
-0.9227422599658279
0.9400033795646823
1.6104272581974222
0.28098572600484434
-1.2506605830722903
-1.050235459248628
-0.24196687695851052
-0.1923805027691412
-1.3464654522892763
-0.9017287812893164
0.220063157338767
0.1369924117518294
-0.9686300778433402
0.7205618942628826
1.8249933610390605
0.3501935564046658
0.6362092086169496
-0.2341336102936281
-0.055388789089860016
0.1268168266179702
0.528006823415622
0.5068703739023467
0.09081876942328734
2.0563404234407665
1.1445615893722305
0.36358252104224964
0.12222426819909171
-0.6866200619398685
-1.220019106558269
-0.6348820417542616
0.7626745333183528
0.5889863474567633
2.047466281159958
2.100956346538452
1.8989414336559611
-0.3982026503667717
-0.6303660514581814
-1.3358359591224933
-1.3573649441466404
-1.45962896045778
-0.8841147913894483
-0.8579433507499487
-0.7875867641727279
-1.4297659062165275
-0.46249380971598514
-0.03152830070592785
0.3623980205311056
-0.22842550657009236
-0.08153359297411332
-0.2123238769448832
-0.1419376870166753
0.9859891680918731
0.664419539023924
0.5282304241686933
1.3798113086288748
1.3426164109031555
0.851510452284027
-0.6079258975621741
-0.880998162804776
-1.4518291000351748
-1.416486384463205
-1.4255788129944127
-1.436898503800898
-1.4803568969675625
0.9854289145012329
2.053118809906256
3.5078523182581316
1.7590226792429486
1.432984125358558
-0.6388667649129158
-1.0390324053807434
-0.5257182596365846
0.6745160856744553
0.5851920083981365
1.0362790190411262
-0.022765593479936154
2.41933937403091
-0.007860581833171187
-1.0494667008897216
-0.7082816860225535
-0.5866644918021389
-0.04583291671378103
-0.021546620829129448
-0.04630352853432055
-0.8191224831229945
-1.0252813241757486
-1.1670667935564565
-1.1931347101383394
0.15720968744301625
0.049675829446813195
-0.05633184402945955
-0.20806624939648458
1.6817895865336734
1.6233556460216607
0.5574910726060737
-0.13037135733058067
2.5185205188272337
1.4149543251519134
-0.12920343591458644
-0.3358092966686192
-0.76425760131105
-1.2382609727623406
-1.407945344336711
-1.3824211846524699
-0.16189356789219117
0.8391042592019279
0.5377749692005784
0.14462163839827896
-1.0378476559889425
-0.7332469523483233
-0.1458126880098852
0.3606011011699818
-0.677573235546028
-1.2076539659110919
-0.1587461922716794
1.0394394671898897
-0.0611893387091203
-0.7233496240845784
0.22187241433239857
0.4499244509497692
1.369452700384795
1.4405915047278006
-0.2929597282591301
-0.47345458645594385
-0.02031717213552895
0.8376864500205125
0.5228554367780756
0.8519603953622854
1.62979446795087
1.0520224778351144
0.19488926643435278
-0.5318594462159162
-0.6817650753128616
-0.679357870868352
-0.8552277151676367
-1.3984386507820974
-1.0366428117737783
-0.33972760170363325
0.49922638423021737
-0.45213699021117226
-0.7538634228839792
-0.5722703767361637
-0.9924480388439936
-0.9389314251062334
-1.200430745556689
-0.9094727736708902
-1.0314098270499734
0.10289045124877731
-0.0907699123853535
0.502646623483986
0.9962636573497129
1.8936421303587532
2.3237051318312876
0.2004630625932536
-0.10237158324013276
0.21737865365272108
1.8394572511251752
0.9571697618297504
1.2882496498763256
0.5542221947559891
-0.4818455561517299
-1.275729611221133
-1.322950863913859
-0.995963382564018
-1.4203747721141764
-1.1560253388362527
1.0716782455301614
1.9821606168244266
1.172138181213302
-0.14423491139674136
0.19165317479866986
-0.3827986696672571
-0.8967764282069635
-1.1675826225875172
-1.072341114194284
-1.0969962362395513
-0.43472082178766674
1.4252996355345426
0.9090047685776516
0.17761824769951498
0.03239273395037784
0.08067435357055176
0.5472834069559825
1.3744709376566664
0.9115780185132834
0.9422347485851637
-0.8545243412465372
-0.3644824033844188
-0.2940147337315356
0.03737651322949473
1.3512426111449751
