546
-0.431171
-0.645333
-0.272108
0.434599
0.479082
0.497461
-0.108278
-0.397711
-0.422763
0.191464
0.376912
0.732267
-0.379337
-0.484236
-0.429726
-0.34801
-0.271848
-0.143621
-0.014918
0.157189
0.341431
1.14777
2.29218
2.36941
2.3011
1.84121
1.41963
1.28246
1.45061
0.163644
0.110891
-0.587005
-0.462314
0.082664
0.291407
0.315631
0.237895
0.857924
1.11902
2.58415
2.4753
2.46219
0.237171
0.397822
0.26626
0.480492
0.321984
0.368663
0.670684
-0.0140563
0.245847
1.3128
1.70262
1.68599
1.42597
0.131721
-0.52288
-0.504265
0.587461
0.777867
0.694371
0.686689
-0.0440098
-0.246965
-0.0168422
1.62283
3.22343
3.32295
3.50061
1.83276
1.39051
0.326415
-0.55241
-0.0737181
0.493511
0.334678
-0.132925
-0.526295
-0.707318
0.346815
0.110325
-0.0462427
-0.519777
-0.455785
-0.35185
-0.102001
-0.0356163
-0.106932
-0.265247
-0.356328
1.91276
1.93583
1.73015
-0.33392
-0.435131
-0.309941
-0.481393
-0.0110816
0.38377
0.774835
0.65411
0.652555
3.13701
3.13089
3.21877
0.124971
0.98995
1.03583
1.22442
-0.587269
-0.635487
-0.280514
-0.255817
-0.0916068
-0.0883709
-0.237795
-0.0799005
0.201534
0.190491
0.384528
-0.198775
-0.17827
0.336844
0.311317
0.250472
0.25445
6.47417e-06
1.08232
3.13242
3.02035
3.21813
1.58895
0.817274
0.795061
0.945626
1.03837
0.886026
-0.338569
-0.128221
-0.00242925
-0.255386
-0.231157
0.0732152
0.206005
0.256492
0.197855
0.146873
0.201751
0.31175
0.278593
0.249965
-0.0736374
-0.138334
-0.105186
0.450879
0.685914
0.631635
1.64742
1.50144
1.32118
0.128739
-0.566826
-0.468704
-0.0540098
2.07076
2.10636
1.73
-0.519626
-0.149686
-0.306837
-0.049971
-0.436604
-0.374093
-0.478453
-0.366152
-0.494467
-0.571384
-0.677314
-0.636558
-0.530795
-0.0996898
-0.200757
0.0819222
-0.0945752
-0.0139466
-0.574708
-0.439308
-0.300883
-0.127709
1.12756
1.17567
1.00563
0.568079
0.764126
0.685318
1.05014
2.49072
2.56578
2.63733
0.920106
-0.0630827
0.107033
0.459623
0.126207
-0.132594
-0.647585
0.419657
0.483585
0.82556
-0.0977248
-0.126545
0.188567
-0.0201268
1.43273
1.3309
1.47991
-0.663761
1.57542
1.52529
1.22722
-0.517139
0.590955
0.696898
2.60111
2.58962
2.60319
0.018921
2.40757
2.67402
2.64293
1.7985
2.04076
2.06508
2.93912
2.32395
2.20017
0.421792
0.414178
0.254791
0.595899
0.59003
0.0047754
-0.269675
-0.54248
0.210325
0.389448
0.455988
0.686488
0.461281
0.346354
0.223385
0.0316116
-0.0509339
0.0760439
-0.569161
-0.453255
-0.514707
-0.621571
-0.364306
-0.156614
-0.142606
-0.091346
0.00990707
0.114316
0.626701
-0.0351666
-0.207054
0.0809626
0.052148
0.0612582
0.178049
1.91003
1.86607
2.38909
1.34574
1.41275
0.473909
0.405857
2.22473
2.34458
2.518
1.72122
0.881585
1.6133
1.60236
1.47497
-0.0193179
0.297831
0.339509
1.87884
2.20574
1.95317
-0.477794
-0.514524
0.155845
0.383929
0.304589
0.040289
0.0315712
0.612581
0.569274
0.409675
-0.262269
0.0911819
0.158281
0.175533
0.0141438
0.0600694
-0.486665
-0.618587
-0.564085
-0.493279
-0.282508
0.156487
0.43471
0.430244
0.0552657
0.388007
0.426957
0.476953
0.353423
-0.233762
-0.386558
-0.445274
-0.210223
-0.191343
-0.107513
-0.586401
-0.590265
-0.614852
-0.489648
-0.240242
-0.25478
-0.187833
-0.101319
-0.137909
-0.15732
-0.320161
-0.351479
-0.219217
0.0611349
-0.0747275
1.60187
1.19038
1.32046
-0.114824
-0.272833
-0.325191
-0.300759
-0.247914
-0.158392
-0.152871
-0.048113
0.0474747
0.24414
0.150913
1.86802
1.81751
1.65037
0.356477
-0.0262752
3.30164
3.35094
3.38454
1.08642
1.09644
1.05472
0.736261
1.67544
1.65843
0.596936
0.213803
-0.020388
0.00665382
0.120446
0.174374
0.150372
-0.138102
1.82057
2.00565
2.01326
1.51932
1.08119
0.369167
0.945576
1.49603
1.41679
1.30602
0.29196
0.325555
0.431912
0.554838
-0.419274
-0.132173
-0.130418
0.11205
0.137975
0.252548
0.0168054
-0.0625317
-0.529356
-0.68501
-0.584661
-0.689331
-0.377192
-0.0485239
-0.0473589
-0.453687
-0.516078
-0.423219
-0.212858
-0.331864
-0.519159
-0.208924
-0.28
-0.249088
-0.378088
-0.359077
0.410626
2.5288
2.41093
2.63196
0.247886
-0.0194625
-0.143291
0.00499162
0.250911
0.28426
0.264659
-0.271568
-0.583325
1.06829
1.42809
1.04259
0.0661201
-0.325927
1.01965
1.14304
1.27242
0.304124
0.22196
0.636843
0.582291
2.35594
2.34678
2.71671
1.89648
1.84372
1.73004
1.5151
1.01926
-0.541909
2.01215
1.95497
1.90438
0.00783647
0.0261938
0.251423
0.0985312
0.130754
0.120647
0.36285
-0.39955
-0.223708
-0.162151
2.15436
2.18633
2.02518
1.33027
0.998382
0.738881
0.130623
1.3584
1.38614
1.50881
0.141506
0.231042
-0.555354
-0.62545
-0.473204
0.0285423
0.191417
1.03327
2.50845
2.62524
2.88156
0.880794
0.964143
0.465642
0.426474
0.431343
-0.207699
-0.375262
0.18985
0.852332
0.775856
0.975945
0.345768
0.0890611
-0.405417
-0.475095
-0.44366
0.0828073
0.230962
0.157227
0.377991
0.457148
0.297975
-0.251788
0.0417005
0.777169
0.691661
0.733522
0.412703
0.724774
0.966728
1.06606
1.14546
1.34616
1.81743
2.69361
2.52999
2.64358
1.84293
1.13366
0.34875
0.309078
0.92356
1.35387
1.09342
1.34243
0.965707
0.893763
0.256026
0.974917
1.34799
1.40135
1.27896
1.1994
1.12953
0.947381
1.30722
1.25049
3.20225
3.07589
3.29061
