182
1.46896
1.04183
1.62975
3.89234
3.07636
2.14295
1.54184
1.6693
0.475109
2.21189
2.31398
1.66874
1.76625
2.89292
1.51018
1.3925
0.0989313
0.307735
0.816929
0.156627
0.200051
-0.141862
1.76716
2.94019
1.64672
0.600753
0.266143
0.0929002
0.941264
0.0149706
0.805867
0.238377
0.77611
-0.298149
1.76065
0.285684
2.66943
-0.139146
2.31477
1.69123
1.98116
0.368487
2.07871
3.04071
1.94921
0.142655
-0.177943
-0.276792
0.753312
1.66569
0.232842
0.434006
-0.468477
1.72446
-0.150181
1.24725
-0.100446
0.168495
1.54151
-0.286941
0.322594
0.232881
0.00478368
-0.111374
1.75796
2.82796
0.0459525
-0.456502
-0.144589
-0.212475
-0.116623
0.0858187
-0.420526
0.409647
-0.194413
0.895162
1.27356
-0.00226926
-0.30254
-0.273178
-0.0430123
-0.105449
0.350068
-0.171846
0.452464
0.0422645
0.248957
3.28575
0.68247
-0.174096
0.738827
0.578486
0.0668437
-0.125851
-0.419614
-0.116548
-0.430161
1.34348
-0.519181
-0.591749
-0.25615
1.07555
-0.463636
-0.568539
-0.624513
0.492079
3.1233
0.419186
-0.0197823
-0.557177
-0.313344
-0.165928
-0.670612
-0.688808
-0.317415
0.387327
-0.434481
-0.705009
-0.570198
0.807223
-0.538787
0.0645706
0.976827
-0.337418
-0.128382
0.768454
-0.0715587
0.0351851
1.75146
0.504456
0.0102006
-0.323618
-0.264897
-0.102779
-0.234421
-0.296067
-0.388661
-0.320376
-0.749349
-0.562794
0.600747
-0.332812
-0.510505
0.22773
-0.354034
-0.167683
-0.488733
-0.062073
0.152556
1.41704
0.834857
0.178865
-0.358155
-0.201923
-0.339267
-0.161506
-0.039845
-0.206385
0.241178
-0.344846
-0.370694
2.21817
0.613412
0.149868
-0.395103
0.0588909
-0.364793
0.17912
0.0463107
0.975548
1.03722
0.240405
-0.102532
0.0358212
0.542515
0.219809
0.00980599
0.575513
0.588973
-0.199395
0.0241735
0.75959
