182
1.11153
-0.2756
0.272128
2.18873
0.102116
0.0454964
0.0113856
0.861788
-0.0533656
2.40015
0.344424
0.471358
1.42219
0.29293
-0.719381
-0.55134
0.754187
-0.0359978
1.04139
0.0251245
-0.377199
0.159592
0.895524
1.20024
0.563738
0.124405
1.19959
1.02459
0.911378
0.322015
-0.29923
-0.127159
1.22683
0.337132
1.04273
-0.507269
2.00172
0.495076
0.123559
0.354568
-0.316253
-1.18489
1.71144
2.33085
-0.624182
-0.298426
0.16898
0.0985409
1.27441
0.681315
1.72477
0.66266
-0.940574
1.17089
-0.252036
1.82
0.431222
0.45289
2.55849
0.368568
0.509264
-0.48979
1.44379
0.599711
1.65789
0.575241
0.527251
-1.69518
-0.241761
0.340604
1.20139
0.390806
2.53649
0.048753
0.151195
2.07461
-0.115899
-0.931958
-1.12086
0.443965
0.302351
1.35607
0.187352
0.3621
-0.46426
-1.14118
1.54677
1.61314
-1.09042
-0.680899
0.0323347
1.55892
-0.164686
0.0582706
0.395997
2.63656
1.02729
1.38779
-1.39646
0.73507
0.811735
1.74114
0.265927
0.89653
-0.0921838
0.353933
2.3533
-0.405774
0.946746
-1.82725
1.26516
1.56716
0.376091
1.45399
1.35942
1.13018
-0.521959
-0.707624
0.956818
2.19741
0.937983
1.72463
0.432295
0.49954
0.117174
-0.179401
0.422891
0.263156
2.09742
1.74045
-0.744939
-1.10123
0.281131
1.3292
0.997882
0.191947
0.588948
0.331178
0.979008
-1.00207
0.995992
-0.0664049
-0.318027
1.14785
0.828072
-0.052914
0.545049
-0.288892
0.749144
0.879274
0.748652
1.68703
-0.241926
1.10362
-0.630077
1.30886
-0.309909
1.14974
0.259913
-1.14871
0.0191923
1.04752
0.74238
0.222475
1.3948
2.10259
1.12603
1.15425
0.0518932
0.572795
0.0641025
-0.124759
-0.271139
-0.048286
1.18717
0.445084
1.37018
1.26436
1.11222
1.25152
0.436703
0.75664
