182
0.9968989226989086
-1.3940399453901529
-1.3238750498603913
2.0991078506831635
-0.0015247640468866377
-1.2461190179207582
-1.2432526236852102
2.6561256178091472
0.044032178874166224
-1.1815592811184668
-1.2440343469886315
0.8096287823777619
0.09682737007555489
0.2642054150941623
0.7794532969943897
-0.0294946173849135
-1.2215532783859533
1.1032159888079482
-0.5282116620501551
-1.190166023240822
-0.9175498172631045
-0.6175857566807473
2.166588306033311
0.026964490645933082
-0.6019950488193231
-1.0294659424920196
-0.9782191377436763
3.194542881768947
-1.1485056593439995
-0.2980362111652068
0.8369208028776848
0.23439816383780823
-0.37093975087532793
-1.4424070231497612
0.36860994635030453
-1.3355547236253948
2.8802125684131257
-0.3301975031982623
0.30414594060468186
-1.082390858902426
-0.07461227246996076
-1.3448545778190193
0.1293641653514989
0.2096725629069548
-0.8012382756732219
-0.5622132343427886
-0.21118469975150575
-1.097373806409688
1.2883208741821461
-0.34497640668408003
-0.9130053587544471
0.19819679071225307
1.2493898395050953
-0.9165030458970331
-0.9897387509858045
2.657945562528344
0.38850178787408485
-0.4708746228349276
-0.8755284068442957
1.501682166500518
-0.6027617421274609
-0.5565891300296097
-0.9701549263392598
0.22611302930572194
-0.7181653438715592
-0.02426772382449433
0.6678656217048097
-0.02749469734681767
1.311318846005888
2.7824362704377426
-1.3128785600887605
-1.2316402974829364
-0.47023441678712224
1.6145703511036955
-0.7024273773076395
-0.8332201605467041
2.6398384314075507
0.009194701272915343
-0.8032054875969239
-0.20480684051311
0.736943588954141
0.005538349968195293
0.1761028715793984
-0.6168472665099805
0.22010156611365955
-0.22877712657890006
-0.7062108601343149
0.3128546475114674
0.587415805839724
-0.11165533997666532
-1.6779151925204467
0.47932035888903496
-0.4305117642934812
-0.14626138960741566
-0.6065861077409048
-0.11772421019933871
0.49446715403395397
0.8140414533674811
1.5240697077548324
-0.9635053068586938
1.0813525494883374
-0.5149971823060769
-0.3672021102674738
-0.27386615860864816
-1.2161693474903066
-0.5226840374198808
0.25145189902329057
-0.15284636047414113
0.7864965769060935
0.4212466420178879
0.3234943547751158
-0.3227177676263703
-0.420802793615833
-0.1999714785381602
0.39884213220164405
-0.91677390925098
-0.8535629445527045
0.8415937346904723
-0.8427961982695794
0.7427224295448618
0.7460311405952071
0.13447047225619996
-0.6977338052070298
0.6644322635332847
0.32321392846927266
-0.10318431453231196
0.05179055312292023
-0.6250151777651011
0.06347775019191561
-0.9243829728215344
0.6527737934988428
-0.18968333384949498
-0.17805163139358174
-0.802633445787084
0.08501143437361493
-0.9113736867785022
-0.43198363530405715
0.5323038631269471
0.2738945319648332
0.26028311051787967
1.0461608520693015
-0.09178931664539208
-0.8288329812354204
-0.07249753649454697
-1.0850106311968222
-0.04346956455115261
-0.09135935136169894
1.6823252951949978
-0.4931498617200584
-0.4913528631503792
-0.9102958646717945
2.303333815609781
0.057639641942955205
-1.0454376497871856
-0.9291586514839758
0.8840157142858263
0.18566009040623957
-1.2426754171075152
-0.5585650356683722
1.7136635215282667
0.7975031703727373
2.291316151903154
-0.11342174223337341
-1.2245569716176203
-1.451860318441774
1.7512672290986717
1.53853663156582
0.3766241567329663
-0.5130714348770166
0.2944525043486967
-0.7248425581035237
-1.3524407611878786
0.49780354770029667
1.2421480573360288
1.6106753465792467
1.5753148265096137
-0.805030894235615
-0.39074628548745316
-0.8086911278485344
1.3418717546979733
-0.09888275368018778
-0.6541458622122883
