182
0.880537
-0.3893
-0.312613
0.567638
0.37582
-0.762593
0.757765
0.521726
2.6192
-1.1772
0.678123
1.51279
1.75939
1.55712
0.0296042
-0.662624
0.00700747
-0.6367
2.70346
0.85886
1.62157
0.715099
1.33087
1.67585
0.32155
-0.161978
-0.466926
0.886599
0.362483
2.54975
-0.295927
-0.715374
0.273002
0.975321
0.0851953
-0.611221
0.636711
0.327594
0.864829
-0.272204
1.44503
-0.844786
1.45013
0.943943
-0.995407
0.509397
1.72829
1.62012
0.482854
1.49788
0.408962
0.196884
-0.155192
0.694472
-0.050899
1.17135
0.608025
1.3865
0.851995
0.957228
0.141698
-0.323403
2.33111
-0.383722
1.75354
-0.40591
1.7684
-0.98399
0.846319
0.443477
-0.173961
1.94611
0.0271496
-0.212886
1.143
2.11104
-0.299025
0.294767
-0.383116
0.262903
-0.129662
1.68722
-0.913643
-0.725874
-0.800961
0.387302
-0.620594
0.960722
0.834435
-0.00574381
-0.743636
3.02514
0.151188
-0.155679
-0.62245
1.54845
0.27478
0.739896
-0.180878
0.0315323
0.238441
0.171204
0.925216
1.83921
0.814725
0.0573919
0.977193
-1.13162
-1.05509
-0.155997
-0.665144
0.352055
0.576349
1.6543
0.527485
-0.937849
0.594382
-0.199878
-0.250006
2.12305
0.768094
-0.00113089
0.739516
0.987086
0.501278
-0.0126953
1.55357
0.633096
1.97528
0.319396
0.182582
-0.617945
-1.18284
0.834201
0.519007
1.43588
-0.393304
0.069277
1.24213
-0.823388
0.710429
0.913516
1.03838
0.779931
0.0471744
-0.641049
2.09826
-0.149069
1.05261
0.39252
-0.357825
0.462996
0.750173
1.15683
2.3463
2.7185
0.174739
0.660964
0.176467
1.58731
0.739459
2.0037
0.0794991
1.34765
0.417331
2.25584
-0.135198
0.313849
0.851685
0.695811
-0.203254
-0.131129
-0.636483
0.705508
1.38119
1.87372
1.3539
-0.36677
-0.0391667
0.540978
-0.502947
-0.305115
