182
0.870663
1.06065
0.652677
1.67197
1.29834
0.941474
1.58702
-0.118832
2.90983
0.138707
-0.13324
0.681131
0.0338095
2.06002
1.81001
0.468347
-0.504686
-0.515544
0.0842168
0.363688
1.32535
-0.127537
-0.0795809
1.30512
-0.232296
-0.419881
-0.236344
0.603558
1.74451
4.15748
3.03262
0.97192
0.110085
1.16836
1.77952
0.62028
1.31465
1.37708
0.445756
-0.391416
1.84686
0.756866
2.85235
-0.00499474
-0.388169
0.976143
1.13621
1.5781
1.15579
1.88482
2.90699
1.94698
0.268404
0.0671541
0.319063
0.560329
-0.0127196
-0.332244
-0.288383
0.099402
-0.318817
0.107786
2.2759
0.856376
-0.2604
0.342456
0.0716557
-0.158181
0.711105
-0.0309761
0.286388
3.13018
-0.535759
0.573423
-0.303192
0.327587
0.15899
-0.0886761
-0.475059
0.459764
-0.278469
1.89678
1.53868
0.565065
1.07223
0.691127
0.202074
1.85222
1.25495
1.74871
0.679074
2.31592
1.8786
0.742762
1.26742
2.79296
1.63966
1.71971
0.88138
1.01265
0.205698
0.223246
1.09838
0.217137
0.42499
2.11117
1.07603
0.906265
0.0179606
0.419838
-0.174918
0.310307
1.23176
2.34468
1.11703
0.841891
1.84457
-0.164469
-0.49324
1.47855
0.233696
-0.166284
-0.309914
0.168925
-0.256563
0.284039
0.233453
0.725435
0.875201
1.00495
0.292365
0.0512405
-0.16475
0.195714
-0.315892
0.361806
0.756538
0.350176
0.473365
-0.355937
0.784513
-0.518524
-0.58034
-0.306411
-0.214356
-0.306298
-0.147292
-0.118903
-0.176145
-0.0319261
-0.329628
0.0287229
-0.315946
-0.158689
-0.37086
0.540397
0.323807
-0.323783
-0.352873
-0.116732
-0.39155
-0.172828
1.14365
0.0800119
-0.38523
0.234728
-0.444877
-0.474206
-0.0280966
1.87095
-0.328509
-0.402219
-0.276324
-0.277369
0.134736
-0.232685
0.550675
0.248773
0.125295
-0.408918
-0.509782
-0.518182
