182
-0.4620646132359116
-0.28941537321544275
-0.42392440292840244
0.17917764160518904
-0.4635881083233699
-0.46533003911157694
-0.5332443850362362
-0.4323289797128374
-0.48297729233667663
-0.14081269663688653
-0.502010776303961
0.06987435633893842
-0.41491518810935446
0.6677112188670792
-0.4427807690920593
-0.04818610121118891
-0.4717884555342549
-0.2571250249522958
0.76515242316842
-0.28600746953989425
-0.12412847460794534
-0.32723870464542776
-0.29001389917926795
-0.37221140827816834
-0.3315613173496496
0.30151876939575223
0.20158027046852722
-0.21385920516067322
-0.45253103179561954
-0.4247519453731071
1.0000250743685783
0.34819292420086745
-0.07560447507308275
-0.41161240620117223
-0.37516022711229685
-0.28074834980369395
-0.3571122757646369
-0.47019135570842774
0.03563363813666826
0.011716715731654602
0.03148668037065659
-0.3931431895909335
-0.421908834881757
-0.4166700987945236
1.1292191879460711
-0.4450731050841052
-0.05527522799937697
-0.0609137765112308
-0.44771191754172013
-0.4427208504856306
-0.4860557665936272
-0.5106215323107751
-0.4585391750691462
-0.27924511948817554
-0.1393641678987263
-0.19199262633588074
-0.5142038965798055
-0.5296912773709607
-0.32862058506063063
-0.25742672518345294
1.6962735662105084
-0.2370883893226278
-0.3985581329027377
-0.42632347456650826
-0.05179875901420502
-0.47110495779073386
-0.4613225221609752
-0.5213108147825457
-0.4322254795614189
-0.5149501730175798
-0.49310692376115073
0.723958299449859
-0.5169158205598635
-0.48323668236228684
-0.35174415587534125
-0.5224826528342054
0.3050689653623985
-0.26378647028645025
-0.4902585172525006
-0.5018379816279016
0.7703781531157523
1.0003285200378806
-0.1643494546671475
-0.21861952794349027
-0.3388825709104675
0.7707133083261033
-0.4034517039374978
-0.4197713216800246
-0.48543878457470035
-0.19962350393858233
-0.4790319197999363
-0.3098231392036063
0.16473196022459538
0.41336509554408213
-0.4890504799337016
-0.33124030130906307
-0.05837187996881394
1.744140301471678
-0.4568397228445721
-0.40952951730058734
-0.41694505003696897
2.2400863118481107
-0.2601866533023844
-0.20413508653185655
-0.37565101881964946
-0.31474471664232617
-0.19899738838222553
-0.2659232907827578
-0.4651339828948129
0.25843300329889685
-0.36051548718945076
0.701226571644265
-0.4281819213945186
0.0221802696673993
0.0479840975016389
-0.5048359300627148
0.5774451227865478
-0.18744400114342832
-0.4621212518430839
-0.15037606218362878
-0.2574289968748772
-0.07105541102826896
0.0025807881865244483
1.357713499906247
-0.4770734658366531
-0.40051778195490595
-0.36327108791290863
-0.3198944114565479
-0.3377845320521496
-0.2734266180591708
-0.17767146722374064
-0.10097131153425452
-0.1500332839974463
0.16797731096957247
-0.4649499849254581
0.10487363331814188
-0.4739217985553605
-0.45382706172883636
0.7720148977073151
-0.44231503243236137
7.9506243483159205
-0.47914111564591044
0.1398875765945323
6.648943090287469
-0.4702321179979538
-0.27888036985947523
-0.3722156732727288
-0.41363224327693254
-0.16507488303333817
-0.16927661016693354
-0.511200547160422
-0.2384114983216767
-0.023777810446118795
0.848507870507641
-0.1766199592368217
0.020271519874301272
-0.474019680929397
-0.18819977782387687
-0.3756236143987786
-0.4565991709251596
-0.23141397358482774
1.548930410757616
0.28086932385209407
-0.15461101287149964
-0.47361702849270165
-0.40755731628382635
-0.4578557157493946
1.5042337664662198
-0.17765770292405147
-0.040421686873436766
-0.42683342927555645
-0.1943708166740685
0.004162718456971845
0.3203011967545145
3.2864963282558466
0.21374376330902045
-0.2748685618531483
-0.3466642544708787
1.4972713624547085
-0.18158517107416894
-0.4544861678869166
4.031654504035214
