546
1.4163
0.0323275
-0.902908
-0.982229
-0.168537
-0.0493027
0.443025
1.1572
0.934812
0.96736
0.39561
0.234382
0.791246
0.86235
1.10309
-0.0776696
-0.233079
-0.201879
0.0737416
0.588341
1.20974
1.72034
1.02878
0.405554
-0.957983
-1.30468
-1.39528
-0.656806
-0.560507
-0.403654
0.400821
1.16481
1.38433
1.61721
1.66417
0.993725
1.21465
0.769212
1.17049
1.75687
2.08454
2.09934
1.53826
1.35676
0.606132
-0.31896
-1.0888
-1.25674
-0.442852
1.47311
0.879806
-0.0823768
-0.131797
0.556893
1.22719
0.643657
0.922417
0.99298
1.37927
1.05603
0.783684
0.536191
0.292424
0.358907
0.448908
0.878851
1.64499
1.88109
1.26994
1.29065
1.51535
0.927676
0.907598
-0.0542189
-0.461138
-0.58869
0.089213
0.53851
0.481626
1.07959
1.68542
2.08146
2.19925
1.38369
-0.838253
0.588662
0.551373
0.943697
1.10199
1.09996
1.56205
1.53735
1.8297
1.33653
-0.449498
-0.41701
-0.589782
-0.744311
-0.876766
-0.699801
0.519439
1.21575
1.85982
1.90155
1.84138
0.795476
1.66915
1.87382
1.53724
0.264337
0.273562
0.157784
-0.599095
-0.96305
0.711322
0.822601
0.52473
1.08047
1.11914
-0.0345359
0.0767253
-0.560767
-0.521925
-0.175187
-0.201722
-0.334907
0.323288
0.0998819
-0.0643951
-0.0681986
-0.605729
-0.731217
-0.760642
0.32472
0.743735
1.76832
1.30818
1.39818
0.625625
1.32823
1.41123
1.5513
1.89195
1.40702
1.45829
1.40154
1.12949
-0.374138
-0.446148
-0.0495806
-0.203244
-0.5728
0.72428
1.42663
0.860746
0.158254
1.03152
1.24071
2.11012
1.78308
1.19988
0.434502
0.033276
0.321169
1.63389
1.66073
0.63211
-0.439541
-0.855679
-0.895709
-1.02597
-0.896117
-0.752641
-0.871447
0.739951
1.60132
1.50432
0.409953
-0.31208
-0.0515486
0.281943
1.23673
1.19618
1.23518
0.617528
0.941201
0.873334
1.07493
0.688358
0.317898
-0.336056
0.0304132
-0.256388
0.0434402
-0.347001
0.239363
0.690256
1.55266
1.15637
0.517668
-0.21539
-0.643541
-0.791167
0.904692
1.40991
2.33218
2.18214
1.73909
-0.204369
-1.07952
-1.43218
-1.20071
-0.703263
-0.52355
-0.28814
0.0537806
0.404021
0.204168
1.20813
0.86988
-0.192519
-0.708055
-0.536666
-0.752877
-0.294317
-0.667824
0.781881
1.13111
1.18864
0.498043
0.604103
0.0242806
-0.166482
0.182896
0.19545
0.507502
0.252717
1.11465
0.435193
1.22904
0.145648
0.289994
1.02234
1.34134
1.20809
0.460184
-0.476531
0.212702
-0.317151
0.553107
0.21651
0.804245
1.55458
0.997491
0.0163925
-0.176838
0.60771
1.04015
1.10192
1.99356
2.56832
2.17184
1.73186
0.783947
-0.106741
-0.799719
-0.755918
0.707137
1.72235
0.890473
1.36828
2.34922
2.7368
1.94958
0.0409243
-0.58383
-0.917335
-0.536286
-0.161823
-0.1911
0.45952
0.133914
0.483093
0.669801
0.65011
0.621376
0.0745944
1.40099
2.09925
2.82014
2.49484
2.22131
1.51936
0.846107
-0.135519
-0.3333
0.159405
0.618897
0.925429
1.37085
0.968722
0.357469
-0.443042
-0.68528
-0.379958
0.130401
0.818047
-0.289915
-0.322574
0.0699834
-0.369107
-0.489075
-1.3208
-0.577643
0.0621062
0.606667
1.00793
0.716621
0.410572
0.613059
1.42909
1.27661
1.67551
1.79816
0.812036
-0.676331
0.171659
1.0073
0.924901
0.948407
1.83578
2.14221
2.12872
0.692751
0.904914
0.276679
-0.0024132
-0.890659
-0.906852
-0.552883
0.167663
0.898138
1.48542
1.91823
2.20218
0.933663
0.70412
0.746072
1.23473
0.879711
0.366129
-0.208786
-0.819582
-1.03176
-0.400761
-0.359384
0.675468
0.965514
2.10771
1.3812
0.251583
0.000156327
1.12946
0.949534
-0.154694
-0.821901
-0.0625413
0.538206
1.27635
1.0257
0.156422
-0.486242
-0.0615272
0.00254924
0.0847772
0.37237
0.756417
1.0709
1.43212
0.453428
-0.177973
-0.268395
0.446581
1.20138
1.68192
2.10673
1.52329
0.147582
1.01145
0.456155
0.0482277
0.168173
1.17311
1.87454
1.63189
0.0560241
-0.946386
-0.863922
-0.58466
-0.134153
0.652254
0.773088
0.0321125
-0.416542
0.271556
1.13591
1.63182
1.09716
0.201302
-0.730734
0.317753
1.36905
2.16721
1.88764
0.957686
-0.38816
-0.551323
0.208803
0.953178
1.66604
1.22484
1.7909
0.291663
-0.278185
-0.466795
-0.771617
-0.242631
-0.349283
-0.704148
0.517804
1.18862
1.98615
0.336159
0.550301
0.648901
0.605068
0.411409
0.427295
0.647492
-0.405228
1.37471
1.24113
0.473608
-0.336972
-0.173795
-0.086551
0.779019
0.581019
-0.170422
-0.407701
0.610219
0.891839
1.66204
1.71615
1.85156
0.394727
-0.298817
0.203275
0.460543
-0.729958
-0.199594
0.121376
1.00744
1.43363
1.72445
0.880247
0.163841
0.148704
0.0520826
-1.00048
-0.550251
-0.100259
-0.111915
0.628011
0.983165
1.6881
1.35248
0.862535
0.23879
0.434685
0.0428304
0.468689
0.545076
1.124
1.14024
1.56698
-0.00265482
-0.0672123
-0.0193563
0.11495
-0.394385
-0.101457
0.963449
1.65845
1.52936
1.73324
2.26835
2.04339
1.01269
0.0500622
-0.274482
-0.769525
-0.0371309
-0.365332
-0.16415
0.641766
0.860663
0.789591
0.81727
1.09686
0.727063
0.0270371
0.0748984
0.363308
0.694365
1.34045
1.84265
2.15762
1.78992
2.33703
1.79737
1.06333
-0.36532
0.331369
0.0126559
0.884236
1.35182
1.86444
0.648571
1.08401
0.889992
-0.0523768
-0.378674
0.259759
-0.323004
-0.0382786
-0.392012
0.948603
0.578846
0.329155
-0.181359
-0.84115
-0.623495
0.898241
1.83001
1.56701
