546
-0.8883383474746808
-0.7752281941635792
-0.6333063418649169
-0.8762691289809339
-0.8690481748162897
-0.5449139037002804
-0.35331434043644644
1.046192797754646
0.9796763585902807
1.6801182099850605
0.7821862450475785
0.47730504621957004
0.27329177301518054
-0.6492840985068249
-0.5112218253569174
-0.7644199764398655
-0.382279285601071
-0.9024990389130882
-0.922026806013328
-0.9733085379546892
0.7140213308897253
0.9293815896286983
0.9744552550744219
0.0787158695655523
0.45266077410148114
0.127406049250803
-0.03604978603529784
-0.27190775783709953
0.21571658735949542
0.41762889732460795
0.3313692572296249
-0.056664949296247304
-0.028752918280649145
-0.17487461026602907
-0.06535462856924903
0.7432609906914068
0.12011424312591026
1.0222928303510552
0.24295841087682976
1.14967685722885
1.163839110311745
2.4971014511671386
2.5151618175441235
2.736645504822514
1.5106167193101616
0.11772244965580207
0.5878806750841759
0.47254983214213087
0.8221910801163933
1.8216850964459983
2.3319626849119452
1.8452702547432236
2.0903631606585376
0.8076725613663248
1.566486602114665
0.7398776847033603
0.8830951612775404
0.3333335118495892
1.1540529146538119
2.4399891006794077
1.797774702816799
2.181654883472495
0.6223966381645603
0.4271135755130845
0.436546640393511
0.2678983801862702
-0.06544209018869353
1.0680537272267723
1.3673796147599546
1.5228548953709529
1.5538440253289545
0.5783864187384059
0.737833877750927
0.5781582525233339
0.1409043434612634
-0.07349467343866517
-0.009763666028003172
-0.0800734905017532
-0.0008277645466810734
-0.25176046727170887
1.3896848928188812
1.1175855809535704
1.876687311215514
2.3173563020296264
1.8464133601907504
1.5104316332752303
1.7645938333495006
2.867411907189352
3.9428470839010394
2.989728864776166
2.770453254426039
1.4370130226786169
1.128193843347616
0.27742919509429187
0.3962172469437393
0.6084452935184066
0.4000763059467834
0.20166540271187355
-0.5041655590229502
-0.15015029817991993
-0.09536225190984514
-0.24893551147364185
0.09015656364421745
0.065638935466182
0.18078340439483773
-0.10700349936727241
1.4111016180751783
2.2649413465807218
1.7336428485992217
0.2750927422811286
-0.2979942384702123
-0.36510130349565684
-0.017569607043538528
0.06771996545440652
-0.3330130577482849
-0.32268485770662064
-0.7870468912907406
-0.6837386503938385
-0.5784119529485648
-0.821425560581004
-0.8630778026680217
-1.1791369744381586
-0.5358919103997076
0.48666726988239006
0.35853486373594834
0.4489975555011353
-0.19796978167547377
-0.2515429918850752
0.07276197312812302
0.7286121094094434
1.8174377403213606
1.3969087884404094
1.626153093954567
-0.0053000124900687414
-0.5671791165794021
-0.7820220699656019
-0.7675796450635133
-0.8918064465273491
-1.0054529818649867
-0.760583937112403
-0.8872324503878791
-0.7941282792532695
-0.41085858241628087
-0.5893002470319217
-0.5047318538253871
-0.2905419332632269
-0.8829078331860091
-0.3149286542901857
-0.4360732453277436
0.7013501478853935
-0.1651169916504097
0.054150956719850395
-0.22916064421504445
-0.9258183888878723
-1.023851588451452
-1.2341046715244568
-0.7058999277496555
-0.4820247591922281
-0.7429637512301068
-0.7503195225498359
-0.9274103210501102
-1.1523279380138824
-0.05145967437326677
0.007075711232987597
0.9573943219926359
0.43819545863462706
0.3192585198998144
-1.1193118096306554
-0.5578127639433587
-0.45081655676492177
-0.38287196322170214
-0.7360024909574352
0.1600953332256162
0.17998310055441114
0.0014632146209126128
-0.150145858658281
-0.33931840269777186
-0.5674310564420639
-0.4923685175307951
-0.8951539784871656
-0.8992397947726226
-0.9820536568582656
-0.12308200909172262
-0.514645960250829
-0.41402768682487034
-0.8672851196457821
-0.8687638439641856
-0.49743546555281903
0.738832455636828
0.960524546881393
0.6352063559180708
-0.6593049132626975
-0.47012791775850227
0.6447705353309964
0.5396350245336896
0.712079945701965
-0.055388383282176226
-0.9892185830747312
-0.7295103695264614
-1.0982303158537374
-0.4354662072640756
-0.37680452900968925
-0.13592137655759937
-0.4265289827921122
-0.5469315762477461
-0.4554795706694375
0.8719844389371971
0.6751387099822245
0.0073433738491060765
-1.45597847259845
-1.469055737566757
-1.3252750701139573
-1.3856526686786608
-0.508591498112333
-0.12548193018255918
-0.2620454036692666
-0.7660963922429146
0.46535401252140524
-0.17323609565610035
0.3816441747416265
-0.8208996101848707
-0.38805709008683853
-0.3250725325132285
0.05323997584085554
-1.0771643789865981
-1.0868609919819203
-1.2786532357685478
-0.233398451775453
0.40378460210692974
0.18612129757567658
0.6558344561740116
-0.5953884067858224
-0.7369261687761869
-0.6020079401295416
-0.8828597085277109
-1.0127313390508303
-0.9645251435463496
-0.7817148061594933
-0.7238619807060936
-0.39698991501361913
-0.5628309997288495
-0.46648503516996354
-0.5260302349557399
-0.4797619550375272
-0.07429403508082404
-0.009312113969128656
0.471888895278084
-0.14045479979098563
0.027274201519416588
-0.13907375796240198
-0.711104873051701
-0.9487768733829305
-0.658500704988799
-0.5618788850769431
-0.47757031769486186
-0.7951395159837442
-0.9464082695320275
-0.8272482905371511
-0.032561851382229445
0.15816229039919258
-0.1594171385077413
-1.0417687666969189
-1.2965782977947462
-1.2226308996866018
-1.197650251283032
-0.8526577757786356
-0.5527428394689382
-0.5247434645935467
-0.7146924412960203
0.014328172789864544
3.210299907974626
3.4897605277831127
2.2262634321193366
-0.3059303378731589
-0.7733321111062552
-0.7363838644588832
-1.2864012707080819
-0.036374925781673735
-0.20552083781290714
0.3516079267929977
0.003592731606875282
-0.2471294610956402
-0.678256254899737
-0.7258385462095744
-0.9299163629881292
-0.4233134779037653
-0.6379494453757536
-0.6629140365451263
-1.276684223674193
-0.7384360225283998
-0.6817776771292046
-0.16453167380694386
-0.8305636311998498
-1.3975352342044074
-1.2661169439114974
-1.478697039983788
-1.2706826010589862
-0.5345538932349861
-0.3812366943650325
-0.2846959183441217
-1.0410873596271935
-1.1190304482928148
-0.8760281596589866
-1.0263886007707879
-0.6901084270246612
-0.8912960362072188
-0.32260207931406026
-0.22407708496203038
-0.27426578531804674
-0.011566522839080188
0.09682164024438458
0.1761948589578918
-0.5976491733914597
-1.152353779605527
-1.2944183517751924
-1.0916871178778027
-0.9760598705140601
-0.8679858602454078
-1.3350692845443555
-1.3174438616054107
-0.906991449639934
-0.6991474195214232
-0.4921458482925734
0.9348151747829522
1.3598796541561131
1.2387055836752423
2.124050621134821
2.760161901695085
2.7432979472633465
0.9094764485851863
-0.7805558270690626
-1.1592840806913385
-1.3192936318239854
-0.9189102233005878
-1.1937913554594437
-0.9650031183433699
-1.0845807505031453
-0.8465181670719726
-0.7634691852473968
-0.7105333359670148
-0.7937786423966234
-0.5378688046498161
0.5896044030318
0.8250195939435813
0.7762909731590404
-0.511234538762365
-0.844083448493106
-0.9392842603597144
-1.0976543096664393
-0.8278771340639993
-1.1049525397952409
-1.3723383858259905
-1.4079874835046347
-1.1265986310471678
-1.0400364877407755
-1.11667409503311
-0.11195018783879283
0.22142785092523562
-0.021427339310298926
-1.1321522637813786
-1.1210562159035495
0.10959323686862657
-0.30794116106183866
0.3338403579802382
-0.7917521422579239
-0.872886756786044
-0.9166306569972299
-0.8258409759324041
-1.0610700487597968
-0.8366391944218952
-1.0782578542064225
-1.0714465926274155
-0.8134011434184408
0.577387288305696
0.6406387547326168
0.23047327893197975
-0.9867119649567083
-1.1927028681510539
-0.8383892649890337
0.20021764965997266
0.6956126233644416
0.36829543110824564
-0.2681442633448818
-0.03561019953573718
0.6100852810523185
0.6262918448974963
-0.03781230573029845
0.365957781151869
0.42929162416394917
-0.43026894679614874
-0.8422702764691645
-0.7298561046037557
-1.0005052637895473
-1.1317290624075045
-0.8446164309537192
-0.9721685396843986
-1.0973811917522123
-1.020419555671503
-1.0436081160921724
-0.6212888498067769
-0.5839466956005179
0.07525245034631388
-0.4184482530783465
-0.9318195350034966
-1.4105722662823856
-0.24229853699023307
0.43269158610111613
0.3590330906429027
-0.9172801624461149
-1.1704466866088754
-1.301176735283768
0.45707685477244697
-0.21822311307367184
-0.08691751338972518
-1.1995087897890626
-1.2490957868316888
-0.7367259147003858
-0.69248359557763
-0.6823335129606081
0.7381258237609333
1.2170334131981357
1.1491835321735273
-1.2214650282890573
-1.3001197260978563
-1.1944562719150469
-1.1433756467211362
-0.9187442292545223
-0.7577499773631226
-0.6366267262718238
-0.5033115677744874
-0.856647194210277
-0.6870197641396919
-0.44797517250079655
-0.49745873244099426
-0.25360371523053316
-0.08229682612601162
0.5389021112556965
0.4078562559586413
0.14493982306861364
-0.8763696434705247
-0.4837335925047619
-0.3009372467621595
-0.4004809991063995
-0.7717979056405877
3.0560368170568135
2.883742460950998
3.2179101108654606
-0.4016738087061687
-0.5339745730054054
-0.2909453516323695
-0.191011742543346
-0.34730758200191436
1.1755760790224616
1.9447806503077378
1.9618032592791512
0.46740555915013
-0.23174658992829392
-0.578343034816797
-0.6626307449160466
-0.4464136906495587
-0.28410740281790453
0.12620160963505525
0.3656660104552192
0.24727715604854672
0.4494600837394514
1.498437849862772
1.8259434348106582
2.1011423754776697
1.0289968046954887
1.5801293631986262
1.7616330418160693
1.178145168746866
0.6519050959580248
0.47803955742728044
1.269336704734271
1.0348875254926275
0.4812845340318088
0.42408422925131645
0.1514207186919964
-0.104183488722724
0.11584433975207423
1.2103745103508674
1.391808064746644
1.9621618760567368
1.037169826812348
1.5634769406566527
0.5729370945275526
0.6600315286312425
0.2846322193596596
-0.015424992413821616
-0.30732996406227
0.10387765720521562
0.33648413297986357
0.6867389161474041
0.022937865159101577
1.6626660807011462
1.0877176867747405
0.8590366370574875
-0.3755054134012937
0.16277616988728827
0.37289411343457735
0.27594453515374606
0.6315682062409959
0.044132142817505306
0.4084097229323876
2.8443767001414653
3.898341822831853
3.6310264809769004
0.18111742389377067
-0.9105574914232442
-1.0298849321449512
-1.2689373322747535
-0.5481351204228524
-0.6400814689967879
-0.5433960036741856
-0.20556280780036618
-0.03844849550607679
-0.24743518884396562
0.047322186947456865
0.4427818826608255
0.30642106659410756
1.314869386423282
-0.3502481414993987
0.5487998323295035
1.1202074455455004
0.6322230803184576
0.0726519503466794
-0.695023479425631
-0.04736526221059257
0.22091630469287526
0.7765358324330963
-0.9268813346985342
0.9105467491203881
0.19795437537294197
0.30020308518067323
-0.2744783736489011
0.30279734956639054
0.6850144527089109
0.19998101792497122
0.1929103811991381
-0.521045196995107
-0.547224477197284
-0.7131756800894007
0.5217711198652224
0.8319300277336855
1.944753599959063
