182
0.02746853571997146
2.0249972608599864
-0.2583077363932962
0.04593534339465175
-0.6632252699844674
-0.594752860285613
0.9546990146952453
-0.9884780669327116
-1.0383581629794418
-1.03537444695817
0.6677386873280726
1.4649105708833217
1.188005896405436
-1.0438255789631392
-0.08439187215073009
-0.3995106413785531
-0.30213451554550963
0.39746646928757284
2.0623223086517037
0.01922777940262931
-0.7609407733752306
-0.057711669660763666
-0.31471658835147104
0.04740982913552423
0.027185125315169326
2.449026349029727
-0.7607690379399831
-0.8734964633802398
0.27631543834670735
0.08343523652862053
-0.6746100421809027
-0.8786854121311257
2.5589367191061356
-0.9758657770087725
-0.9116875455267346
0.7657155442784869
-0.5252911027550036
-0.31100469054103885
0.5740870440425814
-0.18308412775102129
-0.8486717811629024
0.3723766435829383
0.44020738965663925
-1.108855145526902
0.34686286524447496
-1.0078438733530302
0.7561306831048593
-0.7000286922591082
-0.4894114719519792
-0.8711533492660561
1.8272864075330988
-0.10265508763195673
0.7754039419929969
-0.8121703934499095
-0.5255137720977715
0.9898216380143028
0.849490600837088
-0.7396527233051802
0.0726684520624592
0.07155491268081149
-0.4344976565727674
-1.04786878183647
-0.6623490975680729
0.05333132230077476
0.0030553594898273346
-0.8422910911661128
2.760677873194511
-0.6636450784812405
-0.5293699863665322
-1.0883509108627643
-0.2592557705827756
0.7406465047384461
-0.9086535889882679
-0.010236435707960604
0.6047709556593788
-0.9936606164224789
-0.3587247156381658
-0.12182700236536743
-0.9434190019690355
-1.1214050584033086
0.8328774729460741
0.8838182366316387
-0.3040596296587227
-1.0776031902596823
0.851886849610976
-0.2660916740887516
-0.13827332912432072
1.447655835206413
3.6483488587110875
-1.0252280376590628
-1.1184243144137689
-0.6198493215026136
-0.09503297715195755
-0.41760734095598984
2.3005420647747967
-0.7880048080731907
-1.2287431956476196
-1.0151516953276882
-0.5806073503896507
-0.2878541032314584
0.2872444963608299
0.4381679535251369
-1.1115881771500162
0.37367673520545985
0.11670569692405353
0.12898405311052388
0.8369139656386422
0.26154496177207864
1.2083893133528507
0.24170113356749065
-0.9790721265923785
-1.0379899226362268
-0.7627967153567431
-0.38305037541617454
0.35865125648258583
0.553349306812803
0.22095180144158166
-0.5940226226146762
-0.2146881719152375
1.656811709096287
-0.6236207726775163
-1.146299447020034
-0.11487165495339988
0.764926330492899
-0.6770877861748096
-0.4818486466737485
1.4963275506514253
-0.33684507082919274
-0.8757901001905586
2.2806804946561283
-0.23753084419653656
-1.01291818694328
-1.0059818916075187
-1.0413641801609013
-0.1487407027709752
0.17637701208729747
-0.023204537360098452
1.7099124716456124
-1.044516973525747
-1.0816967923893228
1.1577915067706461
0.3153734766474085
-0.6577160426148847
0.5119458976177923
0.5427316149627609
-0.9672771359166671
-0.3110497962161196
-0.8211073773604678
0.24354162092540282
0.3062121348489178
0.6161714392905971
3.0376240170281017
-0.9131899998560687
-0.27227876773325793
-0.671477508098812
-0.5937708098744918
-1.0752609329889016
0.33637487781700376
0.8838754115264382
-1.0186010743169425
-0.5198836712327315
2.2032666756197403
-0.9237550385014356
-0.7641617018353929
-0.46057071645158987
0.0908567651327797
-0.6806172191053832
-0.5414719658480944
1.1662355525127681
2.1172780384595855
0.3500473527078477
3.411453623299018
-1.0713223283493862
-1.1656902809315917
2.496777347019346
0.6077843206308274
-0.7497782164902778
-0.15401935284957244
0.08967131107624905
-0.14876220073536653
-0.24707755245128374
-0.4059974255936811
