546
-1.0100859915409524
-1.2488473646086595
0.7509336144143868
1.4006623921021841
1.3928917077703464
-0.9526799147408401
0.2285997462136219
0.35565253272351605
-0.26539464014796393
2.2963812217237978
-0.027255200907760565
-0.7837695656608575
-1.187029989317594
-1.381301248476883
-1.4568065770039684
-1.1468875485955312
-1.2969706741036688
-1.4827790513433716
-1.5473897578781666
-0.8803285976184695
0.14783962260302097
0.6417255990392673
0.6106070700514475
0.008661905839391405
0.293395236264786
-0.6335038881679063
-0.5173134730833224
-0.6868468449717523
-0.9616969144741173
-0.09872261669816143
0.4727314384035346
2.677173248239697
1.1141158136557563
0.9084745735053614
-0.2242701523508738
0.3286644859975225
0.5828253832477458
-0.10280774153570958
0.8580297231079794
2.497881032316374
3.6344516820683035
2.1430096664927367
0.8613311712298015
1.8774009700440755
1.4608583682196374
1.8023821477163655
2.2743500346694683
1.1423340384954255
-0.14852387054726057
0.003898727594824841
1.5166874192921902
0.6651155293626619
0.5715545911809788
0.5583184847282607
-0.7309857341269429
-0.9940120043268252
-1.2863824750908006
-1.2517799239004486
0.5686225716601688
0.5254103452574239
-0.2149390161819469
-0.43666838755654697
-0.8655788023110633
-1.0425149737223178
-1.2045102732242365
-1.171898165459032
-0.763693802059191
-0.8735321012779554
-1.306025755694441
-1.0875597082279507
-1.1208415507732061
-1.4385802265891963
0.2845891477623249
2.239409512592221
1.4866291060712464
1.607705946351734
1.3682949762188088
0.573581396656305
1.0015468784675408
0.7441150717140185
0.1828101502486713
-0.19970728873431587
0.36916038556700925
-0.2098802415847338
-0.8152578435491761
-0.08680777925062354
0.5403520657001312
0.22041053751798712
0.6532197815665873
0.9413134634238203
1.5462985751047706
0.5573523576098536
0.1978845165690206
-0.35140138025545037
1.0714116537664582
0.9202807452257976
0.6541433495246884
0.0990217852922214
-0.08985816230449874
-0.5072012320853845
0.10429755581208179
-0.49731998023971724
-0.6156687675480917
-1.1438820586858138
-1.1377148329372535
-0.9446903512522676
-1.2411832157489089
-1.4312038593761955
-1.4485799563309751
-1.421104522355749
-1.5085699166147029
-1.0091544348496424
-0.4352110159782728
0.31717784827201
-0.6300995895159669
0.13853208271573594
-0.06330582712323622
-0.9600637480569267
0.13155793755997863
-0.562480286063828
2.0731220737233094
1.7306292939846313
0.7763074044194124
-0.20876042932000222
-0.6875259152826232
-0.9461869684534033
-1.3361509992852032
-1.4161683885265273
-1.5120611848327967
-1.3715886192214555
-0.4448842240114104
-0.5695512263788112
-0.6285841619749779
1.524769503557839
1.2383420668249563
2.0238554706368093
1.5468079157214585
1.751370144364559
2.1231095926484542
1.1260321669417201
1.0500096884592882
0.578651141458977
0.20591562291248103
1.6297700191911342
0.4044881498855712
-0.5857687003033522
-0.9075440204335121
0.11669646075273396
-0.06315258923986167
-0.5666948723960052
-0.7096839422292719
-0.7553704718995023
-0.5910311711562278
-0.15414121019980281
-0.5776968698112331
-0.6654937265793831
-0.8662194651171042
-0.6357072506430756
-0.6013258463562925
-1.0614365029923967
-0.8679645439990713
-1.0777054344009673
-1.2626064644190698
-0.8416002097046104
0.39808932750014603
0.33481221149223583
1.0429489385329767
1.7441394043190483
1.3274473211383473
0.4535195130528821
-0.8169526942139693
-0.6340389628467391
-0.7094741373338668
-0.8032393483065087
-0.9288471034716642
0.1140914937786492
0.20887084424682645
-0.4224888614188456
-0.20259484949256826
-0.5538623099196123
-0.7105447122799325
-0.8419006112654871
-0.32723683495480516
-0.6657698805721677
-0.11221247965626735
-0.2247957419957249
-0.6805276554335392
-0.023998941530334408
-0.8385685734483306
-0.24667923881136591
-0.6905053539500463
-0.9276444901057623
-0.39695485837215555
-0.5516341112792501
-0.15138871121006642
0.16701381511834368
1.160104860012486
2.648710121809105
2.1012131337932667
1.223339630006165
0.8058162396042529
-0.005410792648015922
0.7621417735293285
1.2556112073605115
1.765102762445273
1.556694043189188
1.772696380425228
1.3000424324728364
0.8801490381029797
1.0839095973129818
0.5611995243029826
1.057197534866761
1.6005659668127816
1.3836604498985186
2.1178604200047766
2.475619014984419
0.9478649445139593
1.5275881532940447
1.4771132701950938
0.2372685952530302
-1.0161113067871048
-1.4529268397281827
-1.5723324961660041
-1.5759345064966575
-0.46874369210915723
0.07671389148193956
-0.09844500869901601
-0.6332239242199583
-0.6162273008904058
-0.39938767008280607
-0.6235090624473348
-0.6615638883107546
-0.916882321038983
-1.0150060468034392
-1.0912891059849248
-1.1377611384428377
-1.1258849398654815
-0.7426301677075682
0.7048818517445052
-0.11263302478224836
-0.5371988757820114
0.4780537923709483
1.080716285836416
0.3953465069974187
0.29843204560192593
-0.6172426484178919
-0.5119139509213428
-0.8083864939540469
-1.005153856864548
0.02031689035888231
0.012775176428063752
-0.28993363232186997
-0.5873512367821041
-0.9428268640998865
-0.11792751192389045
-0.5814052206517528
-0.6277543251035332
-1.3088404294343368
-1.2362825437240361
-0.9752621434686861
-1.0217063732572933
-0.6307662677307269
-0.6087208666616735
0.23312594982400472
-0.28567192244207956
-0.6323199932576464
-0.44767929779238524
0.06713017858901968
1.3771040695163506
1.4917553074341148
-0.7262138677054029
-0.5330616324261878
-0.4312103320031684
0.7123063833228471
0.3359834181082345
0.049411280218306326
0.6131626851662897
0.7456607841250318
0.4444097768775582
-0.8653974939073917
-1.0465022566334692
-0.8603550269104376
-1.0803700767331865
-0.9897592593498111
-1.1653308343766209
0.8711549846358001
1.0415483923201538
0.680550735688766
-1.273361521927364
0.5246556956403666
1.544409396436841
2.47126250098491
-0.2590267620464036
-0.23742168827989918
-0.0479160784927574
0.266857041873115
0.7513599960694471
0.5975445791905885
1.433275039586105
0.5052176686896235
0.08397427173982688
-0.4487807151684256
-0.6003073538782335
-1.180976159059735
-1.238956668090634
-1.3817431386819774
-1.3183663174624165
-1.0232765542654525
-1.0092371778128233
-1.1861682812480936
3.6188891492555864
1.722237790027251
-0.04098827676226707
-0.6462999709644299
-0.6305490269087872
-0.3499319957944852
-0.6397589151309454
-1.3628555516754692
-1.4683586607834147
-1.2043379204607403
0.6936038852597693
0.4318826359581268
1.4442839329178925
0.15302599733096614
1.5227482701766957
0.5077970993928493
-0.23962472849278602
-0.8900387295901996
-0.5255080957432291
-0.6710862288378545
-0.4782308036640241
-0.7797332519871233
-0.671993139479868
-0.5229322945312865
0.16245151285375678
1.8102097014780436
2.1815471472352606
1.4323341678304689
1.4447644198731615
0.42977073365834495
1.2381478447109762
-0.5181180326289351
-0.2777890097421565
-0.3829086913486306
0.08952374311090991
-1.1167629763540556
-0.9094962281101918
-0.674468528470918
-0.9378587553676382
-1.052968645677698
-0.8064375610176683
0.22574866270741462
0.23134989797059075
0.580883924630242
0.09518720512155165
-0.5254769482822963
-0.2727413715667436
0.8501121605289227
1.165461366662443
0.14619802597364956
-1.1641855709713285
2.389398742109627
0.5975578530797874
0.2596373809587395
1.1556183763077654
-0.5387809076852244
-1.0505853271232664
-1.3932562451012003
-1.322086213795957
-0.6888047340470442
-0.2509594697580543
-0.09660644637374201
1.2327613187374242
0.9167510343983942
0.44954219388330874
-0.5025688783790354
0.220546860221769
-0.7029398278373156
-0.7195065748755103
-1.4538854669669539
-1.4955113394934438
-1.4404478775473342
0.1396911920130727
0.46817211746814563
0.8921585837441091
0.9664122153928165
0.8850629143330506
1.0891102545463252
0.45478830838962175
0.03376308672751704
0.3156264627718421
0.11087902022727761
-0.4635800303745793
-0.720176746477008
-0.703103314115312
-1.3265403358027956
-0.97655921054307
-1.070047097629235
1.012509760331924
2.277599794269634
1.7909643866718732
1.0198196494884202
-0.36572784939672914
-0.12478917389727176
0.09148899446507161
0.8373054983241481
0.6672858695183811
0.12360220657080603
0.7539953283900384
1.3770103563294678
2.3471549256866737
1.9068683723511843
1.4297732770214093
0.13606320618573578
-0.13692289781283934
-0.39315276654447273
0.8396363924262186
-0.521698184250753
-0.582247278210406
0.09538830853497418
0.005190421708265019
0.5987324053374509
-0.8582775954528725
-1.029214725167604
-0.36752474463004003
0.3787517899335759
0.2889120549612192
0.4857928364208386
0.7098095051049506
-0.20577990373408106
-0.3755910411052045
-0.05632569545176786
0.8694595060351242
0.8374982166293029
0.39728044156561837
0.1518984891348574
1.3185570677906786
0.6051665676615643
-0.5030018687147204
-1.1110692802383024
-1.5224002380216577
-1.4743220785013815
-1.364784686954691
-1.381926652438027
-1.466504978182739
-1.4762537578141093
-0.09531351607095341
-0.2200684328120951
0.7065812796983078
1.687290749558326
0.9254570037654066
1.7868472624090086
3.564548936317886
1.9759892428397425
-0.22399166217468758
-0.8075249174811706
0.16899417880899018
0.39255420946675496
0.013238545784485271
0.1368290697890865
-0.19757188340324858
0.018573104282016573
0.4110313723194395
0.6878778305206211
0.7003739681722526
0.45972049490512684
0.35222918784418394
0.47409856550428253
-1.0798276673013947
-0.7428855958158562
-0.6519526807096867
-0.0835945926932207
0.26278702574229124
0.9181978912718847
0.44028750039801523
-0.9902796865313258
0.18192362496702913
-0.7109132309074709
-1.090440643751499
-0.9053602541323674
-0.8324551293340867
-0.3004330541063638
-0.8571087252369743
-0.529717838240483
-0.6170015557242329
0.4238371978363325
0.923131694026013
0.26380558815735716
-0.2563066937930667
-1.413771562758517
-1.1835836425668258
-0.46859723357513344
-0.053925915732637074
-0.13552563673793533
0.41364815847650416
0.32150741482910994
0.8889643816337702
0.5295999772380193
-0.7063961576800382
1.9152462582496954
1.083408192873303
0.38025648700041975
-0.8749394800300275
-1.1282664978036645
-1.13526159031541
-0.8987378948431632
-1.0496801654795895
-1.4020375453395808
-1.3414962152638783
-0.5502352399368353
-0.1419812717707999
0.8317427376797047
1.0422936252612398
0.39645459825275886
0.07635238832651324
-0.7425566871831385
-0.46956263211077287
1.135647125783921
0.43470991498745787
0.10173950289541397
0.02365229234421914
-0.7538155927602985
-0.8655088331462051
0.7783740258445547
-0.5988505468360681
-0.7411493534801566
-1.1392704451425983
-1.0473072092412117
-1.5109284169279062
-1.3429294195185122
-1.5339672916188178
-1.472689607229885
0.10243030940763806
0.2989734239012945
-0.1826978257251711
0.8566880934447778
1.6110870116567853
-0.38887604120981595
0.4433621945355013
0.418765028600347
-0.21161435266918358
-1.0032360189730098
0.2880350299789647
0.18667585837493286
0.2193650184941712
-0.05322256687866701
