546
-0.04503576813290507
-0.4969839962110275
-0.6233017768339219
-0.7609834909917346
-0.5454453550772147
-0.5572494734756348
-0.49867143726823127
-0.39969219145346746
-0.8350937392596863
-0.6785375430142125
-0.9607175741089673
-0.8300886339708022
-1.0123537019219702
-0.3752064469878076
-0.18510361194078595
0.32951263286490573
-0.11514399013165565
-0.14257520503466664
-0.7232956092016246
-0.7177178357751461
-0.7912113476164729
-0.5504821161859064
-0.5237398550304673
-0.440905946223666
-0.8837908363189626
-0.8307511370046464
-0.2889410518824779
-0.2569914923938435
0.3208140734615624
-0.3099988004155362
-0.6887285055629637
-1.2152554145112722
-0.9585650733631064
-0.5205150861666029
-0.31255934416023995
0.23270537644503023
4.260367675177958
4.6741677186965935
5.18679384484358
2.9397150559400833
0.852719116325674
1.1159319760306878
-0.06596995192433068
-0.20608835811537415
-0.4853985625814484
-0.41025602651305676
-0.7568800232225487
-0.882924163289497
-0.6416898720002451
-0.762514735727253
-0.715464464251337
-0.5215666514762176
-0.05354517908455954
-0.052629649311552666
-0.20603916147767878
-0.4588909081643002
-0.8858349566047448
-0.9811136228675553
-0.8585293537441911
-0.7190380361141164
-0.9121741452415044
-0.8616055820844577
-0.881808731584789
-0.9186217003849899
-0.7368478987032924
1.1668505209697762
0.8653153706968876
0.5533935542555714
-0.6201237698126207
-1.0257767694724573
-0.632685863460032
-0.45553920288449795
-0.2422919328411282
-0.32280106576578343
-0.6199465423899209
-0.8632592724130054
-0.9640946632933389
-0.7454427318646162
-0.6678376581480012
-0.1325773448308631
0.5177631747901685
0.2109684063167907
-0.11450388683841109
-0.23269878397692778
-0.3119523999641376
0.07442764132732578
-0.17278126206661018
2.6646152706409834
2.113836475587444
1.771376007918638
-1.0401738393833513
-0.7435111055212066
-0.734576293194155
-0.752854680971074
-0.9254093279973444
-0.44514818524301825
0.6759927476482201
1.0123062917707442
0.7735938822155927
0.5434007493441968
-0.13656753089905205
0.07934310062701887
-0.2615906386431066
-0.046084143916853774
0.3332862437991171
0.017855645078212926
-0.5634475244283724
-0.9384132578368111
-1.0190497873452926
-0.8723374355651464
-0.9016893605426856
-0.719231424383499
0.1861132234402574
0.03722258796302427
-0.04197441712271427
-0.03296529461204022
-0.15413732061084975
-0.16156346099133645
-0.7983614119966715
-0.7787802692707132
-0.7046762380007573
-0.587604464816559
-0.37931726394710225
-0.9070101235374447
-1.0792125932664756
-1.1111975940747498
-0.6681072243144323
-0.2257648010324481
-0.23515402900335478
-0.2091862890637532
-0.8816847841271244
-0.5762934181841938
-0.6862815619522065
1.1031687177957659
1.4882561292345158
2.100325746616356
0.10545271809309459
0.05744411781689219
0.27643258441267915
0.014077760934503426
-0.25511247585571273
-0.39780944411541735
-0.6278716914041058
-0.6591968504203829
-0.6006716891750519
-0.474086693146288
-0.3089823478231977
-0.10020726705894327
0.11874465191182981
0.10235125891250978
-0.24149758653372158
-0.2874605666453322
-0.130442794096699
-0.1529752798954986
-0.001541823665754258
0.3820869306122734
0.2328358607191777
0.9677124616397452
1.3047180928320752
0.8362322173001007
0.6433232410676645
0.05933658058902092
0.5535767215149838
0.4451450636301875
1.498863913035196
1.760652536712422
0.863283381139804
0.09806680428097764
-0.09494880448122342
0.23264372756353377
-0.2998458362693396
-0.42162747593717953
-0.9401917796190943
-0.6789034462641529
-0.03503590915461038
0.22513321845856965
-0.18824975334713043
-0.8719622674067233
-1.037080214065296
-1.0818846879282347
-0.7147655751527171
-0.40816395626474844
0.285643918427859
-0.06469050702823902
-0.17110159373138328
-0.8371813192048088
-0.6000846674434145
-0.36950986181711243
-0.489678931241529
-0.5124159949680689
-0.9037776893013333
-0.9935289782729677
-1.0442419890579522
0.8539784996845543
0.9967852823504617
0.5007143075314157
-1.07559904952344
-1.1493795600818384
-1.0279453905031184
-0.9677967309307108
-0.977967811155162
-0.8814448152356716
-0.36774112229868655
-0.2729168453099741
-0.08976992729811245
-0.5053020086996205
-0.6434018488197623
-0.693824999149199
-0.5598349582921678
-0.8153422566823577
-0.7579862542199626
-0.9587699322381521
-0.6932053885710036
0.4147436890099849
1.022239177664313
0.6457967483992294
-0.06233242973203371
0.6713631652530625
0.4285463890010981
0.4285712721871883
-0.3623357338956681
-0.2669897259891808
-0.8994331084646882
-0.8029244983140988
-0.8422505792485075
-1.014864504181072
-0.819892524228575
-0.7990439681962251
-0.15772669617140192
-0.09209633297155859
0.25067269229377903
0.3382382924521694
0.3869941554569802
-0.36075290495196166
-0.4991336350426426
-0.08864715354083215
-0.5385722834606445
-0.7381361185360719
-0.821479631429508
-0.7685900301598132
-0.5272632835047257
-0.053091887366167094
0.07932059514889615
0.07927168677476283
0.05502259410107016
-0.060849531310073535
-0.6453705468108756
-1.1202352766852228
-1.054259800546728
-0.9675763948567365
-0.5934925020440014
1.3344200841907994
2.2064348342377196
1.5830608026655946
-0.5303557251270589
-0.994662454029209
-1.0843746222626833
-0.6981667029676243
-0.4111053256102829
-0.2845787042667398
-0.45613232340538995
-0.4826281944460791
-0.17019071610725447
1.437537502647749
1.0965527197814287
1.4692700254470508
0.19708687894879737
-0.11033255359804217
-0.4233737212767134
-0.3152379559348974
-0.7022888856497449
-0.4790394806878154
-0.9090437214244167
-0.9091360204909776
-0.9417705336019176
-0.6830281135187285
-0.6474823574560534
-0.811328639191157
-0.5385410492663176
-0.5408336651255803
0.48865506200489367
0.6154204186228328
-0.05703632326061285
-0.9427970736797661
-1.1605890203633553
-0.9355260149658778
-1.1270228455470441
-0.6206868846844427
-0.8674205912911847
1.1737427528224984
0.7767082954941743
0.7746009763338442
-0.963594928213006
-0.33341382361418426
-0.4087629930914351
-0.42788214192979124
-1.0604979478050627
-0.87042120585381
-0.7072285503555291
-0.8425369098175347
-0.9066706173276076
-0.8130768457968572
-0.5188773303520938
-0.814650905183677
-0.8169126067736217
-0.9305219328748212
-1.0221816819590868
-0.5839965796302878
-0.14450973038165776
0.0021987805496401893
-0.4660519699709501
-0.10309179576752947
-0.09954713144864846
1.3352283613681075
0.5460882526265555
1.1451496273164752
0.9469008220195573
1.245512539347179
0.9066966537052711
-0.5966981057319612
-0.7933680541180467
-1.163461014649759
-0.9817020864475076
-0.8015562023387068
-0.6405130647695897
-0.14962737392657063
-0.04923116532136832
-0.5202235728857724
-0.8285103623598684
-0.6780106178069704
1.265413679192528
1.0854429267337125
1.00600334027775
-0.0335365798899687
-0.29111501216210817
-0.5844739118121797
-0.8570507879250598
-0.6191308706476792
-0.7302154800806887
-0.1168193620333505
-0.07062912313912123
-0.1350638524809515
0.07267891643512381
0.32770450278926516
0.1550029618953457
0.3928262962211194
0.25784614396908134
0.02632069326341321
-0.877830169830905
-1.0434286755537063
-0.849689446780649
-0.6068034208756535
-0.5154632447566712
-0.6838956227735652
-0.8701409375929219
-0.6536637616386051
1.2258470225071132
1.7956035489437412
1.7574324155139123
-0.22263423979276792
-0.6891497708565868
-0.4417388500252718
0.05758067717311624
0.88496195956684
0.6784787121806971
0.9316095326783994
0.14909063499933772
-0.06575720654566984
-0.4217205040208413
-0.23718744886219598
-0.4447538699369535
-0.2854072331650246
-0.412385807031488
-0.3826041736100801
-0.06368946316580212
0.018400880215538835
0.1195876633741836
0.45765659679022436
0.9169561921534437
0.4660838179687583
0.38998491293809323
0.753801466832089
1.6876372277447362
3.7435535889420555
3.34734814852498
3.515865625279317
0.29242441454271717
-0.09800413051530311
-0.9771390062073666
-1.1580249080539293
-0.9527524575655458
-1.1355819399455795
-0.996771959072081
-0.8211720092922568
-0.770272088419155
-0.7168012177668271
-0.7720667362101876
-0.7896151450978963
-0.1077812049987965
-0.1347905220312027
-0.19126827683023173
0.3244142469697118
0.22628136286710007
-0.41241540679939487
-0.7876405534514652
-0.8490575775679708
-0.7365676726181343
-0.4146277260183579
-0.601373187264051
-0.7002934513252782
-0.6838089052187911
-0.3323440790493889
-0.33588796469563315
-0.41876675180679146
-0.8614912696527365
-0.590427710498424
-0.9679061461611159
-0.8896954210517317
-0.19512283374038353
2.0677508947773897
1.8026023032715541
1.3768076306485344
-0.40358915983519567
-0.468040615383256
-0.07068850840703049
-0.1792877719629083
-0.6836323190058681
-0.7414977455227761
-1.0551167930577565
-1.0923438066892541
-0.8366785855971064
-0.868116244066083
-0.8724516287045887
-0.804255077496789
-0.6739098370779356
-0.5618487772667213
-0.6802836026981609
-0.676625429889399
-0.6653242600808945
2.5802778278734855
2.7333515814127236
2.1098936281192846
-1.0145365432280324
-1.0091620259182892
-1.107753796515299
-1.1042032908202033
-0.9527671584172264
-0.14278103099276337
0.1733123262285283
0.3788778219933887
0.3622029154759261
0.6975207406048521
0.1494998875952447
0.05003636329115132
-0.2515381786614205
-0.36142549998710133
-0.4893124054402496
-0.529645734181452
-0.3063945105274717
0.8235852506694074
0.44895678517413484
0.9594041612385572
0.11916549541750188
0.26472617773848384
-0.24210390847449142
-0.6126522771902543
-0.9479198715849428
-0.802254845758996
-0.5405775956124091
-0.4355339145960119
-0.3144844121028667
-0.06180106966564307
-0.019148797703084905
0.36345650109547273
0.06287855579185547
0.2093554807057871
-0.6581904212724655
-0.5919145195125955
-0.5195278769751492
-0.16620826868559407
0.15115360617085302
0.9956293005255584
0.30460251471936106
2.6511724246987973
2.5744904828328314
2.610208347717353
0.8375314450416002
0.7620216004524588
0.33906758180862623
0.033857472002560146
0.18619313855185618
0.03852945700818909
0.061239359597019496
0.10842038647412741
0.7184573945942705
2.0854946701819252
1.646531482558486
1.85179321524944
0.021973231247023235
-0.11268718150254212
0.1774562856134826
0.043928077068009365
-0.16159710569838392
0.20080714579595593
0.3268282721943805
1.0287866650022581
1.2988168649189111
1.0868038237304902
0.5273811016471129
0.2569557577969502
0.43659671523832727
1.2295265931296508
2.8890807118671917
3.3877717639234888
4.094731362552909
2.494315832339717
1.7241579907647564
1.8350428616569257
1.9284351987104529
1.7258429655436682
1.6559348563811602
1.234255429548128
1.5091874697552077
2.2932296950984865
1.6070643788812278
1.2895842051600048
0.17014634414262467
0.7532279779769542
1.694767503983031
1.6393605995809286
1.8566466951711331
1.5708806661487331
1.693950901052937
1.4879756459123512
1.5341542461018343
0.5310124561041464
0.9412339172679914
1.1113558160509427
0.9280130487910043
0.6144208408967092
0.36729822563834863
0.30720330388839195
0.45570540822320965
2.5686127112192154
3.1288924812996757
2.7756610331008162
