182
-0.08411255296753846
-0.8035856658122507
-1.0405520239103692
0.46715279790601355
-0.04591129998930372
-0.24563823027179182
-0.6787034330524985
1.6332251828013822
-1.092423441532781
-0.7210591832768246
-0.19986401471389031
0.21839566605578759
1.536776974196312
1.1662064204713127
-0.5215182191845714
-0.6350465843690448
-1.107325809324501
1.1222399305816286
0.00012769593448997573
-0.13690105523361185
-0.483799439891236
4.933922250248329
-0.5653698106288457
-1.054038199598074
-0.679729219325149
0.12623552982731517
0.04927411144986488
0.0884467149726363
1.314675370063898
-0.7080246070004751
-0.17846187437061273
-0.5982280169096615
-0.16923036483282536
-0.5647317335026427
1.5796738302105702
-0.584117004092222
0.07905323080019996
0.6796615116503485
-0.36553425265658473
0.24359002979548589
-0.9513607319269506
-0.848595734816821
1.793882665716566
-0.46387258038815304
0.0933795957950354
-0.9717494039185033
-1.0852402010036293
1.1237523508018703
0.3971789360035351
-0.8723647587595672
-0.26305817582080165
-0.7867249188558502
1.6248149154536284
-0.43950801353967983
0.39605169400575024
0.7897030941051328
-0.7124481224689954
-0.4324873498772272
-0.24286444845679128
-0.47172438681582046
0.1641900089227047
-0.28014186281011716
0.26464123536440237
0.7077997382815537
-1.130571808294055
0.3896639085052311
-0.3481833227693493
-0.28543452338771597
-0.19955764564494247
0.7240240935911139
0.3702417377804077
0.44944636496147206
0.49006108144839744
0.2611679204459951
0.7811761753573543
-0.901382390568306
-0.2890220134148978
-0.13604290258742752
-0.7994045372329022
-0.9173877222810342
0.11644615880530833
0.6989021893082916
-0.8862413315530393
0.146424228949727
4.493237256207995
0.04783314533981227
-1.0558247747955385
-1.0386562465865123
-1.0779176459439266
-0.11739759746959728
0.10844665857920938
0.6630972168712296
-0.2616399470199646
0.07162877964737228
-0.961992788248933
1.4321268763181756
-0.39330080179542076
0.7044324520399605
-1.1858150063701371
1.4307079932507536
0.3643024595209204
1.0787960563990384
-0.8763990472893719
-1.103391314165005
0.4274198651072951
2.5676986250181093
-0.031860358216807834
-0.7339205679239802
-1.0622781262451453
-0.40495917058627035
-0.07915441438591181
0.68315256409657
-0.6697252316761333
0.8505659987217138
0.2052089764965149
-0.10468869810132918
-0.5964471253636559
-0.31185389591164814
0.2333329572801978
0.5827166845860977
-0.06800106641856493
0.24362453868734352
-0.7410505268271474
-0.9322071622728316
0.698744516271662
0.13480075848340475
0.5046798406505768
0.10487177534491673
1.5497045363851092
-0.4417400610405922
-1.1602603522818475
-0.642010115742132
-0.5375198890978156
-0.8084476154588264
-0.2819630083105638
0.5286733605621926
0.9930814373996282
-1.0612322677498482
0.09249814235296983
0.7768064490090298
1.817047250381851
-1.0476818469972984
-0.9250189200435528
-0.11021602544861415
0.04788102990751845
0.04358951567697465
-0.4803719053756702
0.44962857488375924
-0.6849040497766458
-0.4184477970408661
-0.8131984543505524
2.976746415851977
-0.5124778406254579
-0.7141137186095692
-1.0052983068026398
2.518823133191106
-0.8854046048450854
0.2860734950713284
-0.49430970991547063
-0.7398743100608762
-0.995628527766892
0.42230496957445307
-0.650180437732032
-0.4135694539246808
0.2704407799227992
0.07831832986901632
-0.956249760045302
-0.439550106778364
0.7310525191997044
0.6924391855142386
-0.39573088430271913
-0.9200121803999207
-0.020311620043440583
4.718787158650887
-0.8839488907681362
-0.348437145284215
-0.9980147694322694
0.4253327924624058
-0.5409798481111118
0.4477108767314009
-0.8065806168272834
-0.5985298098421101
