546
-0.7306152228451113
-1.3940360663073283
-0.7446965476414199
-0.4118580555762227
-0.3344520546481112
-1.0608295605670117
-1.191611121355141
-0.8311253713563912
-0.8413331160188584
0.45012273799651736
0.18611375225040025
0.41938083736617593
-0.6601196041021966
-0.055383795043064184
-0.48935449340230386
-1.0495716707686262
-0.32727720517159686
0.8787309730582052
0.6668143775136433
0.5932192018904822
-0.09937863960397336
0.3376926598362126
-0.38429915941973175
-1.2110194492157365
-0.836976655239268
-0.8078407486795175
-0.008255234497761452
-0.040165721158134896
0.6843545337415697
1.5363544549297814
2.793707914129488
0.8940493956406544
0.01694536737479745
-0.07728701316962416
0.02289865320987251
1.9315666417897073
0.42145859922480466
1.3592387276184952
0.5264235093999307
0.3406315674929306
1.5101714112664022
1.338385293614001
0.2252420892640201
-0.9099722972747465
0.46389142899414254
-0.1354488746407351
-0.2815584136019319
-0.9393661963500254
-1.1109641744434415
-0.05416338819469606
-0.09393438484126308
0.0074819182962561365
-0.7503003223008969
-0.7367719701228631
-0.3293939238024415
-0.6696767442045187
0.017685814292859654
0.08821504494341416
-0.34072772656978845
-0.5972136203986871
-0.8788100588585996
-0.8128164360468585
-0.5286642159213936
-0.2892468672625409
0.21575316580662235
1.9369820012570458
2.815215701230973
2.2982710661566057
1.1042530894239897
1.8269566020541272
2.3928428877895858
1.8351735334202397
0.11960877313955615
-0.046695089405220526
-0.39632192216478945
0.4096238055756871
-0.4071111384491217
-0.2270535136658605
-0.150310281856149
-0.2553124836175023
0.06776892061122085
-0.025806363210590957
0.3687345570220882
0.18752682152906386
1.6242597073799825
0.3556515071535179
0.10374512583782
-0.27277017269912496
-0.4992974527671887
-0.9070885398516276
1.0144074676813608
1.2626116941685765
2.18742119606356
-0.14877653527680848
-0.1708621567090397
-0.9679002632782169
-0.9661597026152241
-1.1867044673138238
-1.0203774350996921
-1.1261982825085155
-0.07916427908431495
0.07226510128742189
0.6642174859843821
0.5860220218861252
0.2789798884079146
-0.9611330004268159
-0.5773750075940064
0.0068248089276336885
1.2542118334594152
0.2670146540283354
0.043344565363588564
-0.5709748843412993
-0.5901247850118106
-0.23985912784142366
0.011528254379568758
-0.2631526893993805
-0.25245517175832527
-0.5713309103730503
-0.9154933799104171
-0.7368241873888987
-0.5054065728454927
-0.3319095397202219
-0.7254223617644643
-0.12098708092142946
0.37943073525864235
-0.10752130677938415
-0.47617232526621267
0.22735867498780987
0.8710291825194056
1.3059576474204404
0.4921397728873063
-0.024363544570326964
0.03208550796933312
0.2202098475050715
-0.3695827203785318
0.4662183461492976
-0.25316721915868057
-0.5791016865565826
-1.0385192251135458
-1.2733321190525235
-0.9938008010735053
-0.7584074191643846
-0.4966889016970997
-0.20317854034302155
1.4255839286352872
1.7459019945494405
2.4334855646834264
0.2688760438787397
-0.17310973081527525
-0.6775655773055012
-0.09937625238929156
-0.29565703345179534
-0.2995824116230574
-0.8708963525941887
0.5135144300264043
0.6208857889203226
0.3924658849069169
-0.03587386493729369
-0.04969171371649486
-0.681264821295313
-0.6395258505373564
-0.030479530835824803
0.21209901342742793
-0.5152847387157885
1.516318511154657
1.3076215259451198
0.685287857202596
-0.1481038134623737
1.7926381814788925
1.8667587588144374
0.5085377780891855
0.049779923395264936
0.35805379522876263
-0.4575493072051896
-0.8256611544344975
-0.8188838318632768
-0.3631401333124029
-0.7513750037247982
2.3373477312857296
2.6238526661963157
1.7599156220431247
0.05325433623256598
-0.9474418913040368
-0.6603625627157999
-1.3271116843533983
-1.1680085694212816
-1.066933138280534
-0.9352451444156258
-0.8748113565461305
-1.0701042708223836
-0.6089770111368255
0.1875673986286209
0.6931609148900834
-0.5772057673352629
0.08219703008956031
-0.18990317566717183
-0.1715636422013908
-1.1406469910725703
-1.1870539805097364
-1.1214735601385764
-1.1347817779338942
-1.2300376623364515
-0.6386819806815713
-0.07781330769762619
0.48643935642107894
0.26280230652069664
0.6098603793519234
0.5354514600918042
0.4405359739158743
0.20253908392743247
0.030664737852836226
-0.07033362060599213
0.41323631758150736
1.1283111484634123
2.2673647913256376
1.3526671081894777
0.3981152229976924
-0.47843485717475737
-0.11640930087316599
-0.37055498868874415
-1.363234627677349
-1.2960897239498097
-1.2778267816895659
-1.2639283959435799
-0.7174605380312595
-0.5371271256278342
0.12706115591792244
1.5654625569886704
4.305762805480758
4.513529146044393
0.536762997786637
-0.1466058994047482
-0.7440538200099636
-0.9171774411793308
-1.23526972818745
-1.2005839039285116
-1.166132059679059
-1.0948883300499994
0.3853919990753999
0.3257920930925074
-0.37386615290564396
-0.4299905901236569
-0.5165762595443646
-0.4100590047122619
-0.993904988044361
-0.9114444626626004
-0.8988201324534926
-0.6068820413954115
0.2030564615268038
0.8096302469248498
2.0768052227816494
0.46236613212322064
-0.15144738703788704
0.1848411205640666
-0.05936155281060477
-0.5157926594472602
-0.9593518645375666
0.2519611875957028
1.6619194146063203
4.119007603825753
3.906803859571323
1.8342666911287293
-0.8312972266620602
-1.0898032447720458
-1.0593054033306946
-0.5307706359828571
-1.0096151851127424
0.2399714981328545
0.7652165338653037
0.19583071688356857
-1.270220071731559
0.8596795381220927
0.904258388775867
0.11556787251880492
-0.827926098453544
-1.3137413307737933
-1.0372461540271425
-0.9392613874581214
0.07737075715668422
-0.11222664373639019
-0.026382875908373224
-1.1386393915271864
-1.2328463989516978
-1.2104306919755392
-0.6575678576259382
0.1711471290792554
0.2397223314202116
0.33515652077869135
-0.2835196017277713
0.667503187108596
0.8005518923594139
0.6424232399259996
-1.0699767838175964
-1.0299249203947147
-0.947761532308202
-1.179433320782256
-1.3379423245882358
-0.4214367308438606
-0.5656597029678113
-0.1454822882384536
0.6743132048314693
0.47688808654966897
-0.07508410884866797
0.6395582354428472
0.26013564786714527
0.004573710583265951
-0.9305325323777975
-0.8460042496298167
-0.44596905074459897
-0.6050403231984416
-0.8945361069540887
0.3402564403948437
0.7046745610758034
2.767249356122685
1.0890284029157156
-0.07877792193126644
0.18219019584265064
0.033097476210049756
-0.27307947331573207
-1.097627662996392
-0.7957278093156154
-0.8165190353698523
-0.5886096927674028
-1.3788999346124229
-1.1975272704068234
-1.2694195642138586
-1.1102601036174264
-1.005400452204757
-1.0190220892382347
-0.807696478494088
0.6894450733855328
1.541227077156847
2.1063519179771917
0.3806279454281426
-0.15649780649349077
0.15255823728595883
-0.5717174194956749
0.720607674108469
0.14520061087363284
0.0778524097271969
0.16148041269729052
0.2080611922737632
2.0428563773115345
0.8750463765993028
1.5893872403360894
-0.42086915476063
-0.532681287184957
-1.2823161793585791
-0.9054881618374446
-0.8987960568149537
0.037017624278125445
-0.5915828372410871
-0.6843656618983087
-1.4290803014303226
-1.4187774613788424
-0.6608856980966833
1.5733699167457205
3.171831522286274
1.5106417634210327
0.08767816979735553
-1.2366620128193366
-1.106695962258958
-0.2627276605367637
0.3127428266277283
-0.6822170563711587
-1.1316809365201932
-0.3946404868856603
-0.6149270868002149
-0.8282400196825643
-0.44698475475854765
0.3772170692012564
0.471810779956964
-0.470438061493246
0.3055945377651708
0.36911631006474416
0.2815297867711506
-0.15514955202593217
-0.27515625944178124
0.2732870711433817
-0.2994499330814838
-0.39788387839292577
0.5622854998348554
0.33078643286265985
1.3839257510710545
0.2267518540680482
1.394758726375653
0.47393472464645214
1.1713366464278356
0.8628363020845846
-1.0855419313507164
-1.1779598678304728
-1.0535884593988887
-1.046415430320003
-0.9547919195801581
-0.9440459653097617
-0.1975943772383674
-0.7488528153317153
-0.5905262490803072
-0.27639780802649055
0.2496915352770491
0.63435908652885
1.2335348061822562
0.5627330759016257
-0.021920015269600125
-0.5618619330778258
-0.5393988316028697
-0.019898218296375943
0.18358104045603257
1.776603720434138
2.354732230429962
1.372722728456382
0.287905895435368
-0.14689855444689537
-0.6058633748235492
-0.9784092566855305
-0.8347641382854166
-0.8031383467835717
-1.0967994120567137
-0.23756517678059982
2.5668443028829535
3.2128377204138463
0.678675911306208
-0.9543034929710487
-1.0683011629589285
-1.1648453029645718
-1.199298738023049
-1.0424985363765604
0.3688094929667802
0.12733302157897872
-0.06319828721278055
0.6389361602035576
0.002946751383969857
-0.6685250013189215
-1.0340217687842703
-1.0072586460060031
-0.9837146551174972
0.06895375257344404
0.06237771570903431
0.4323965578843715
0.08864646710443323
0.4651129495615419
0.6533931517390859
1.409690947055252
0.8672127611299971
0.4585026094075031
-0.8215769420372541
-0.7679585216672002
-0.4266582600662641
-0.2545618976081669
-1.0215783642297809
-1.3341396929492029
-1.2900810107113496
1.7642500722220367
1.0493659054981275
-0.02137182538632734
-1.2001233470879578
-1.1792948643151948
-1.3937768190068698
-1.2757853105092027
-0.9875398842213559
-0.7032388223339309
-0.3665283028182981
-0.889276873307045
-0.4351265086265372
-0.494487796068666
-0.0643405549934645
0.29820437027941415
0.16967863433950284
-1.1995812975947355
-0.45288368510213833
0.5479677108339784
1.51115349656736
0.7182350470609876
0.06737108691919311
-0.8822694054629218
-1.1941084264839381
0.2624466978708394
2.2072878170331776
0.9209235679963621
1.4077323788686225
0.5735242679603562
1.212068970593229
0.16644687653257367
0.48006971988559216
0.8636422569551704
1.2981708323881163
0.0189413352721909
-0.519170039167379
-0.6822279175847732
-1.3057306984831862
-1.0218794754282507
-0.5884753343448907
0.2803707946145517
0.38493611579070125
0.4299272035425407
1.0358887680804023
0.5393311126346153
0.12484080097241079
-0.26926075740880223
-0.14728273543974987
-0.0269363247141476
-0.5208594767163458
0.10165544321809146
-0.08654134526805561
-0.7169893844102665
2.0332845117997955
2.961886154414382
2.5076664300314366
1.8852092677230576
-0.7119431231681175
-0.7985305479693067
-0.6360854701388564
-0.5336847223993276
-0.04150673499210625
-1.1218159712310103
-0.4970609125399507
1.3201604815405499
1.7253993753681254
1.3032738593769937
-0.07157853671299151
-1.1379132738080517
-1.1101162064413894
-1.2156042844093873
-1.0054935171844774
-0.7562150187804513
-0.860490831621535
-1.1725937360473606
-1.2939743823128247
-0.25080009011070753
0.31003142793074734
1.8811625148226327
1.9188723431487154
0.8622540770209893
-0.023599342940225816
0.28953645035714226
0.36884901270062825
1.6350525696265659
0.8848675120827483
0.3960046670099444
-0.5197177695453193
-0.06712369054821345
-0.3937392644487948
-1.0036267954271152
0.7050517863208672
0.4715434742839549
0.1960861981669911
