182
1.52537
2.48787
0.387026
1.89779
0.0584273
0.333751
-1.08099
0.987684
-0.962555
0.774074
0.745301
1.79606
0.44155
0.974193
1.43997
1.1781
-1.04923
0.640918
-0.285529
-1.29862
1.54038
2.23685
0.642974
1.97467
0.0439957
-0.168351
0.120852
0.326239
1.0771
1.12324
1.45456
1.77291
0.0983055
-0.301706
2.00441
-0.495323
1.03704
-0.44442
1.00308
1.04763
1.33914
-0.667554
-0.0915756
-1.17397
0.826675
0.0095144
0.568351
-1.28159
1.86285
1.22629
0.106339
-0.669096
0.821998
-0.336902
0.68944
0.650551
0.753209
-0.320261
0.326556
1.19634
0.0723816
0.912009
0.224981
-0.743045
1.05121
0.533455
0.967074
1.25929
-1.00309
0.68115
1.39293
1.79349
2.36567
0.623273
0.342999
0.85787
2.08441
-0.548168
-1.38078
0.170274
1.77251
1.12615
-0.894961
-0.398354
-0.0227702
0.447169
0.119639
1.22811
1.17409
1.46918
0.847915
-0.287194
-0.688318
-0.376399
0.609758
-0.85877
0.0876082
1.08959
-1.15576
-0.0667821
0.667646
0.144229
-0.185422
1.40941
-0.559594
1.88203
1.61516
1.42867
-0.0687731
0.295175
-0.649409
0.536298
1.05953
0.0379604
1.42159
0.240517
0.723673
-0.0157356
0.332251
2.09767
-1.8237
-0.624545
0.842789
0.204046
0.910686
0.103779
1.19797
1.05482
0.523248
1.60534
0.30668
-0.428928
0.0584215
1.30257
0.827725
1.17111
1.43192
2.36249
-0.183398
-0.263666
0.476645
1.23477
0.904942
-1.00643
-0.237269
-0.99429
0.641886
-0.024744
0.157674
0.629806
1.84004
0.128115
-1.88442
0.553486
1.30195
0.375951
-0.760836
1.13019
-0.450682
0.503866
-0.342761
1.07807
-0.181967
0.884408
-0.33003
2.24301
0.355083
-0.074325
0.621967
0.562581
0.598065
1.05819
-0.469179
1.69436
0.840098
-0.0170442
1.47752
1.45709
1.02934
0.464947
-0.601455
0.196892
