182
0.126911
1.07455
0.516576
2.19054
-0.429904
-0.871663
-1.88394
2.19485
1.15657
0.499562
0.890064
1.27015
1.07024
2.21752
-0.275456
1.21933
0.854271
1.40698
-0.461866
-1.04128
0.892109
-0.0564853
-0.065621
-0.565122
0.975316
1.26084
1.05503
1.27969
0.241998
1.0111
2.22576
-0.185206
1.21149
0.194693
-0.249892
0.259634
-0.848883
-0.251204
1.03902
-0.0376428
1.97018
-0.14503
-1.52437
-1.11865
0.61787
2.2614
2.01262
0.624532
1.459
0.727892
0.196368
0.728405
0.433686
-0.0410357
-0.14455
0.451535
2.14566
-0.535961
-0.793017
-0.226667
0.0646393
-0.538675
0.195169
0.285351
0.575062
1.21589
1.06677
0.649854
0.528812
0.577581
1.93839
0.419692
2.1816
1.19674
-1.75247
0.401811
1.50768
-0.0481967
-0.119225
-0.502111
0.198178
1.72384
1.54765
1.02154
0.281076
0.908431
-0.026419
0.580565
-0.527972
0.22112
-0.410472
1.24867
1.64369
0.0713644
-0.240577
1.32914
-0.956015
1.13164
0.108025
1.34444
1.91249
-0.422714
-0.231067
-0.045988
0.982082
-0.388
-1.18835
0.707747
1.44555
0.05718
-0.391854
0.15515
1.19579
1.32613
0.233997
-0.113542
0.210901
1.53951
0.951809
1.6957
-0.296243
0.88409
-0.134629
-0.0282106
1.8457
0.325114
-0.234924
-1.14538
0.993254
1.5915
0.66521
-0.595623
-0.794891
1.08252
-0.0907488
0.593463
0.699477
2.08898
0.53121
0.556845
0.769524
0.337178
-0.330046
-0.00440899
1.03839
-0.0233516
-0.163908
-0.661453
-0.682231
0.540053
2.20009
2.0541
-0.277016
0.596912
1.08236
1.56329
-1.16037
0.636095
1.45433
0.389143
-0.110698
0.787227
0.611584
-1.09998
0.50673
1.19842
-0.314955
1.58221
-0.389124
-1.3051
0.103977
1.97227
0.572669
0.801601
-0.250071
-0.0429915
-0.413101
-0.576305
0.153475
-0.125956
0.438462
1.11653
