546
-0.9580023242943656
-0.7973633565440139
-0.6756468239496976
-0.5495579926851902
-0.2837595022599751
-0.10495997591717124
0.22670796340578897
0.7913174941917632
1.831922901651426
0.6733048445815055
-0.5558995441609851
-0.8306953920928188
-0.4391598267711233
-0.23758479102144756
0.07377917940410296
0.7512881231714831
-0.4784139110238927
-1.0733781112547742
-0.7662457374329146
0.28414526740663143
1.1126953297685054
0.8542164843641044
0.05984965229010998
-0.6611610968823264
-0.5795747753301206
0.2062970921121631
0.9099179410750078
0.7724021097873301
0.7617453129380289
0.9811279469752334
0.3867382766738884
-0.2269471921533514
-0.9281306521420134
-0.6107143909478767
-0.3816554967627275
-0.14399608366527905
-0.7351120868218214
-0.814124480759851
0.2210112169919475
3.2012394052357305
3.171415859706645
3.0620048987992767
0.6110024243335274
-0.009894064256025879
-0.33042174840011795
-0.38809836769006073
-0.06953575573699555
0.3249723829537688
0.2832526046021534
0.9451859988046213
0.11314608762347227
0.3832749201019703
-0.08101715093393076
-0.6025607434667093
-0.573778382105285
-0.1436386353363634
-0.24358794478428925
-0.5668901127957634
0.2237823059332103
0.8607835964537299
1.352019423447013
1.1793459310001084
0.14550404909695164
0.6026062593970938
2.0218352811299622
2.2256662211882023
2.1032914295288543
1.6052347384090841
0.009960554185210522
1.1850923680569028
1.937263891208793
0.6031011270423965
-0.6675982400792262
-0.666466755747686
-0.027178564506214514
0.5609647842531367
-0.906831876273826
-1.0988943905018211
-0.8987994085387774
-1.0104630948498703
-1.006394907090557
-0.4413942973505406
0.49862897291384795
0.17502616197015194
-0.46408366020590447
0.028751485299262358
-0.04403653176498709
1.3038429324821157
2.704251305574574
1.9806577888688741
0.7741620719101131
0.5588971331907493
-0.3309764493159902
-0.4486221560036411
-1.337001630714252
-1.434930593197526
-1.3473394840729336
-1.3634811528909971
1.4186446423461379
0.9427945643507313
0.5073541533911241
-0.20865781229719715
-0.5844753527062111
-0.5850031853491493
-0.09027090237603115
-1.3965517655827917
-0.7593584925909255
-1.0579027348948276
-0.8713131117149823
-0.7679565117548696
-0.5369097945656176
-0.9059005532010724
-0.058005852162845005
0.3561832593106261
1.9097133893204066
0.487906098195982
1.5967354562570466
0.06052986810606505
-0.34335180660280534
-0.977516875985063
-1.0532448652757105
-0.49558991279128556
-0.7493531973038373
-0.9368749189570544
-1.0455206450184253
1.1656948925105002
1.197259830208881
2.3667336475282146
2.455973856866275
2.4341558675966635
1.3404659287157026
0.10570555890047394
0.37485869971009167
1.4108501222373775
1.5384624092533081
0.21720058765846373
-0.31644045696394413
-0.13194078651965754
0.3563058895136437
-0.18718673129627122
-0.6210706922184785
-0.3119352541465748
-0.5287120856105175
-0.7894036704523513
-1.2553445323427597
-1.4408420660891457
0.24094774675778421
0.3715927295362787
0.3352815470446091
0.9279925518931195
0.6649709309027935
1.1691158176623144
-0.17264506483207717
-0.689926661257127
-0.5222925868321958
0.8555338169261149
1.7322382854706937
0.6920121066707628
-0.8843088480208323
-1.0802833748947236
-1.4399812592507841
-1.139965972939032
-1.4001270532304106
-1.17287113198948
0.49962715047653716
0.17283024426071372
-0.2374151426108742
-1.117848654523942
-0.052375334619125156
0.7677792849444853
0.48327872215939716
-0.3024501278734751
-1.2400351858228853
-1.0602025345013502
-0.946907405962155
-0.797996911421465
-0.20905073132475824
-0.12708679951136592
0.06149576955807619
1.1942626918100165
1.0730794214787218
0.5686659372458498
-0.6298665832562036
0.9750769066754469
0.8614240549857133
0.46574694082315526
0.5060312800519834
-0.666856180765526
-0.11734028735321399
-0.7117522305325468
-0.7571057843661352
-1.1874477583681793
-0.4192711431943216
-0.19963574443173357
-0.16882514256916958
-0.8003044312668063
-0.6078276266333362
-1.1268564278837359
-0.7476236619679486
-0.6204699080838736
-1.0896145870201412
-0.7941893333211312
-0.40878323926684906
-0.05592421870124666
1.106329998505163
1.2204993815292875
-0.14875849598938534
-0.36920822522046604
-0.7139075234843979
-0.01469616332831877
0.7285935274650198
0.28771129316872984
-0.11646427004470487
0.008286401592586248
1.7220168858253562
0.6644724675410979
-0.2983695090165104
-0.8600230754020035
-1.0037530102887982
-1.0826650158956204
-1.2413435433998954
-1.0747556238552691
-1.0117207122464824
0.31866188968704706
4.422991119756287
2.328907348053759
0.27247512600286494
-0.8325959801728621
-0.42361711109379224
-0.7263451381037079
-0.37865717005198796
-0.5601608717973563
-0.9199782381569113
-1.1537972637722016
-1.3595526603573964
-1.3656229339768247
-1.3924162506608146
-0.8817319069253168
0.2826467501214217
0.6066327105762271
0.5682649155043771
-0.6754643882569653
0.4250672660214248
0.3260308584113508
1.2796353634056787
-0.01589151670399877
-0.6966388532626654
-0.3667542621290401
-0.9173047473731383
0.10936819237720675
1.9233924465484258
0.7866474647578423
-0.3787046444220983
-0.21884792739092243
-0.03850664941354687
-0.28105889027459535
-0.08313495503510879
-1.3396180903445323
-0.9501884022600192
-0.8545392762547784
-1.019980075818318
-0.8899887151510897
0.21677018890005728
0.4937746284049637
0.7460389794246653
-0.6130557645451807
-0.8682684622909511
-0.2602769003240892
-0.1642579830459255
0.22955022888952326
-0.6333250131674389
-0.02555557359430594
-0.43149857218480886
3.0993055134901226
1.8790716053213519
0.9460969974904493
0.10408821541003038
0.16460971259099202
0.3071117582597882
0.8242992758902966
-0.05887525280195515
-0.24167993634192805
-0.5441559918948338
0.6510803640437781
0.7529591337567126
0.8570901663375372
-0.5015131272377852
-1.1958254503082422
-1.308941257513852
0.2626482187852302
0.024080006649620744
-0.3370989895101747
-1.055829319866263
0.5539085872383787
0.15516512297284793
-0.4914102526012372
-1.0315854029944447
-0.9428658800290434
-0.9807998174349022
-1.1828183372668961
-1.0206622846094804
-0.49364257795467775
1.6338654942344504
0.9520444994162245
0.9244823386656377
-0.6036047567613361
-0.654937082403837
1.2415158055124464
0.9441882875792438
2.7272110718323037
0.410070477027307
0.37894436755916394
-0.29725742261827454
0.1735262888638592
-0.3015927560448724
-0.7073411430192026
-1.2434840275952095
-0.9095730240206047
-0.48069153418112404
0.27264493622688407
-0.38116604736479753
0.20371430875288776
-0.45514690723453477
-0.47123496657540176
-1.1973258002691953
-0.46687412593040456
-0.6126524702726133
-0.4074595642084742
-0.3771623893563676
-0.6180833754804346
-0.6490972159850973
0.07456814800038822
0.2589804770562835
-0.4443173999331462
0.023379590218135224
-0.34137667515196113
-0.3942547877702393
-0.43604414283549664
0.09468557729768275
-0.2581945458307578
-0.713397715673807
-0.14493840605377498
1.0096555438693424
1.1331721331359426
-0.12666180676770764
0.9113921251927752
0.7912746991775836
0.11888467096243549
-0.9393796047774849
-1.0672424188700216
-0.6828117448801245
0.5839469007458163
0.629884528947161
-0.22017113928740034
-0.6839128954526694
-0.3176942097423855
0.6172528659246042
1.8268536707238225
1.1321795485179793
0.010611292870316858
-0.7472512086306237
-0.12571167778311335
0.032741782682166036
0.5494505037169926
-0.12667941507557293
0.2992058167872296
-0.228761246427372
-0.3083431282152671
-0.8636117920619328
0.29875355281739746
0.3624828873473227
0.4026928462444773
-1.1653294057755126
1.323901631116764
1.0128265424822316
0.14323100949959608
-0.21306517192436014
-1.2545634373578114
-0.07217320098227073
-0.5330898557742109
-0.8361446844447604
-1.2536919586722821
-0.6174245911513454
1.5489774147434652
2.223906931816507
1.218306821637448
0.2207873682445279
-0.34064529523689446
0.21883720079744298
-0.6073175149833759
-0.734630272201385
-0.7107568114253207
-1.1059933545755063
-1.1594322221210258
-0.6821161280643395
-0.904770981357242
-0.7926279314235892
-1.065687415966902
-1.1186933663859595
0.8935703613834359
0.917075734999285
1.5310471738808087
-0.34551370758354966
-0.3639321575351194
-0.9898418062629605
-0.36152833003882556
0.45962044148044384
0.49612550650418985
-0.8515884560632482
1.1537510150857306
0.4653260658351466
0.8213171359071016
0.5836952867350939
0.08545662789296726
0.2007306352721044
-0.8919997006667243
-1.1659365332526508
-1.418117980232024
-1.3622585901015227
0.8069228018143242
0.1788314570567832
0.34520225456719483
-1.1046053900321275
-1.1885339068720517
-0.33972382557927894
-0.015642895298280557
1.1491367903169785
-0.6370855440270596
-0.6077801341679618
-0.403704257603793
-0.3863699494378982
0.04504870853186644
0.3490540253869406
-0.013478012755072953
-0.2565920650018427
-0.4895951801186992
0.479241019538909
0.11592718432474501
1.5039332099312346
-0.4030964316830438
0.6312316386525662
-0.8237012474217461
0.04633318401266293
-0.531674091683709
-1.1204885950534669
-1.0375019631448437
0.8230539374476507
0.5824310956981875
2.4854648562510215
-0.7544718731683816
-1.0684658809130763
-1.1759833787094416
0.3209097206716176
0.10543649427894924
-0.617142386461923
-0.7320195886681422
-0.24769667252282707
-0.1737924346582009
-0.19645952044531542
-0.28547813469735484
-0.7913093714882395
-1.1428445130557268
-1.2213342970441077
-0.5567247498510711
0.1181180125089015
1.1655889667674657
0.46845141382967587
1.0428633142950392
1.006145752846384
3.011323444235183
0.6929707576176484
0.36982782429978134
-0.2741406447720701
0.8373994986610246
-0.03670848328491607
-0.15918808696798453
0.8649438737547197
0.6536579928380789
1.73814836806284
1.2037584908896224
0.8941560239137154
-0.22250253765655092
-0.22700465466592784
1.5263854941076755
0.7606864644789366
0.4687288347939038
-1.4173564353920154
-1.3899645645743361
-1.422421139124266
-1.421406990110433
-1.2647225190738483
-1.0292774813029175
-0.9274254925220159
0.7194378202979026
-0.2775235238561701
-0.4702400777697226
-0.37758635186264183
-0.8324262029744405
-0.20007572774405588
-0.588715511739435
1.1454388420269965
0.6202364326658308
-0.2714229349948215
-0.6024616360185245
-0.45328502678684496
6.237088987244862
3.978958357394708
0.3415012621598662
-1.1191556669045084
-1.2932264800608706
-0.9786171024315415
-1.0970133447397576
-1.0707863716459243
-1.0529275479782043
-1.3986389898263138
-1.008639612324149
-1.0949794654239502
-0.8916864150920673
-0.5046089239227516
-0.3157751371847684
1.523505970482774
0.22050426350361696
-0.3724161317718555
-0.2241473828302143
0.2492460002565708
0.5217807763549874
0.3333113401107982
2.0947468837933827
1.8339455527522903
0.28101007939675954
-0.46438338157054576
-1.0161661370986876
0.25814298511773454
1.7791577947614514
1.4941334020598525
0.413817818521063
-0.9998617585753866
-0.9525246339577399
-1.0864284274367073
-1.2904372709661893
-1.1239449135926614
-0.2751143132496172
-0.014524713244615278
1.552824465792752
1.6008643086918755
3.159132889696318
