182
1.5765023831034954
-0.06783991429708808
-0.5428072754835246
0.5051857394473298
-0.487085368700673
0.345264482457293
0.11606380748356611
0.15946264275146232
2.9601708069215316
-0.8944550981787955
-0.8829249124612335
-0.8103909167716427
0.9553942366978093
0.7401803780892422
0.07138035114895519
-0.2960588958643615
-1.0911216893744065
-0.6935541881247966
0.07507949327178455
-0.9501550658990215
-0.030114575247241624
-0.38331524324926947
-0.22307102016483799
-0.5107084231034763
-0.15273825555823653
-0.31112531693147355
-0.9109648486909031
0.0731168953933917
-1.303507419062613
0.6400184510739739
0.8819035258928116
-0.6598616155944462
-0.9954019915121105
-0.2892052934753312
-0.05525533347619608
-0.10059999264038788
1.1132659225609451
-1.5426131262135763
-0.7758453815400083
-0.4440093561569409
-1.0652692863125195
-0.6779547783143359
-1.0596570996949182
-0.8733361322841304
-0.7174951586548418
-0.42567100585848255
-0.5762133762301317
-0.4117605154523514
-0.458094237115814
-0.558625231366448
-0.010121494246729314
-0.5481797349253571
-0.8440552735168856
-0.9896732670135686
-0.4811665491905194
0.17462335449604027
0.44937285247092384
-1.0855336707085066
-0.5451736875547865
2.613703062716934
0.2597705633752024
-0.6297781191813516
-0.5718256654650938
1.0700752575304575
-0.5756557207354387
-1.0089411970445494
4.149804535102317
-0.016460784230324217
0.07722299465520661
-0.47371933924283277
-0.6771816593166567
-0.14823754806240785
1.537091668234755
-0.5893963496938385
-1.1179569589214033
-0.5579285798123493
0.2888666331430346
0.1323051362530632
-0.4959978150784295
-0.6161424740892357
0.7249296260972904
-0.591588823431369
-1.381269164048894
-0.8976539227848795
2.3669011269581723
-0.761392387765211
-1.205731846244282
-0.6173912094918862
-1.124814821300775
-0.8869130987248889
-0.8175852099080477
2.5102840740924726
-0.5886123794229586
-0.30023189845260534
-1.0867948057926882
-0.9456002804959361
-0.6247127217435623
-0.834285993619226
-0.31299275226089596
-0.6175373793154048
-0.8590646470548082
-0.4090843923236956
-0.04074947273160519
-0.5676832479857606
-0.8399967600573274
-0.54431768678595
0.03145386656649311
-0.928363683126557
0.007281742826637187
-0.7774423923493271
-0.5585460492130259
-0.7884170386081478
-0.8959417284778914
0.9144356741456912
0.5034092639310271
-0.42917244852149383
-0.5444109765852884
-0.8098217892538639
-0.7771796544241262
-0.26224993286264736
-0.7609872154338887
1.0395943679146002
-0.503130609955411
-0.3218271242819644
0.9199776427485102
2.0132518069403087
-0.019920986618140457
-0.5971520991418902
1.3392437991068407
0.7235462856377904
0.14087306454686715
-1.2214891224414062
-0.925787880968554
0.12764660950430373
-0.3192462452537538
-0.6041683340089679
0.57681030643589
-1.1599379796154248
-0.17751316829154737
-0.32896618129918276
1.0107077648223128
-0.7192817345295835
-1.037379559960525
0.01619104791204236
-0.6452965485798845
0.4160168696502213
0.4869215922095118
0.5438568327623448
0.21846615787992754
-0.08504208824725312
0.24672409746720822
2.473120848133298
0.4688595700042366
-0.4485761337617073
-0.5083154244745544
0.8870807301836895
1.3901682871526093
1.2515083690648217
0.7209925804533548
0.7689794747576735
0.3577901924848851
1.6708511296317832
1.5282027209388556
0.15763462061681865
0.2659774743532537
-0.005230776870749388
0.5819055945019199
2.2165084513472038
1.4414772141999705
4.342056891707105
0.22464395194092193
0.2667521808234234
0.5379015512530733
0.6758282291700323
2.5427757295576834
2.23258626428935
1.218983173288358
0.6473765285758893
1.0499740488079337
0.7000044156648182
0.2635036796534781
-0.49905966099816235
