546
1.3547
1.34885
1.0963
1.12605
0.805044
1.76936
1.69042
1.84584
2.94976
4.17174
4.18594
4.14409
3.22234
2.4334
2.3665
2.16144
2.03983
1.8414
1.50044
0.745044
0.730367
1.64227
1.65218
1.55254
0.271588
-0.0129148
2.1952
2.31834
2.37251
2.41213
2.38287
2.37681
2.04916
1.71813
0.771247
0.914831
2.04219
2.45534
2.72836
2.86333
2.75077
2.38777
1.57603
1.57788
1.25535
1.03166
0.596794
-0.153995
0.291582
0.49665
0.48478
0.38702
0.097215
0.708969
0.651025
0.396532
-0.274109
0.416407
0.424645
0.48308
-0.119852
-0.436061
-0.302682
-0.219263
-0.33766
-0.301345
2.02353
3.12929
3.00831
2.91554
1.87274
1.80597
1.67143
1.64283
0.879991
0.570235
-0.286436
-0.135588
-0.24372
0.109884
0.0233592
0.0969231
0.45541
0.324622
1.04336
0.851023
0.626656
0.270901
0.598101
0.681454
0.70748
0.753853
0.661726
0.307171
-0.0914717
0.760401
0.734861
0.599524
-0.184788
-0.42682
-0.277077
0.698008
2.13329
2.06045
1.92288
-0.120529
2.36792
2.47657
2.2884
0.633531
0.362087
-0.133257
0.763319
1.94598
2.67477
2.39912
2.30531
1.73821
2.0681
1.89173
1.77934
1.30156
0.553385
0.428753
0.470186
2.05514
2.01096
1.81433
2.24535
3.11059
2.96908
2.82757
1.81198
0.602279
0.409967
-0.0875362
-0.182273
-0.458955
-0.00994036
0.00341592
-0.0323542
-0.21626
-0.324375
0.00727039
0.632507
1.59451
1.56434
1.60549
0.17587
0.0242951
0.5291
0.552631
0.768366
0.194252
-0.117513
-0.321831
-0.375713
-0.394555
1.67392
1.80342
1.47552
-0.0748144
-0.133282
-0.100885
1.09774
1.00479
0.902415
-0.197637
-0.00766007
0.463777
0.371921
0.248636
1.76451
1.8493
1.55077
0.470919
0.216813
-0.328213
-0.26531
0.137944
0.296925
0.266067
0.371647
0.0816919
0.168096
-0.131776
-0.159298
-0.418436
-0.218012
0.225174
0.111175
0.0749754
1.97905
3.06001
2.89034
2.90266
1.35023
0.713738
0.0132105
-0.0152903
-0.0196443
-0.333273
-0.337447
-0.263585
-0.167683
-0.0774477
-0.0758141
-0.282171
-0.0809038
-0.0573858
-0.0692949
-0.14556
-0.447289
0.650048
0.709893
0.754747
-0.393922
0.451785
0.517569
0.502827
-0.128666
-0.0787981
-0.180385
-0.201508
0.858657
0.763552
0.309151
-0.125077
1.29586
1.07787
0.984325
-0.123964
-0.421624
-0.359519
-0.591353
-0.381672
-0.57023
-0.254893
-0.00816167
-0.106202
-0.364682
-0.376537
-0.330323
-0.236576
0.341234
0.413605
0.12864
-0.113466
-0.301149
-0.386598
0.185493
0.110542
-0.086622
-0.255742
-0.270965
-0.271352
-0.0464412
0.137046
-0.0235573
1.28056
3.47929
3.42563
3.24282
1.79286
0.340656
0.37471
-0.258577
-0.0445953
-0.192227
0.698654
0.775921
0.585275
0.47858
0.454511
0.370531
0.149784
-0.149834
-0.656309
-0.246041
-0.163918
-0.313751
-0.442074
-0.424328
0.00030429
0.210578
-0.126599
-0.0609312
-0.241606
-0.479532
1.17501
1.57451
1.48073
-0.745132
-0.669096
-0.264858
-0.347516
-0.382722
-0.476662
-0.379634
-0.17812
-0.288015
-0.640709
0.839081
1.08082
0.672467
-0.0725008
-0.423209
-0.634798
-0.665618
-0.481402
-0.4456
-0.404803
-0.348248
0.754131
0.769618
0.277031
1.95833
3.42212
3.26245
3.13355
1.44819
0.108794
0.061236
-0.00904412
-0.206353
-0.188808
-0.244217
-0.548314
-0.671268
-0.376936
-0.250821
-0.35648
-0.300166
-0.316714
-0.438536
-0.786168
-0.5886
-0.77965
-0.774185
-0.678969
-0.387818
-0.564848
-0.328058
-0.199115
0.235403
0.230958
0.246538
-0.468075
-0.610213
-0.514499
-0.743554
-0.687148
-0.519146
-0.625065
-0.607211
-0.734786
0.620117
0.77276
0.48342
-0.248763
-0.336991
-0.256151
-0.297459
-0.0303499
0.411439
1.26025
1.2116
0.361488
-0.169814
-0.255369
0.139899
0.148154
0.048721
1.05271
1.21013
0.697897
-0.352399
-0.519149
-0.0112636
0.38242
-0.0612398
-0.152596
-0.425273
0.665534
2.27246
2.07466
1.8626
0.518104
0.152596
0.0485591
-0.10704
-0.258193
-0.260572
-0.350523
-0.397933
-0.390888
-0.270846
-0.204221
-0.103476
0.0168394
-0.385669
-0.477385
0.378834
0.161464
0.200603
-0.251662
-0.330017
-0.190243
-0.1779
-0.141618
-0.0719625
-0.427463
-0.638317
-0.795434
-0.69525
-0.454516
-0.531195
-0.558526
-0.242081
0.388923
0.403255
0.242237
-0.366223
-0.313006
-0.219045
-0.334233
-0.430284
0.510888
0.438925
0.232209
-0.445228
-0.167623
-0.235217
-0.0117764
-0.267026
-0.180576
-0.389943
-0.447445
-0.429187
-0.033825
-0.175336
-0.196574
-0.0742949
0.331284
0.0890852
-0.104033
-0.695454
0.792101
1.42806
1.05531
0.763876
-0.548371
-0.0313866
0.289623
-0.0857686
-0.37379
-0.358697
-0.317222
-0.403294
-0.105396
-0.0299296
-0.122981
-0.322749
-0.534912
-0.396421
-0.305009
-0.246168
0.0972714
0.163303
0.0918734
0.116452
-0.275464
0.00823636
0.322495
0.160151
-0.405817
-0.730184
-0.000619247
-0.100775
-0.257242
-0.429978
-0.169761
-0.197683
2.39543
2.70577
2.84844
0.898887
0.828623
0.452687
0.54169
0.439113
0.404577
-0.294585
-0.44823
-0.448184
0.108099
0.332329
0.287923
-0.350701
0.00203541
0.338222
0.113606
-0.301747
-0.587387
0.0659303
1.26342
0.989187
0.896613
1.15945
1.01817
0.960622
0.260244
0.234964
-0.00110826
-0.213263
-0.27444
-0.350895
-0.510839
-0.431621
-0.304322
0.328437
0.212691
0.0935821
-0.353262
-0.299788
0.0104596
0.0426504
-0.0947837
-0.0841789
-0.0518899
0.768311
0.643013
0.145048
0.383865
0.626368
0.0548069
-0.010771
-0.269218
-0.240028
-0.436602
0.0280138
0.122899
0.494976
0.66827
0.681556
0.369663
