546
1.24879
0.867475
-0.511701
-0.454578
0.0950399
0.641902
0.322621
0.436682
0.912553
1.96859
1.67435
1.05036
-0.0646785
-0.733063
-0.400667
-0.213584
-0.237322
-0.406962
0.236475
0.111916
-0.15386
0.868318
1.34962
1.4595
0.0716632
0.271791
1.7045
2.21943
2.30386
1.23278
0.45457
0.0760801
-0.364274
0.225185
0.19513
1.12327
1.85189
1.24502
0.38701
0.228506
0.500573
0.429987
-0.823367
-0.608614
-1.00334
-0.823739
0.0942061
0.457309
0.9588
0.33578
0.0770864
-0.0384963
0.0342928
1.24069
0.991707
0.909533
-0.236744
0.355948
0.0328186
-0.0942049
-0.499267
0.467603
0.774595
0.40375
0.0747686
0.3989
1.14032
2.76293
2.32701
0.921288
0.405336
0.922633
0.512085
1.01018
-0.280537
-0.159815
-0.0956885
0.762824
1.00552
1.87823
1.3484
0.825519
0.435813
0.0471579
0.700004
0.550829
0.620638
-0.040366
0.474037
0.100166
-0.140224
-0.269696
-0.0425602
-0.343317
-0.28363
1.05915
1.59376
1.52119
0.6633
0.48841
0.531415
0.743321
1.25986
1.43614
1.15527
-0.30205
0.575463
1.36378
1.92366
1.09903
0.00835184
0.143476
0.397018
0.50812
0.165296
0.246671
0.461592
0.321264
0.651765
-0.190297
-0.080821
-0.605378
-0.788672
-1.10546
0.881727
1.78359
1.53337
0.510178
0.559278
2.20436
2.44068
0.944112
-0.41763
-0.886167
-0.498196
-0.653682
-0.108662
-0.123075
0.42196
0.187698
0.439967
0.319453
0.758616
1.3939
1.22153
1.50226
0.973836
0.836488
1.00467
1.13599
1.9
1.52846
1.70717
1.07193
0.0353751
-1.52239
-0.633607
-0.802675
1.06423
1.33687
1.6401
0.293536
-0.0866011
-0.163722
0.624925
1.66477
1.6037
0.716106
0.572925
0.604301
0.34877
0.719433
1.02238
1.79889
2.50001
1.40534
0.968711
0.538801
0.214981
1.10454
0.494043
-0.0123915
-0.577339
-0.484289
0.780269
1.40901
1.20125
0.604085
0.6102
0.740631
0.416453
0.595968
1.30444
1.67018
1.50936
0.812508
0.822411
0.770377
0.661335
0.357081
-0.913742
-1.41384
-1.93161
-0.788208
0.0753202
0.401965
0.447376
0.278208
0.717534
0.977386
0.971188
0.0220875
0.0667056
0.279779
0.954445
1.8495
2.74214
1.75197
0.690658
0.46415
-0.142561
-0.354498
0.470492
1.29436
2.71529
2.19323
1.59612
-0.0722809
-0.191872
0.529567
0.341141
-0.630288
-1.14547
-1.30817
-1.37254
-0.900539
-1.07563
0.238655
1.22381
1.23611
0.411571
0.0635623
0.96457
1.54718
0.906129
0.221484
-0.00313562
-0.651805
-0.085184
0.392808
0.470688
-0.0368752
-0.519679
-1.20819
-0.920024
-0.857529
-0.089849
-0.0882588
1.55962
2.21685
2.55188
1.39678
0.68082
-0.755509
-1.36503
-1.3167
-1.44903
-1.0119
-0.579924
0.375158
0.173771
0.560602
1.21675
1.74249
1.05452
-0.0361067
-0.491625
-1.11408
-0.391726
0.319175
-0.177334
0.0862998
0.245344
1.0483
0.552419
2.21766
2.29885
1.61073
0.985494
0.962481
1.18786
1.3521
0.843027
0.624922
-0.829912
-1.07565
0.124896
0.92336
1.213
0.628413
0.817548
1.60647
2.26281
1.54191
0.687823
0.182251
0.276008
0.461597
0.19412
0.827067
0.878308
0.446943
0.0222744
1.2743
1.46459
0.640109
1.50184
2.45593
1.9105
0.786006
-0.254025
-0.332255
-0.0710503
0.101059
0.27589
0.462069
-0.511426
-1.48332
-0.622397
0.967101
1.78838
2.27509
1.8155
1.9747
1.89581
0.773945
0.548106
0.954365
1.82258
1.39544
0.619082
0.309505
1.47941
2.22394
2.10686
0.935884
0.153173
-0.0366632
-0.683144
-0.865002
-0.723469
-0.848807
-0.407017
0.634099
1.28421
1.9828
2.04434
2.0531
2.59473
1.64412
0.982092
0.60935
1.55414
1.54615
0.815306
1.49387
0.608535
0.233256
-0.426752
0.56349
1.25909
0.674479
-0.0912628
0.360796
0.0496309
-0.0887583
0.102175
0.0453047
0.745131
0.74478
0.447237
0.279442
-0.108015
1.39521
2.35834
2.24236
2.50874
2.06173
1.42018
-0.282149
-0.820405
-0.988611
-1.2976
-1.38495
-0.821124
-0.24952
0.414506
0.439694
0.570705
1.36886
2.17844
2.06791
0.964396
-0.0100805
-0.00243686
0.387878
1.12444
0.924241
0.761096
1.36978
1.42629
0.944207
0.29164
1.29845
1.12871
0.064678
-0.514026
-0.651134
-0.194225
0.605879
0.732396
0.858159
-0.399162
-0.0560764
0.17008
-0.208212
-0.164615
0.258167
1.15304
1.33046
1.06505
0.468214
0.662216
-0.0151878
0.236449
-0.0552883
0.768096
1.13065
0.585071
-0.118359
-0.184997
0.0950042
1.92036
1.92817
1.48942
0.938383
1.82838
1.10464
2.07741
2.14735
0.766485
-0.0628838
0.875739
1.64365
1.43423
-0.235276
-0.156051
0.390658
0.682883
1.02512
0.579826
-0.0541652
-0.462478
0.322098
0.983404
1.22934
0.859594
1.1944
-0.203851
0.605632
1.05475
0.873591
-0.0122501
0.311331
0.263145
0.593265
-0.274732
-1.04368
-0.695294
-0.314117
0.390169
1.47193
0.906538
1.67435
0.971004
1.07418
0.507396
0.358283
0.17357
0.0394613
0.256405
0.846308
1.14575
0.460296
0.93953
2.03862
1.76472
2.06426
1.232
1.35882
1.31496
1.16151
1.08803
-0.216367
-0.241027
0.855102
0.875441
0.44313
-0.0948102
-0.299612
0.0151278
-0.743541
-0.199387
-0.416095
-0.262938
-0.93241
-0.544491
-0.924722
-0.794753
-0.00171529
1.63887
2.27633
1.49119
0.373731
0.40504
0.626454
0.498267
0.919467
1.33415
1.26852
1.25591
0.716283
0.950905
1.09861
0.941922
0.711228
-0.00450095
0.956576
1.26962
0.991051
0.603367
0.111457
0.409814
0.787622
1.97624
1.25258
