546
-0.31849
-0.795308
-0.77361
-0.845612
-0.84002
-0.723948
-0.523033
0.910952
1.27458
2.02713
1.98837
1.98808
0.191324
-0.0984866
0.0860906
0.291554
0.572274
0.981002
1.18169
1.01961
-0.692311
-0.768159
-0.430979
0.024726
0.127832
0.112647
-0.286009
1.42407
1.62223
1.6522
0.604537
-0.836473
-0.0832038
0.0907926
-0.211584
-0.444897
-0.462791
-0.312787
-0.402972
0.140137
0.291766
0.257123
-0.65562
-0.575283
-0.801376
-0.574084
-0.387629
-0.45031
-0.26465
-0.336125
-0.354104
-0.62673
-0.389758
-0.214124
-0.00418019
0.504884
2.87993
2.81289
3.03789
1.67795
1.6611
0.82552
1.6585
1.62863
1.53061
1.50589
1.58144
1.67546
0.31662
-0.373617
0.61046
1.88407
1.91195
1.89861
0.693023
-0.748212
-0.844316
-0.374401
-0.187126
-0.217621
-0.545218
-0.486953
-0.370831
-0.434605
-0.74512
-0.0575165
0.111173
-0.00868347
-0.524898
-0.77031
-0.236172
-0.120988
-0.27122
-0.626854
-0.625647
-0.544365
-0.581653
-0.658195
-0.608673
1.33937
1.55892
1.56596
2.0493
2.18342
2.16454
0.125019
-0.247238
0.698736
0.598261
-0.269458
-0.620841
0.0378786
-0.0741239
-0.207718
-0.674285
-0.690579
-0.600586
-0.404624
-0.339033
-0.256672
-0.174853
0.0375327
-0.405422
-0.591773
-0.168111
0.838788
1.18535
1.16718
0.333567
0.455682
0.274512
-0.726893
-0.648635
0.0995725
0.62435
0.41147
-0.177533
0.65774
0.945408
0.901662
0.15484
-0.053981
0.149211
-0.100167
-0.170429
0.179306
0.581786
0.694964
0.109063
0.246999
0.75307
0.779481
0.130115
0.0364055
-0.730404
-0.378462
-0.296605
-0.504026
-0.680379
-0.244588
-0.150645
-0.20701
-0.32004
-0.249523
0.323949
0.384758
0.253673
-0.601801
-0.602112
-0.279881
-0.212593
-0.25573
-0.653874
-0.276025
-0.111291
0.0172646
-0.280746
-0.208337
-0.407756
-0.686167
-0.416097
-0.293974
-0.119305
0.713884
0.710864
0.510563
-0.0135177
-0.364215
0.613733
0.956712
0.892507
0.939509
0.596822
0.557535
0.041218
2.38088
2.87105
2.94836
2.87783
2.03303
1.7768
1.74042
1.64736
1.53174
-0.146121
-0.332511
0.0301367
0.174194
0.0610984
0.105995
1.32806
1.75572
1.68324
1.65369
0.307927
0.0815359
-0.229212
0.445464
0.785567
0.739679
0.0676232
0.0610912
-0.065456
0.228165
0.273902
1.47856
1.53563
2.15161
2.44299
2.57643
2.36031
-0.0206394
0.14052
0.12076
0.035006
-0.133449
0.0389602
-0.199455
-0.270442
0.0227951
0.698375
0.936414
0.976435
0.195628
0.0414998
-0.532774
-0.649667
-0.0707394
0.0941849
-0.178708
1.59298
1.96613
2.12055
-0.62927
-0.593938
0.000829065
0.182829
0.222879
0.513511
1.92857
2.00882
2.02786
1.71354
1.49043
-0.354072
-0.489019
0.187848
0.274227
0.302915
0.0217327
0.10565
0.0623253
0.706523
0.550616
0.624505
-0.283642
0.382635
0.350158
0.490165
0.448332
0.145981
-0.111865
-0.0449893
0.547823
1.16042
1.18429
0.717846
0.108544
0.581436
1.52453
1.56208
1.19002
-0.0967679
-0.0221906
-0.178635
-0.109339
0.475956
0.696807
0.751222
0.0485766
-0.27535
-0.823033
-0.563776
-0.442106
-0.420693
-0.020806
0.00301367
0.210292
0.0115836
-0.0584212
0.979308
1.08371
0.968156
-0.0785487
-0.13507
0.0770719
0.0160621
-0.00935435
-0.494255
0.884004
1.05508
2.41253
2.57079
2.58796
1.83251
0.739273
-0.212107
-0.477274
0.630171
0.948445
1.00571
0.644817
0.422152
0.932351
0.808034
0.421067
-0.536441
-0.898857
-0.0981757
-0.0836998
-0.280632
-0.136252
0.391016
0.414659
0.41209
-0.280255
-0.199949
-0.419181
-0.553781
-0.752493
-0.744096
-0.360317
-0.346535
-0.467736
-0.308017
-0.110026
1.16703
0.859387
0.75199
0.407881
0.642227
3.18
3.22762
3.35637
0.616531
-0.195852
-0.353532
-0.550377
-0.502043
-0.101106
0.381176
0.413903
0.278696
-0.500749
-0.495294
-0.471671
-0.538125
-0.39861
-0.373977
-0.338447
-0.39611
0.172578
0.458716
0.457366
0.110727
-0.270057
-0.343763
0.464987
2.01245
2.10053
2.04984
0.417919
-0.826541
0.121164
0.282411
0.1711
-0.482813
-0.328997
-0.237658
0.262825
0.0454963
-0.328519
-0.500291
-0.517788
0.582326
0.519755
0.376865
-0.636794
-0.717746
-0.693333
-0.736988
-0.429448
-0.459466
-0.373238
0.543642
0.631827
0.348602
-0.431952
0.663251
1.13773
1.24772
0.713397
-0.564613
-0.702415
-0.607909
-0.652017
-0.71992
-0.683159
-0.193746
-0.046413
-0.0119262
-0.504494
-0.232929
-0.0868871
-0.0685679
0.021339
-0.285342
-0.175198
-0.24959
-0.321994
-0.441192
-0.328833
-0.458484
-0.56051
-0.473479
-0.00924382
0.708703
2.16255
2.13029
2.05471
-0.182121
-0.292443
0.116764
0.126402
-0.16124
-0.710254
-0.727808
0.675952
0.823676
2.00207
2.12628
1.97934
1.65615
1.35243
1.08627
0.828488
-0.0020461
0.252349
0.121671
0.0917137
0.123732
-0.287661
-0.547947
-0.34691
-0.225876
-0.056626
-0.345881
-0.599792
-0.509186
-0.500974
-0.380164
-0.498775
-0.224565
1.82156
2.19813
2.35167
0.809497
0.760569
0.690349
0.472923
0.43141
-0.188661
-0.711262
-0.59145
-0.365378
0.410806
0.886466
0.76633
0.70171
0.132397
-0.526533
-0.44648
-0.0839313
0.306308
0.391214
0.196202
0.698782
1.03704
1.0621
0.388495
0.323037
1.80521
2.48468
2.51655
2.47987
2.25021
2.37207
2.34223
1.77041
1.56463
1.58627
1.7586
1.93032
1.84934
1.71699
1.9071
1.28488
2.00467
2.16713
2.05259
1.94263
2.01487
2.25099
2.16838
2.27887
2.47007
2.87164
2.92981
2.88388
2.19458
1.8573
1.38283
0.848034
2.04772
2.11201
2.1672
