182
-0.165563
-0.0250367
-0.182898
1.40156
0.241859
-0.03056
-0.0867441
-0.209245
-0.384818
-0.407814
-0.239701
-0.155015
-0.0990478
0.459319
-0.423512
0.415858
0.463971
-0.222124
0.423635
-0.198467
-0.446054
0.597064
-0.289578
-0.648027
-0.11378
-0.531237
-0.453445
-0.100947
0.158974
0.375693
2.9052
0.252065
-0.283145
0.139524
0.973547
2.52656
2.79726
1.40772
0.655112
-0.742893
0.252131
0.974447
2.71518
1.00978
0.99572
0.0893421
-0.210526
0.435777
0.367248
0.147581
0.704678
0.212239
0.898046
0.366458
0.222694
1.18745
1.42972
1.30423
1.35357
0.560264
0.637639
0.0371788
1.60806
2.64369
0.769536
0.702395
0.92785
0.795545
-0.594752
1.57866
-0.135785
0.340559
2.77897
2.17933
2.39075
0.878533
2.83309
2.09719
1.68257
0.0619928
-0.219092
-0.127634
-0.168026
1.86742
0.764862
0.64045
-0.464479
0.153551
0.073455
0.100061
-0.275857
1.07637
0.39375
1.16864
-0.674641
0.352884
-0.030541
0.445494
0.23256
0.00431222
-0.489759
-0.19364
-0.169252
0.573494
1.92618
1.60287
0.283212
1.72147
0.96302
0.0160312
0.339936
0.516092
-0.150402
-0.644226
-0.0117502
-0.187451
-0.564713
0.152601
-0.184405
0.214774
0.361332
3.0503
0.434954
-0.257346
0.114446
0.0385296
0.443781
-0.173093
0.271396
0.500095
-0.41887
-0.0941019
-0.38027
-0.178704
0.452506
0.433093
0.0404912
0.5687
-0.0102565
0.00019822
1.35905
0.678575
0.120587
1.75259
-0.448272
0.376651
0.978081
-0.0977722
0.609836
-0.410584
-0.694683
0.416795
-0.423749
-0.41933
2.74888
1.25593
-0.10048
0.221728
1.25613
0.388352
2.67914
2.94978
1.16489
-0.00857953
-0.374036
0.936903
0.925541
1.72319
0.239047
0.73527
-0.213869
-0.567723
-0.642569
0.00610755
1.04567
1.42611
0.358447
-0.520278
0.819902
0.574528
2.93273
2.93157
