546
1.1085
1.39882
1.19801
0.140001
-0.576863
-0.600618
-0.638356
-0.471576
-0.416252
3.06334
3.17581
3.16296
1.10366
-0.470086
-0.389551
-0.286866
-0.372173
-0.57958
0.161717
0.593856
0.54963
0.476776
0.208288
-0.643584
-0.588383
-0.315993
0.312674
0.370582
0.381386
0.126743
-0.287181
-0.299945
-0.533695
0.232682
0.897447
1.61086
1.68434
1.84751
1.25638
2.5677
2.41159
2.43845
0.170773
-0.0422222
-0.473465
-0.100908
-0.202452
-0.284718
-0.397745
-0.325782
-0.192755
0.222752
0.440386
0.371821
0.768199
0.586104
-0.349812
-0.313094
-0.464823
-0.522061
-0.549368
-0.498127
-0.218325
0.281562
0.539996
0.646943
0.0654614
1.0916
1.57898
1.67556
1.20982
2.4789
2.604
2.548
0.181449
-0.336424
-0.435477
-0.298404
0.197204
0.432713
0.535076
-0.809339
-0.666058
0.0739496
0.653659
1.20123
1.1439
0.63444
-0.22095
-0.488433
0.306898
0.197623
0.0475315
-0.399073
0.272299
0.227857
0.226988
-0.59759
-0.60897
-0.381604
-0.391195
-0.545998
0.570453
0.810862
0.5342
-0.555711
0.910787
1.10438
1.22619
0.596509
0.510006
0.0507378
-0.0629629
-0.182378
-0.805875
-0.415391
-0.501185
0.396726
0.497562
0.15643
0.0100582
-0.330685
-0.40328
-0.632401
-0.486566
-0.48639
-0.705971
-0.544729
-0.349152
-0.225105
0.233474
0.29251
0.150477
-0.523638
-0.442552
-0.388743
-0.326827
3.23614
3.40654
3.38121
1.15039
0.786884
0.344254
0.0397746
-0.44407
-0.414338
-0.377945
-0.315629
-0.651693
-0.413736
-0.445939
0.228258
0.549471
0.575368
0.241671
-0.396165
-0.393708
-0.587149
0.281252
0.652463
0.836014
0.637445
0.356851
0.183675
1.5961
1.77675
1.46346
-0.460986
0.690991
0.854712
0.780307
-0.294225
-0.295221
-0.57256
-0.342371
-0.25957
0.117763
0.241898
0.197984
0.994259
1.3344
1.23965
1.73521
1.7498
1.42603
0.544212
0.328493
-0.0628764
0.440051
0.561345
0.44552
0.181094
-0.327545
-0.267533
-0.10343
-0.343109
0.404609
0.362728
1.28629
1.23971
1.19041
0.422792
2.2101
2.4727
2.60852
2.37498
1.6366
1.5411
0.82694
0.521628
-0.172329
-0.217387
-0.215165
0.37722
0.528084
0.481607
-0.266875
1.68102
1.79663
1.18656
0.240467
-0.516169
-0.653911
-0.658229
1.43479
1.52212
1.26563
1.16063
1.60029
1.65847
1.14445
-0.330127
-0.397963
-0.518276
-0.350646
-0.397472
-0.423853
-0.533886
-0.00537742
1.37835
2.00952
2.13753
1.81914
-0.279285
-0.18035
-0.140501
-0.147645
-0.0165813
-0.283356
0.357735
0.507934
0.279017
-0.0945803
-0.388028
-0.218503
-0.130895
-0.257865
0.0119118
1.28563
1.41788
1.2729
2.50138
3.08541
2.92357
2.59327
1.60782
0.80581
-0.0478403
0.198926
0.394375
1.28346
1.59652
1.55977
0.848867
0.170369
-0.283546
-0.503746
-0.42097
0.228402
0.629941
0.866809
0.617667
0.149399
0.375442
0.481166
0.778926
0.534735
0.222561
-0.438216
0.280687
0.452913
0.218475
-0.623935
-0.256137
-0.321503
-0.246004
-0.535722
-0.651578
-0.1323
0.125835
-0.0784273
-0.185125
-0.372359
-0.405265
-0.338618
-0.267018
-0.130134
0.0439547
0.170827
-0.0652055
-0.484114
-0.296953
0.0827658
0.682771
0.758973
0.230441
-0.470555
-0.282383
-0.248497
-0.179831
2.16592
2.29328
2.0563
0.971055
0.894213
0.702299
0.103134
-0.548228
-0.69434
-0.582614
-0.412066
-0.0147315
-0.149023
0.0225822
-0.41882
1.02657
1.21711
1.37815
0.203038
-0.165477
-0.623615
-0.60468
0.735937
1.00077
0.996803
-0.445647
-0.531211
-0.625639
0.270971
0.585175
0.675974
0.405152
-0.517425
-0.6487
-0.578893
-0.00844864
0.446621
0.281529
0.0692769
-0.44856
-0.447437
0.0414092
0.334372
1.07144
1.00708
0.638379
-0.296582
-0.536529
-0.62342
-0.436016
-0.429348
-0.547541
-0.688782
0.551812
2.2506
2.10817
2.0801
0.348845
-0.211115
1.40472
1.51561
1.22381
0.996362
0.347056
0.575867
0.47902
1.40713
1.09389
1.34656
2.42113
2.85266
2.75667
2.02216
0.584532
0.244298
0.00978397
-0.538568
1.06935
1.37312
1.12343
-0.075794
-0.175056
-0.452938
-0.154454
-0.0469449
-0.228904
-0.414095
-0.436982
0.0436069
0.507006
0.291715
0.258162
-0.375736
-0.281771
-0.499491
-0.522671
-0.566192
-0.486541
-0.544541
2.61521
2.72803
2.55775
-0.381402
-0.181592
0.946468
0.892943
0.627727
0.246109
-0.456377
-0.480162
-0.30949
-0.281526
-0.409368
-0.242369
-0.166801
-0.0128638
-0.0730097
0.0588203
-0.329095
-0.355698
-0.162186
0.483162
0.620058
0.396744
-0.497692
-0.643379
-0.228794
3.53719
3.67607
3.81858
2.24329
1.11242
2.25679
2.37064
3.0625
2.14572
2.03914
0.374225
0.401777
2.03276
2.9124
3.03661
2.7643
1.71142
1.14674
1.64244
2.24625
2.36048
1.93791
-0.382401
-0.392054
0.333011
0.381509
0.528147
0.111192
0.0265152
0.312036
0.429102
0.160476
0.196388
0.463005
0.424734
0.621335
2.44049
2.46161
2.65566
1.61613
1.19258
0.616063
-0.419769
-0.301823
-0.395323
0.828702
0.971557
0.562589
0.529309
0.547584
2.57171
2.6425
2.67389
2.23809
1.70173
1.63708
1.14194
0.698159
0.772532
0.608385
0.567303
-0.221941
-0.296471
-0.458734
0.64499
1.17013
2.24424
2.25049
2.05449
0.89919
-0.270254
-0.441872
-0.00458627
0.671876
0.706763
0.440381
0.314724
0.227993
1.28558
1.13875
1.02602
0.312265
0.613114
0.518704
0.36237
0.262036
1.10089
1.7731
1.93806
1.4277
0.64047
0.400049
0.0904464
-0.411535
0.368162
0.669052
1.72177
1.91966
1.35253
