546
0.462175
0.27907
0.320918
-0.511484
-0.285102
0.226575
0.847095
0.645669
0.958666
1.70701
1.56519
1.53095
0.61602
-0.0867433
0.0315857
-0.242693
-0.592791
-1.19783
0.219448
1.31204
1.09388
0.560042
0.433071
-0.563471
-0.577335
-0.305526
-0.226434
0.111113
0.111506
0.0678773
0.00311622
1.33522
1.04741
1.34967
1.9149
1.9956
1.23234
0.216902
-0.29233
0.620144
0.72721
0.951568
-0.462855
-0.664491
-0.7109
1.48284
1.97985
1.51097
-0.0456204
0.581536
0.778042
0.797989
0.37556
0.180644
0.0470036
-0.15335
0.498428
0.497111
0.149297
-0.799011
-0.549465
0.0753418
0.732389
1.22715
0.662479
0.212722
1.2653
2.09199
2.08473
0.581472
-0.0873804
0.921647
0.769028
0.252205
-1.06345
-1.43102
-1.56892
-1.49059
-1.05127
-0.959591
-0.70996
-0.454795
-0.0996731
0.603873
1.61114
2.36286
1.85881
0.0947132
-0.392925
-0.587854
-0.0448386
0.708691
0.769647
-0.23569
-0.844838
0.44037
1.61795
1.7402
0.950139
-0.130456
0.421799
0.452862
1.19058
1.5876
1.31451
0.0499851
0.0704179
1.15538
1.7474
1.32212
0.64475
0.0990403
0.0644829
0.560889
0.363056
0.817991
0.835059
0.99312
0.484249
0.355663
0.554079
0.613987
0.912775
-0.145498
0.277491
-0.254084
-0.672255
-0.782858
0.267194
0.640891
1.29803
1.48792
1.60223
1.92242
1.44257
1.35839
0.719766
2.16995
1.6226
0.568354
-1.05489
-1.48993
-1.66922
-1.86167
-1.64311
-1.18487
-1.08512
-1.18164
-1.06764
-0.56201
0.0339788
0.133536
0.587355
1.41667
2.62591
2.08477
1.2155
0.292793
0.429057
0.689974
0.239696
-0.281394
-0.651003
-0.426548
1.21228
1.914
1.70137
0.421859
0.983032
0.458423
0.0546568
-0.900098
-0.917391
-0.436707
0.0635962
0.298091
0.783933
0.523665
0.601356
1.73504
1.44239
0.277788
0.193053
0.0957057
-0.00604408
-0.320118
-0.067681
-0.488405
0.910475
0.862273
1.04743
-0.0966149
-0.300415
0.238139
-0.127047
-0.154097
0.603034
0.600056
1.81598
1.97184
2.50203
1.08391
0.938402
0.835953
1.36874
1.10663
0.467222
0.804267
0.551379
0.638782
-0.317363
0.126703
0.171517
0.189173
1.23289
1.18286
1.19952
1.23443
2.03572
1.76908
0.860059
-0.0758915
-0.0347733
1.26556
2.55326
2.51802
2.07305
1.97943
1.88439
0.870288
0.122551
-0.0526011
-0.314271
-0.528551
-1.02339
0.0718541
0.47235
0.177514
0.515455
1.26206
1.01985
0.520636
0.462054
-0.793761
-1.30797
-1.65571
-1.81342
-1.19782
-0.620365
1.14015
1.48038
1.63393
1.52652
1.583
1.78013
1.67328
1.10977
0.231611
0.85423
1.38392
1.12997
0.761876
0.90087
0.621662
0.577608
-1.04294
-1.69834
-1.29043
-1.3158
-1.40045
-0.120208
0.663825
1.22071
1.45918
0.729886
-0.373676
0.068682
0.680893
0.830327
1.37496
1.29189
0.560678
0.091391
1.07822
1.88125
2.08642
0.909243
0.419453
-0.269927
0.287333
0.730911
0.990379
0.177941
0.345517
-0.124896
-0.0726791
-0.732406
-0.367932
0.342383
1.92956
2.06535
1.47044
1.69858
2.14128
1.47373
1.71568
1.27648
0.837095
0.180731
0.41095
0.774306
1.11555
1.10964
1.45819
0.268435
0.387599
0.672684
0.95994
0.364528
-0.280152
1.60279
1.10187
0.333399
0.637611
1.74491
1.45251
0.367806
-1.49356
-0.615056
0.152275
0.107718
0.912619
1.37322
1.08547
0.697751
1.25766
0.884483
0.371533
-0.471158
-0.0934138
-0.411786
-0.693508
-0.131121
0.282243
0.417814
-0.360276
0.0409537
0.821805
0.435946
0.613451
0.851243
0.806363
-0.000920973
-0.0804757
-0.414585
0.317015
0.710479
1.02198
0.403232
-0.458776
-0.518691
0.191037
0.262838
1.73483
1.87792
2.34273
0.975098
-0.00246206
-0.340261
-0.392768
-0.0291719
-0.347044
-0.930957
1.54199
2.10115
1.56165
0.248919
-0.404615
-0.797937
0.336176
0.0280279
-0.174566
-0.525481
-0.319109
0.396031
1.05628
1.51195
0.630869
0.585748
2.20785
1.97926
0.17998
-0.560827
-1.40691
-1.67179
-1.6129
-1.42136
-0.233819
-0.278278
-0.238901
-1.18243
-0.846674
-0.425486
0.076358
0.855513
1.20609
1.29316
1.85849
1.72744
0.981432
0.555163
0.31357
0.00967892
0.430928
1.27358
0.697231
0.507028
0.168893
0.435453
1.79325
2.53153
2.31936
0.25748
0.844832
1.29058
0.721733
0.464944
0.10222
-1.00592
-0.819769
0.181287
0.641015
0.605114
-0.732911
0.275325
0.264575
0.77035
1.20984
1.80325
1.74269
1.35069
0.641463
0.766086
0.696274
0.567408
0.174692
0.856292
2.39306
2.19866
0.944464
-0.355558
-0.744024
0.0239364
0.399634
0.832801
0.985905
0.821701
0.273509
0.433824
0.787007
0.597042
0.193173
0.207065
-0.337946
-0.211465
-0.00966612
1.08429
1.09035
0.220776
-0.62084
-0.797151
-0.144529
-0.357871
-0.388816
0.417836
0.897442
1.44524
1.02064
0.64411
0.656947
0.646795
0.730097
0.730265
2.11765
2.75616
2.54584
0.939314
0.137509
0.513271
0.253451
-0.251768
0.166684
0.815576
1.38302
1.88571
2.03858
1.10395
2.11741
2.08482
0.771708
-0.156902
-0.0948838
-0.0897934
-0.202562
0.177297
0.219291
-0.251023
-0.767173
-0.506183
-0.821654
-0.436627
0.465087
1.07634
1.29187
0.537086
0.244879
-0.408105
-0.553163
-1.03019
0.377805
0.967618
1.54628
0.521341
0.443203
0.588533
0.67602
0.375115
0.0287969
0.0900673
0.476921
0.796944
1.17092
1.66355
2.11389
1.71788
0.721516
0.0973127
-0.664669
-0.605097
-0.305617
-0.377727
0.444224
0.982154
1.73104
1.30135
0.780861
