182
0.0530496
0.222732
-0.101964
2.54607
2.1147
0.231147
-0.494531
-0.256678
0.748001
1.68613
2.49321
-0.371909
1.07727
2.26476
1.59687
2.03027
-0.679898
-0.213592
0.359564
-0.617189
-0.344464
0.90999
1.6704
2.05439
0.462848
0.144725
0.14066
-0.678478
0.266089
1.08474
1.47318
1.35285
-0.709574
-0.762245
2.25026
-0.537076
2.12652
0.20911
0.28855
-0.638134
0.0391572
-0.629683
-0.223191
1.91481
0.542517
-0.48473
-0.322601
-0.540388
-0.467775
0.242982
-0.471462
-0.277426
0.436124
-0.538418
-0.19834
0.0923583
0.352309
-0.669099
-0.640123
-0.197974
0.351887
-0.0173504
-0.533704
0.948255
2.25545
2.12327
0.674845
-0.416013
-0.621366
0.665155
0.46578
0.819736
-0.539669
1.09633
-0.696499
-0.434814
1.87975
-0.517097
-0.223239
-0.218965
0.476985
-0.501021
1.97499
-0.578911
0.617646
2.10947
1.49354
2.01274
1.90139
0.112692
1.07592
1.43199
-0.395809
1.68093
0.0592461
-0.432489
-0.177547
1.98472
-0.682774
-0.701788
1.99995
0.139327
-0.547351
-0.873126
-0.447061
2.13508
1.79442
2.23221
-0.649779
-0.4626
0.522074
0.687825
0.493931
0.34886
2.02104
-0.405676
0.299639
-0.0448857
-0.570846
-0.501636
-0.496138
1.00408
-0.168365
-0.319184
1.07413
-0.271735
1.81626
1.2678
1.00131
1.11047
0.385747
-0.60067
-0.651897
0.248005
0.149424
-0.11041
-0.458395
-0.401774
0.0359079
-0.274876
1.56231
-0.790132
0.106564
-0.346596
-0.459986
0.439149
0.197708
2.0277
1.50065
-0.120324
0.560021
-0.405188
-0.109394
2.25724
-0.23129
1.34105
-0.0684636
-0.27971
-0.214704
0.244566
0.375416
0.838749
0.884271
-0.0659788
0.381096
-0.216829
-0.154558
0.35531
0.668245
1.81281
2.02726
-0.0488259
1.17886
1.54809
1.57839
1.40827
0.9031
1.6942
0.938468
1.65638
1.44558
1.91113
