182
-0.6602016197718668
-1.0108175900781788
-0.8527814051795556
2.3177320740572562
-0.7768487056057528
-0.7367076169475786
-0.35092522281773547
-0.28531121615422256
-0.9007093217769899
-0.6980423217785257
-0.99370970458247
1.1596486577785465
-0.12804007808768342
0.43365469279934604
-1.0136795130191247
1.0115552112715993
-0.22062474535654633
0.549518076760155
0.6851347960343036
-0.22686571129626704
-0.9364640858438081
1.0202442033247177
1.4578224279833893
0.8346453961372482
1.658510138027815
-1.0151708113126285
-1.0900124226773695
-1.0266627892338762
2.61275274902199
-0.20559782352206057
-1.0643872066429971
-0.32410513999196394
2.2200988216150552
-0.9651139072050282
1.2090607118368941
-0.6252136835603821
1.2901017468782985
-0.19991258131780434
-0.5186325390711936
1.2413331073978764
-0.38739347737678537
-0.9258617303124483
-0.7256675482854691
-0.32730136546629046
0.5220970550202261
-0.07405266426824061
1.2543059092535775
-0.9610686525676961
-1.024630054203014
-0.9951993274683997
-0.934319799246326
1.3174478454611458
1.1318862300487809
0.0780939515551283
-0.5478418631211098
1.8451729605669671
0.6011367612985911
-1.0252216019567506
-0.7573335140987452
-0.521190811840628
0.49161276653578484
0.7546793846174629
-0.6029947443986716
0.35614963945169337
-1.0146713877244418
-0.49808150344356605
1.6460849921047112
0.8162367741007744
1.4314596497961585
-0.3690632121215097
-0.9920014668137671
-0.8420816952503272
-0.6120106978959201
0.5878177013685444
-0.9373738596768014
2.064362716691059
0.7640845647145036
-0.9686793381932252
-0.9721000992418886
-0.4213506270015042
0.8634881050926199
-1.0066171475782113
-0.9697655679237748
0.7980415865213563
-0.3929430215723312
0.7469489467026262
1.297165703336753
2.0599982844321367
0.7739468777737515
-1.027745391462686
-0.7168741563507577
1.2024662769051364
-0.8815252420190991
0.19527680741791825
-0.7282479588377493
0.9954310459247708
-1.018211892627649
-0.7390777877240292
-0.5748266995455339
-0.9837770006399885
1.0245245567567942
1.2255824155601616
0.4449370646263047
-0.879750614389911
-0.09931213567847567
-0.025117719753648262
-0.6372350662753105
0.6254161852225091
0.5501717580212518
-1.0988196595970665
-0.944840189556775
0.03059806474561271
0.24950341397193818
-0.7861668890197273
-0.887425944853065
-0.7560718988740585
0.8048457554338786
1.0004704693310817
-0.7606330011945136
0.5347661390223882
-0.6503643485099393
1.6080446053570725
0.9025762657064
-0.5446263973918035
-0.9793613965463656
2.1881539686117653
-1.0023496535850691
-0.5513834122944853
-0.49855674360683216
-0.5524537656959302
1.2268038171196973
-0.9920721151093508
-1.0583592314026107
-0.8415176671992926
-1.0804096995135943
-0.05640468736143109
1.7934042123523584
-0.34595237452013694
-0.5572312716200203
-0.8433972949736729
1.5857878298776762
-0.21929838846358293
0.6897598901003623
-1.008573568610279
0.15633702288183196
0.815979473468948
1.0047460009480502
-0.7947315479972662
-0.40619279551707077
4.426781886189777
-0.8998894852067298
-0.6265713864903454
-0.4689624265697114
0.05913570946692729
-0.43514008541013166
-0.9947482455270275
0.06520379280286999
-0.5527986023694307
-0.20414237454587622
-0.2561108919214875
-0.5506115492918172
2.459511165461863
0.5893949079825609
-0.8704151121748602
-0.4172743873100775
1.2307543308564557
1.3842114943098849
-0.6964110785392353
-0.8835429842939642
-0.6875107999745558
-0.9420315560555997
0.886428554032945
-0.842315433692203
-0.46590160159485927
-0.5922578280267219
0.3258473762513479
-0.6068009825425499
0.6466931008610011
1.5125382170989266
-0.8009687790293932
-0.9344926520085951
0.5450336007262915
