182
1.05844
1.85625
0.200529
1.08947
-0.120518
0.13157
1.80324
-0.558787
-0.722514
-1.1106
2.1597
1.90299
1.32009
-0.480349
0.905845
0.537817
1.25585
1.54853
2.24586
0.533677
-0.469771
0.206161
-0.00226291
1.27423
0.46985
2.01827
-1.06007
-0.251622
0.0254995
0.116268
-0.177021
-0.549453
1.60977
-0.0245603
-0.414772
1.21559
-0.631952
0.68425
0.973037
0.519669
-0.499192
0.665388
0.4104
-0.197742
0.720106
-0.222402
1.86373
-0.799351
0.0676415
-0.223928
2.34662
0.921483
1.14576
0.742427
0.0810361
1.57344
0.978081
-0.396082
1.32076
0.811985
0.626903
-1.23948
-0.209543
0.317493
0.56126
-0.162379
2.17384
-0.785352
-0.277032
-1.20476
0.00396636
0.765893
0.750614
0.936116
0.307249
-0.163387
1.59218
0.574415
-0.146004
-0.329036
0.369028
1.25548
1.54998
0.432864
1.18642
0.0641831
1.14205
1.92153
0.951987
-1.38517
-1.00277
0.565187
1.31252
0.808656
2.32199
-0.860314
-0.311535
-0.752056
0.717879
1.55755
0.221916
1.15558
-1.16367
1.21758
0.129855
0.704025
1.75517
0.81759
1.37602
0.782803
-0.377767
-0.594468
0.375573
0.270648
1.86438
0.826976
0.0958918
0.176495
0.456691
1.5435
0.411899
-0.707742
0.20122
0.987091
0.304148
0.62397
0.95837
0.0903324
-0.142391
1.80241
0.602528
-1.14992
-0.395348
-0.230868
0.0877588
1.00922
1.02917
1.46004
-1.59489
-1.05797
1.51588
0.395012
0.601801
1.11737
0.805782
-0.866302
0.386878
-0.165442
1.53762
0.221516
0.519851
0.743411
-1.30335
-0.197044
0.0723071
0.0353846
-1.03696
1.13566
0.988397
0.457062
0.681038
2.25563
-1.15281
-0.0663048
0.647075
0.248497
-0.385817
0.730447
1.01026
1.679
0.732189
1.02328
-1.19643
-1.17231
2.19063
0.244902
0.0146959
0.95977
0.847749
1.29487
0.51249
0.491271
