182
1.39959654432645
-0.15996254418489284
0.03689811189188048
1.5040000724337534
1.012821821166017
-0.5938962661235517
-0.018650644916372996
0.20959422901967253
-0.35880117679455453
1.0399125494826509
-0.7148998632177436
1.0676753020483007
-0.3351206819964856
0.9393120981069422
-0.09458079776415404
0.5690904043098783
-0.32191193164393256
0.41366163386566024
2.6355794419049507
0.2857268021838731
0.5171026764515816
-0.048474712513419733
1.391443352413058
1.0757734404331425
1.5050093776245463
1.0585856766484942
1.9519634404657498
-0.30266042026812323
-0.06127812207181268
-0.3786196647502036
1.4554322878058472
0.7018277263299761
-0.02261407321439607
-0.8922304994253333
0.14361427058145246
-0.511949247250961
-0.4334399688361047
0.048539809605333474
-0.019307255710027258
-0.8881506955070853
-0.21275083983426113
-0.25159645654942775
-0.6309028299361202
-1.1367613674533141
0.3629076648128764
-0.7338884270408788
0.41756227197204965
-0.2829638919064438
-0.5394299963122187
-1.2034717975436269
-1.1068401711605422
-1.0985303542010487
-0.516119348679102
-0.9628422811689817
-0.7135150722245805
-0.3425069403417791
-1.0762889789505834
-0.5373182104154309
-0.21266442583080236
1.0539181804671518
4.074729303977911
0.5991272793729837
0.10158130717499811
-0.5775009059750802
1.164779443580686
-0.2988261887947632
-0.14994646297820105
-0.6520553240459428
-0.12393458700502147
-0.5871164761948588
-1.0957056788952428
-0.05859209068515987
0.23263865744975573
-0.2840034126438658
-0.4601114989524739
-0.9492487868506487
1.3191533547347967
0.1830781244448534
-0.9534376857928434
-1.3662177526930055
1.5173249036854635
0.7045572559115217
-0.5395412043831473
-0.6430660495059356
-0.8611337281874027
-0.4416791071571259
-0.6990527772528614
0.07790379030422334
-1.3567006259231098
0.23988232438949394
-0.2515987848598356
0.7798700210569837
-0.3932528990727428
0.07799137145840385
-1.0509276359787931
-0.4234557365640952
-0.35737401436666977
1.180943691450134
-1.1662689577682483
-0.7273168273725027
-1.2166514389228382
2.7657133290917315
-0.1295655487848819
0.13791309648346275
-1.3384340328021143
-0.7202495169570147
-0.231231639102679
-0.4258800692910274
-0.4573054350314419
-0.11650874124964974
-0.8686839433296473
1.6413202350287635
-1.136823525535688
-0.22628072368090069
-0.08150047551189789
-1.1446790906720121
-0.23751615851043797
-0.5608775366968793
-1.158431095067338
-0.25727580424426144
-0.7214248772537952
-0.6194164044533728
-0.6944352144951288
0.9766677423269944
-0.9400149946095796
0.3607908766175294
-0.377280910509906
-0.7309627958906011
-0.6719658668681354
0.4469433241064495
-0.7526255231522584
0.5761538529628055
0.23735725823981565
-0.3459802687887152
-0.8149217496099661
-0.19903888319506619
-0.14294604749459433
-0.7247662615073158
1.4865187535766602
-0.7129781187602785
2.251139011975777
-0.8296317463529223
-0.6091509923361191
3.4711018111734218
-1.407093169870556
-1.0536721464498555
-0.08341636272773027
0.4309588068547148
-1.0968031259042272
-0.8960919922200918
-1.3593107532609543
0.7783482036970838
0.3633540306623302
0.8034952252078945
-0.039241253866039834
-0.8290066981841434
-1.3095850445221244
-0.28885822699843583
0.3702386092756833
-1.3933932738753019
-0.9026953618732025
1.1993512104309163
-0.06727662423592291
-1.1508329349751945
-0.08218484314681972
-0.2501632365521976
-0.08725059823704587
1.2563159146654355
0.1621495532438281
1.11949845407273
-0.26611823573804666
-0.05141868516279336
0.9112326295087044
0.4693258053571359
3.912876087735992
1.08809774897288
-0.09724529989188979
-0.008183721431072516
3.2861772953432506
0.8309219673389623
-0.7471718727403535
1.4603831988758595
