182
0.2625176200165735
-1.0722428549764838
-0.9806962480358199
1.2242412281773665
2.0515246482637846
-0.4100576223283338
-0.25508970270143816
0.5180496970168896
-0.4756515844000701
-0.7653347300927519
0.794846216744316
1.2343242859182029
-0.8903952738325898
2.0186174943873527
-0.13831654065167442
-1.1469393936085357
-1.173429786021012
-0.19097499020623598
-1.0639063695559912
-0.3417419920510417
-0.20465692133246396
-0.559818466338919
0.13699399241972834
-0.30821062016596734
1.6106550601358463
0.5834218943384741
-0.8636580444092111
-0.16172836541050506
-0.31751167312273215
0.7931794553296762
-0.6693211414393878
0.2553540396290765
-0.5615427832914004
-0.6171889599934325
1.2289825642791368
-1.0366688100960524
-1.0085995865550395
0.9044819364512257
-1.1468151548517223
-1.0579416079924768
0.4380899152216925
1.2696116284312065
0.11089940220143493
-0.8818934656360752
-1.0591625859159015
1.0728287331885014
1.8792780990781643
-0.8932483144130998
-1.0058302979484999
-0.8526795016339442
0.329907907486635
0.735478704239637
0.4862031265607327
-1.1247776068030586
-0.8077217876026063
1.7359944982499904
0.35525496885554203
-0.08767724403054665
1.5056092789107098
-0.47102479870253217
-0.8573544723433565
-0.846718109952022
-0.07640204931790605
1.0196465187497927
0.5184875350035253
1.154392967067818
-0.26095813232152726
0.8018180528220532
-1.1312030078715472
-0.95125847189026
-0.8713978047486537
-0.6911758056425997
-0.11124946985478609
1.7904828910239203
-0.32323213637483045
0.14585072569123392
1.4262085243661784
0.1926849683366078
-1.1633737532879829
-0.9854401416235999
1.0955903730508758
-1.0186772381316258
-0.43901102286486926
-0.6704931687587532
0.5378245487884142
-0.162698064402277
0.657360447953779
-1.1146111923836763
-0.8017384170374457
0.1725531181245194
-0.5423328229165617
0.1510359827421876
1.5435925638917898
-0.8539166414981658
-0.8179917468640534
-1.0521498029859524
-0.31916933951978493
0.041351296415219105
0.04006603227520257
-0.6462735808368324
-0.5294226775895676
0.5056836742591103
0.3659717352186329
0.5289606649394608
-0.2954680218565158
0.7607551915191674
-0.9938430461812867
-0.4044292169132396
0.7540159004332945
-1.0438866609394382
-0.47467167825099277
-0.799910976196105
0.6295081974412922
1.593306496428184
0.9842192914353385
-0.17629649639635933
-1.1128873635834533
-0.6690989687674714
-0.6290282703924414
2.401729690668352
-0.43338689593248864
-0.6252303374818797
0.9913204017319464
-0.09892459324466744
0.3150266267993855
0.4810119049966239
0.10673262603202832
-1.1164781932657422
0.8262023086213848
3.072820711555466
-0.8766106083160721
-1.1272456619736202
-1.0801777477175145
0.374059227334523
-0.4482516513655237
0.48160299642450544
2.2202552064384427
-1.0119960378418065
-0.5892332113198148
-0.6987871609955901
0.39458413303429396
-1.093283404358542
-0.9455131534126863
2.149286940877393
0.7428311305990742
0.6671178132827622
-0.3432180890953302
0.6334456738270969
0.08103120772419839
-0.1607966148710761
1.8927632749585932
3.787926848105694
-1.0998528750371683
-1.0925548343057996
-0.9086649179886512
-0.2923387099575118
0.205226243428356
0.8148333596805051
-0.7947518106328193
-0.7914672356890334
-0.20345842534973738
2.2848593742949874
-0.874629145908931
-0.9727441849638833
-0.9116350148704959
2.046578649067743
0.9195982261136182
-0.46707837819143727
0.1035867933229861
0.32428782312538834
-0.017485527611984155
-0.8287310159683212
-0.8220736963699184
-0.17530273200020446
-0.6890156664602061
3.4363319274726383
-0.6212962889298941
-0.5226764748401195
-1.0070616991642125
-0.6745103591477781
-0.4941543707455015
0.6480761089421027
