546
-0.2996052980452173
0.6502500658281274
-0.04616249284711499
0.18971149221106096
1.1347298244099275
1.4494409680110494
2.041067356379247
0.5186166667792791
-0.17467477483576715
-0.8847736857844292
-0.9298986913283871
-1.045119491575356
-1.0824864090080286
-1.168420918806013
-0.5401269481260778
0.14124037492287542
0.1883261316745771
1.5950422932551809
-0.26843108108951796
0.6865931623749829
0.8340655442718304
1.523410407195348
0.17376983351181868
-0.12197993532890139
-0.6747264167415538
-0.0952501038079316
-0.043801955925066034
-0.16330863798509077
0.3859841475900551
0.16348076768059622
-0.35771849885018436
-0.6743196086976052
-0.5779328871403778
-0.596698741459699
-0.08297494735954898
0.2044059190004161
0.9199054624246142
0.27262512661841526
-0.7889725308866387
-0.9614965724948876
-0.670207228155245
0.09604396401486122
-0.796514168494236
-0.6380079702606071
-0.5588356100112575
-0.9821490073108253
-0.9104488261862108
0.14301953611194154
0.2203934016427522
-0.3172174320722638
0.3294939825331169
0.5712471264348447
1.156094248325622
-0.38292502196035544
-1.073988084801152
-0.9089635189081684
-0.4343139708409027
-0.4756085333756545
-0.5669189696487544
-0.8758899439152985
-0.5090851182593737
0.24735190997369352
0.7063733574615002
0.7702177016327495
0.3508300651589117
-1.0719484266254766
-0.888744293507703
-0.8422617073709644
-0.4357753054471876
-0.5171833186004093
-1.2357288157194797
-1.0404695624379234
-0.7094949381349182
0.10182817362678882
-0.3431202409848632
-0.1766734649090985
0.8147072671100639
0.8555135881664233
1.9485392338768222
0.9109962212298749
1.1829358004207722
-0.16561254884335935
-0.4379659501527417
0.1479970548232801
0.3077340519138958
-0.12311756338134341
-0.575827004884778
-0.3668239418714563
0.2704362985101096
-0.4563664606142944
-0.5367657755614094
-0.7745239082817827
-0.8178005239933878
-0.9550966958319512
-1.103448149556498
-0.8438728582973026
-0.12320553623991198
0.05514368507042607
0.45362959821991095
1.1266205820839492
1.5492425318439516
1.5217796743509229
2.3400324689168865
1.5785885212843793
1.0864688878961721
1.0670460480217645
1.9160368191562038
1.459698398062308
0.5193064089457795
-0.31518885986248724
-0.6670912444694796
-0.4481877110787482
1.6016589443331646
0.8972409621974888
-0.22513249747714484
-1.0549649680912938
-0.6713473492870714
-0.42698959989926233
-0.2668058747361131
0.6398143628093389
0.032576376972720485
-0.304700278303914
-0.6955642236030778
0.09786234419182616
4.219476616545367
3.8284178369145208
1.052890449906789
-0.6479786364986402
-0.6780806160853174
-0.9233781243889617
-0.9358464530793345
-0.7270750482793228
-1.004628229267159
-0.5908772972417798
-0.7531956613419799
-0.7381079973054065
0.00746258969432632
-0.16040808628476103
-0.6413633362178641
-0.8922997602330776
-0.8482139615604596
-0.7588433372207339
-0.7763476543786433
-0.6554622374420254
-0.2951599644619517
-0.055116802291912056
1.1694542640287013
1.4575253158486132
2.2467179499498005
1.1785772140577109
0.40232008076476766
-0.2459528606660397
0.11750202470657772
-0.5349326241538536
-0.48304516879009957
0.390555079204
0.9400524788898937
1.2573600154131777
-0.0719944198937852
-1.0941176469160763
-0.5373724902918967
-0.8191270638100354
-0.6237230623710678
-0.8590566551193918
-0.6814462345387587
-0.404935491794172
-0.5100070949618835
-0.5584174167737513
-0.6431192020106365
-0.10955742517588342
-0.7253650281174957
-0.876126895359308
-0.38276305587776105
-0.5288236844220796
0.1986526436264881
0.5352074866622407
0.7196320654084695
0.49780564101789976
-0.6282856908466559
-0.7424755821626442
-0.8965378592422755
-0.8950828516555543
-0.6062912095716139
-0.6094420444324141
-0.30628844402148964
-0.24194765683794403
-0.9221204263133993
0.3383821836920276
2.48090011579961
2.1625678745378805
0.6753884889989233
-0.6740949668129923
-0.6388996899940083
-1.1213002892168713
-1.0861077343515775
-0.6309368960168011
-0.5536823563108847
-0.4263221831461587
1.1904474507269476
0.15897881905993727
-0.45577337238713916
-1.071808361297492
-0.9051204966451156
0.5330389027655903
0.9503121118650856
1.0848233471351907
-0.48551894428242315
-0.538948315566931
-0.5823649049280327
-0.6983310901533053
-0.7046471727462684
-0.8677127744864588
-0.3236666919214451
1.299357680338801
2.557389955769086
2.06894418667989
-0.7494165744740671
-0.5105376253767734
0.16672951365310376
-0.6690629661121916
-0.0492887474715524
0.06499035047561202
0.9195458158866255
-0.9089047000568736
-0.7661305104048947
-0.7194494010687259
2.2481792024527514
1.9734497223102485
1.7450487644108987
-0.7338386060971751
-0.7055710970152443
0.37049278439858513
0.8220695033028537
0.2814961584542574
-0.8857673591951254
-0.879732412542216
0.4656795352182
1.1852290750552175
0.9262455318451094
-0.7492247001401913
-0.4234491648983765
-0.5290260307373138
-1.1376402121831017
-1.2065102739294415
-1.0491032590732987
-0.9576353107544944
-0.29182804085402353
0.052242548517430536
-0.1869975463863704
0.28282917575408206
-1.0020766830726944
-0.7839053389282571
-0.7689568181913031
-0.4515066875436857
2.252002012159984
1.7080086494678277
1.1603782940949254
-0.28356146728652387
-0.9898171331039198
-1.2728854532332816
-1.3044792047861837
-1.242783766536618
-1.001691832910013
-0.566991318312294
-0.5443945191647253
-0.5703274107976272
0.547023635554188
0.0720608493492895
0.4286701499115567
0.0019518699363524148
-0.8179445448806857
-0.5149529130049764
-0.03903966007221404
0.005110991986210383
-0.6255555596302801
0.33156613533728824
-0.3967576163096216
-0.501737829524129
-1.0274409387328334
-1.1598286866647236
2.228191022147555
2.5076624654083663
0.9945058288148979
-0.9838122187085281
-1.0373290678298719
-1.2598727965646763
-1.1032334995602249
-1.0246797682930506
-0.8172168832428408
-0.4994195277961588
0.8504407538743497
1.0131521491689022
0.8724862414215122
-0.5336816086822241
-0.8445847571046318
-0.8890616297888452
-0.23420712158478454
-0.5807073664466227
0.12282451466448434
-0.32697962286482
2.223256039202651
1.2338248059573316
1.124633589765085
1.9891330227335913
2.581126860009632
0.8266930350908244
-0.026528869935201933
-0.7449378018526924
-0.720216296428249
0.9796749608968613
0.8517920177365024
0.520318299713257
-0.8584204680476776
-0.9734158951998024
-0.904390627467486
-0.3511507223391155
1.5769179163644942
2.271191626087971
2.0984772825469427
0.8582643682145378
-0.2136386376345544
-0.2279116475510263
-1.1894203977092581
-1.1840018295081463
-1.2235088554926634
-1.2060487939880942
-0.9042966981322849
-0.8225657449407828
-1.006860678503145
-0.9147055095532917
1.1231377848215158
1.8760217246450086
2.5572643890939424
1.1476110759645026
0.2499685321793603
0.7617758400977286
-0.29789329488581456
0.5227023480984275
0.9671737129356691
-0.14729275176089804
-1.1282022838561356
-0.4797122707819404
-0.2727046608070825
-0.4376803248374105
-0.9421571800516676
-0.8641551441052846
-0.06085037293579477
0.5404385484959964
2.3052621047000934
1.1331754920212713
2.75123678533313
3.623240551331891
2.797059378429577
2.2169881568293004
0.3188020437580788
0.27518245200249075
-1.0441581644909976
-1.0194179599844082
-0.930797806439502
-0.16336578767391127
-0.5414582536063856
-0.3472216874270626
0.7223849260084686
0.6073907518783902
0.46543084193635864
-0.2354717982747181
-0.6735963591821643
-0.8962295806363503
-0.662807139186139
1.5082731566014962
1.6039222791860528
1.4269183304341777
-1.0450278019734203
-1.1560824545570298
-1.1038344757291625
-0.666862553398615
-0.45536295372406715
-0.5145214664725568
1.2937260272015882
0.0626963879807275
0.02483253603560886
0.6535770561542311
0.7674836894170075
1.0752686583543325
0.9204724695681857
0.4072904816168602
0.47409621461975104
-0.722206469225146
-0.6161869443474428
-1.0681138916028001
-0.9229160823167099
-1.1954890492081593
0.08299509778113803
0.5914695504280781
0.5698997542469529
-0.8356138962504195
-0.7938800726877402
-0.5199388959022121
-0.8995204238123647
0.3665974550369527
1.1639946323176016
1.7068498625943942
0.014689676353035044
0.021991863353173876
-1.0955288379814863
-1.118307014531171
-0.39967069798107036
1.5895137761628249
0.3597700629330806
2.6767931758434105
2.254241320249925
2.400588385227634
-0.015035157684876522
-0.7874370076302275
-1.389919933309951
-1.3544829147978064
-1.1873317405704498
-1.1034642159851686
0.026543205462418912
-0.829513973373998
0.3071250314124736
0.7874367961297885
-0.14221964817701707
-0.04376294720725375
-0.30171942758216186
-0.8856730282891307
-0.047584982641256574
1.1610239520262169
1.4455477247901676
0.5267842078230661
0.536846375664706
0.40939255344720343
-0.5475742716167662
-0.5811055564132447
0.43926479073220515
0.30615575204307804
0.44361941759512735
-0.8305703215866993
-1.2745989612698074
-1.20127981640565
-1.409965037163672
-1.3675710460776191
-0.9665817342378273
2.493975348791348
2.396314185794822
1.047384018882071
-0.6423527469468859
-0.9071979310060547
-1.3260417076305846
-1.2153273456337164
-1.0032078270794607
-1.1501321927504053
-0.15027037392203135
-0.9418434393261442
0.46761080146800893
0.34898852266385794
0.2585398036830512
-0.04096690307847956
-0.25835556201130655
-1.0743586080809917
-0.8414859378187948
-1.181618528608482
-1.2456227612378463
-1.1966903009830387
0.4700179583350665
0.36131680282845335
1.0532681591362147
-0.2501342072845841
-0.1649646073870984
0.6884820272530966
0.8597370567319831
1.1017107754630142
0.23536071032719702
-0.7906203076793691
-0.6626630912194761
-0.17123526460766111
-0.012047868821928064
-0.15816687283688727
-0.4097338538709741
0.20292226195328278
-0.6031218718121004
0.8367229273383147
1.1277166353903803
2.514004821437793
1.0475666220434385
2.1385166131011215
1.6458906650200256
0.9235262377412198
-0.09965111894514865
-0.696047851501214
-0.7339527238646136
-0.14232498652815131
0.05067169414360163
0.3261400932011802
-0.991421648635585
-1.1616313577877222
-1.2244999759498112
0.19638750498406718
0.6412061898397703
1.1764197550955204
1.8966382524524192
0.7504603799068629
1.5120771246384976
0.13221740529830797
-0.8441342065983322
-0.70228914024354
-0.6832583295059164
-0.9308941325127902
1.039894030316419
1.0977697355025466
3.3890473789644986
0.7998423983078785
0.1445857367907314
-0.4129880382266036
-0.7924045359959606
-0.779159632038917
-0.501339959496765
-0.5194281152332357
-0.3303628218299853
-0.100583542004507
-0.6609504209085032
-0.8918458573960142
-0.2971586214684838
0.5785148468493994
0.005885427816746586
0.39240999197625703
0.141161319847486
-0.000653409478227044
-0.4357359969127337
-0.46909031965089687
0.21200877344301913
-0.550791051532942
-0.6553843484602736
-0.9270248251075106
0.38833365750800364
0.2247769447213096
0.029782219958270597
-0.3332689740225031
-0.9924779627950103
-1.0238250573943855
-1.1037541922807819
-1.1757780139519878
-1.1173927206177232
-0.532845821752539
-0.4363815461659602
-0.8618125275222122
