546
-0.8070000009382098
-0.07372938165212911
0.4042108678667719
1.1247493362329855
1.54417825380322
0.6057625439506743
-0.5942343209430392
0.24030908714438742
-0.3426486450887754
1.711908715213012
2.272082947579793
1.3726854203507224
0.38399127441797276
-0.799222665726328
-0.8862480699386157
-1.1988483435149027
-1.3731633251538484
-1.4209688214877563
-1.4284431516390719
-1.3746962045232838
-0.9491646180140805
-0.5688687987442398
0.2873910898145908
0.6551132839864782
0.5183014685931494
-0.35420610895835236
-0.8349971942722052
-0.37873327390430345
-0.7038384447253894
-0.4118473269336949
0.08828453409696614
0.5203376114395876
-0.2472623598982614
0.6114463613966651
0.3400731510618079
1.5065274707604717
1.3718163195848672
0.7029550166725711
0.41017592130661984
-0.3904185596501533
0.07731890351337778
1.7387270934249779
0.7581334515373933
-0.965064451450876
-0.9162787319910953
-0.6985110656537953
-0.10730755912825292
0.19989416472565497
0.3877361510139387
0.40741930342604427
0.23784685809976908
0.5472299337730997
0.26286187110254605
0.46631948083242847
-0.19712445995539984
0.557486760498977
0.024745240759080186
0.49823369011926705
0.46229310075245905
0.7532037396045775
-1.1935479923633343
-0.37184729206563794
-0.6378281197493757
-0.25305658889950794
-0.48029293991902217
-0.03943248919987092
0.23408456283752452
0.8900233386301334
0.8374920515496526
1.9182988556770368
0.3966566921144585
-1.2036296553180663
-1.5017439584198329
-1.154133118531101
-0.9603752827218395
-0.5681475040701476
-0.14051016614554138
-0.6072389849358253
-0.49943063572368557
-0.5862997669618287
0.2892500623985953
-0.45293566771539223
-0.5056655927359799
-0.2750323089771725
-0.4704032160358578
-0.2942509628678475
-0.411031845036296
-0.4024842918341056
0.4830852298325484
1.1142262312480933
0.13730628299637077
0.7215346234004042
0.09550311938610186
-0.6470807710963925
-1.1510426447638245
1.5782862790622356
1.5752643080647413
1.1324902334759734
-0.6998618168599832
-0.8456523275024243
-0.8971004534989847
-1.1770352961184773
-0.17041647603142085
0.3854694912033744
0.027211275662228453
0.9531514280740871
0.8435522926492255
0.2855415062976067
0.4668640858708352
0.07953944367750415
-0.9576378181585152
-0.8558810493876928
-0.30231157542406223
-1.0501886375581115
0.7466719196374599
0.6509193372882272
0.7059912697476303
-0.10124385243811088
-0.1709159939658306
-0.09360391555950008
-0.8183845462762648
-0.7535141161938326
-0.8799507075151008
-0.6030071157172994
1.1298483738419145
2.214429790998888
2.0547487787034737
0.9954519334402866
-1.0471706454101188
-0.9331994071109766
-0.14504515148433877
-0.19605702577053108
0.41880379100018467
0.03561400220497498
-0.5933800132057787
2.6091046857762192
2.0165005700167073
0.10452756633326235
-0.6858464900284359
-1.3319140380235959
-1.2738084200914186
-1.0925220429984928
-0.6693306728137802
-0.24299118925665766
-0.8373920549725893
-0.7283262065584628
-0.7112428175787211
-0.5729818838364152
-0.302641418365293
0.15033372898716396
-0.3218274713253091
-0.25994789415967734
-0.34724098230309985
-0.7262037906881273
0.16169652646390753
-0.6291857389817707
-0.4233450956541854
-0.3377233702002598
0.046501100146153065
-0.14736132145961392
0.03545550577823091
-0.2942511559545201
-0.20319397296864208
0.08590331713734875
0.8185044911701702
1.0694350059077469
0.1786014313242563
-0.7203845610822623
-0.15762702218766667
-0.32387227072705643
-0.7536133092864494
-0.21371283505914296
-0.26710390591482785
-0.7351376045071178
-1.1135314610220926
-0.9968734472843027
-0.006137056260331155
0.3211834887827244
-0.8812441352653136
-0.6862463155512094
-0.5637466326682375
-0.33229829443580106
-0.2513185849436564
-0.3172724332244115
-0.35842540928007943
0.055563449403754545
0.7444917088784001
0.5102545766332649
0.7088460014855893
0.3926905668177741
0.19804114416824947
-0.7558516932756273
0.4292718021403493
0.3523712233063112
1.5624982956035445
1.8318158609160597
1.113546185088128
0.48876316017815047
-1.006702918486703
-1.175272094459398
-1.4418450069747557
-1.456705062091564
-1.5644098203481631
-1.265693941079365
-0.4457884177163425
-0.5135278994055092
0.2926302130881861
1.2727142833437037
1.0316570523855535
1.1182294703641913
-0.005705435667524037
0.2850964319628505
0.8162477027160924
1.7417900143286826
0.6820985200008052
-0.30229697799530075
-0.595971762554194
-0.7122213743254955
-0.3390562850598623
-0.16020448391185357
0.6812897329062917
1.0979437672664005
1.0165289460640123
0.35965140783124105
0.0483660278133665
-0.10479479431193958
0.05979744059983467
0.4788904827570453
1.429669366117943
2.6257872524595687
0.35566940494217736
0.44006017481919396
0.004975405913864797
-0.2516182022782095
-1.3856058146586792
-1.3841207263440747
-1.3397155543484645
-0.2881285253145238
-0.5810974144502549
-0.21044324626057737
2.389409997290384
0.6475103739176368
0.2505198947889677
0.272727414391399
-0.383348803004164
-0.3223511722385423
-0.5582189273674916
-0.8637347834748285
-1.0996752863969648
-0.5491661900780969
0.9435778119686375
0.19777306771202213
0.45800300390275284
0.12089951122912583
-0.14321422881358728
0.09316830022086682
-0.2448442439012901
-0.1650273390998868
0.8757224368569758
2.7455506965790315
3.684984609377011
2.998946230899322
0.6461324665940409
-1.0929926611273362
-1.5032955734739344
-1.1423729465671715
-0.9675763981017843
-0.668530541906226
-0.3957907221609764
-0.4826700825371487
-0.9150166542242427
-1.0076149298426897
-0.7951663462783537
-0.10732687341591801
0.5065392841246203
-0.1359686191928975
1.8011402774341014
-0.9903107749813916
0.821995499256217
-0.07499630916441655
0.01338951420834742
-0.363223509362822
0.1938947096483887
0.6199428544513728
0.4321181089390703
0.8573225146839817
-0.13439360188861602
0.12844139910485491
-0.4549535137539921
1.0871594516368583
0.32368453555464516
0.4818651187786451
-0.5224418016744238
-0.6542770658444608
-0.6377961406076996
-1.045964547201573
-1.0460676559193511
-0.9103754076017128
-1.054656399704941
-0.7887992679949802
0.9069572915561279
0.45571942425261697
1.770286696007969
3.151518715289293
3.852152662740443
-0.5355494948614938
-0.3837150185600766
-0.37707794950033047
-0.6733293970622543
0.27531273973218745
0.8243828114174747
0.2946556647813008
-0.11356587131815345
1.0415092423029668
0.7502391542464776
-0.10591445363765707
-0.5011344897548947
-0.340128854503241
0.9532363720159105
0.4598829695093141
0.884477414478384
0.47836653726084644
0.9921434716986663
0.614775864884711
-0.34034205115490257
-1.3200729810123017
-1.2539287328169169
-1.393337711388054
-1.020161965150909
-0.7042519199498165
-0.2358397360002698
0.08358918670481909
0.28126729222992153
0.33030570739951226
-0.7070916649978221
-0.7293544801687628
-1.181596105619317
-0.33408834111562324
-0.7233222098827592
-0.5741618698246448
-1.1119905000999988
-0.25933758258341705
0.3303593752940206
0.9255273178669636
0.005176985719077848
-0.7377675059733989
-0.5827205553589432
-0.2764373171641715
-0.6501005828798527
-0.9096390263776596
-1.0320315703000205
-0.03744260095131113
0.6421255249793811
0.3499264669842143
-0.09430616980502599
0.1348630858220768
0.6482677130730916
1.3187822707808188
0.01826357952619425
2.1224099528942304
-0.04924617547311075
0.17051534020816989
0.540052853479289
1.2058512073809566
-0.2510076199649977
-1.2300052701445587
-1.2430468322008796
-1.5237161769982146
-1.4373537999361208
0.030606218335928664
-0.27219776182455924
0.6116122964120893
-0.5931215214683506
0.41744402438280354
0.07871178973497718
0.5394144640778546
-0.4652601926085255
0.31476652904305347
-0.0718487692239221
-0.056552653606986816
-0.636952642135537
-0.7539233623571729
-0.9180231789276755
-0.2847043867214753
1.1551721451972319
5.438153739799038
5.314509662732569
2.157863083415395
-0.602561311302664
-1.2953559863739865
-1.2694740534174727
-1.1978033202335112
-1.0658569427430857
-0.9036711503446466
-0.4296635945433215
-0.6356538319515016
-0.41223664245488967
-1.3364271625601347
-0.497794301686534
0.33524864510752134
0.16557340884828703
0.20082225115833435
-0.8494072346509008
-0.7615719104069613
-0.7268344369497094
1.6143160649080064
1.7760380285903326
2.4768623382641906
0.3279131729617836
0.6222458769521051
0.4932892690961498
1.2543842913700802
-0.2832381088799155
-0.05091458088077789
0.2576211569892193
-0.9087292679452704
-1.2538561568731152
-1.4064008528588856
-0.4384875770930202
1.0279374251401407
-0.34729916727276655
0.33867961795130397
-0.48215843158236904
0.020546488380596115
0.6444711340537661
-0.3901187719926938
-0.8967073112418741
-1.2585343969355964
-0.8789016577008062
0.5881648498324357
0.7875880691993118
0.5161734182586641
-0.5179356970761135
-0.8711460546236205
-0.4148059870595233
-0.37444938258261057
-0.11714620338871343
-0.09974912714495329
0.07464234975757493
-0.060130530950282306
0.16232468825044466
0.7588663231051392
1.1067586880446834
1.0983966110038972
1.5378578323604313
0.00037075337892543506
-0.24199955972766157
-0.40251431967857665
1.0681207296653668
4.761172133516272
4.033000644721931
0.4653282240881821
0.9332152075143672
-0.39841104452204784
-0.09345859723696212
-1.0164960666188108
-1.180090595552006
-1.3069749370430412
-1.0796124312875006
0.24324525871162744
0.3385158430438619
-0.2897279534759135
-1.5698884355132672
-0.4001155546933618
-0.7773128975281679
-0.6441485190501567
-0.8158726902476204
-0.462197474813826
-0.49961143948923087
-0.6510433436875283
-0.5362860300178227
-0.49530131573171343
-0.8227337908057251
-0.1563566796836955
-0.5843705046655975
0.0827597179084997
0.07080827729858512
-0.5434401155101719
-0.5051988422950889
-0.08839397980343117
-0.590272912714243
0.7917289820253011
1.096191067834953
2.4932195951341214
1.7459685574084804
1.9867621647442435
-0.43393762988508483
-0.7521150792553993
-1.0783895191005088
-1.4087729696652338
-1.6145827382338889
-1.1078268220189276
-0.685956823530545
0.6076979270439206
-0.04277421375781807
-0.07025285700567677
-0.8406564076678643
-0.949675329897362
-0.30236995705510694
0.2960841261730135
0.6557719039875394
0.807791265292361
-0.21152966459684744
-0.7526471740931635
-0.5042392641336799
1.3307513312094492
0.8154446412883166
1.9311756811956564
-0.40169927027247493
-0.172232595253113
-0.21677981279319078
0.2746656756431645
2.1678954769657603
2.394918987815763
1.5191764241591295
0.5935975357291877
-0.38696779209623083
-0.7518399454252584
-1.2557949028945836
-1.3576829562217354
-1.0330242186465655
-1.2048186161149197
-0.9961610995774419
-0.2579628591794689
-0.016445582011741365
1.054255684583988
0.3491182653516517
0.9528664029151463
0.002863533628889942
0.802936724441511
-0.0329006114250968
-0.38232734668184726
0.050891117909276785
-0.4269203836476799
-0.9309143679545011
-1.035862601531272
-1.2378338574972119
-0.9145825450995321
-1.1321370485134241
-0.8718987729312931
-0.6812037271977189
-1.3323455398164996
-1.3860879852581902
0.25239335853493094
1.2887041866849855
1.6505279788185088
