546
0.321191
0.51251
0.519064
1.60046
1.75891
1.39983
-0.411459
-0.10974
-0.157657
0.80626
1.22832
1.23745
1.71793
1.05146
0.958181
0.0741781
-0.485236
-0.830158
-0.403495
0.136136
0.42423
0.547953
0.685651
0.902371
1.43391
0.574637
0.36523
0.658507
0.353211
1.03275
1.6992
1.92074
1.29527
2.05967
2.02924
2.26913
1.79794
1.74586
0.694544
0.212667
0.274947
0.421389
-0.00640453
-0.785769
-0.320167
-0.082475
0.653317
0.962135
0.778128
0.412118
-0.213465
0.345583
0.404819
0.945586
1.37798
1.63367
1.39767
1.7367
1.47579
1.69325
-0.317086
0.0669747
-0.0195837
0.397698
-0.048467
0.494622
1.02056
1.31365
1.04419
1.63026
1.32862
0.0827996
-0.0411735
0.0259848
0.116799
0.40658
0.191055
-0.384609
-0.416226
-0.0800271
0.714194
0.294193
0.31559
-0.235844
-0.0169566
0.697184
0.680919
0.520033
1.17365
0.901419
0.156165
-0.398844
-0.413558
-0.944614
-1.33876
0.760727
1.57181
1.77945
0.472641
-0.372406
-0.456048
-0.322525
0.815397
1.28708
1.41785
1.55123
1.02474
0.697696
0.130162
-0.150648
-0.839595
-0.438673
-0.255846
-0.885209
0.846849
1.27262
1.521
1.66398
1.76456
1.03769
-0.299727
-0.582964
-0.483537
0.14223
1.50684
2.19891
2.11274
1.52878
-0.048008
0.500935
1.06833
1.09861
0.724981
0.502523
1.01246
1.9972
1.33305
0.0281538
-0.837868
-1.07231
-0.555049
-0.534909
0.385066
0.819308
0.772937
0.201141
0.157262
0.561158
1.01781
1.65197
1.71283
1.29717
0.958825
0.626027
1.02732
0.0533672
-0.0353987
-0.425068
0.954799
0.948409
1.02264
-0.185179
0.475899
-0.0763296
0.73857
1.39279
1.51403
0.720956
0.790597
0.375412
0.0841459
0.638546
0.436768
0.307584
0.166728
0.618765
1.13946
1.13769
0.496289
0.733988
1.02493
1.10439
0.0222611
-0.0511461
0.251131
0.489507
0.949237
1.11288
1.87383
1.64125
1.41116
0.0938072
1.32706
1.00567
1.56333
1.91851
1.19107
-0.286781
-1.1679
-1.59962
-2.06612
-1.8169
-1.52732
-1.17034
0.0876291
0.189298
1.04713
1.04357
1.36134
1.80983
0.758577
0.828411
1.10264
1.37454
0.117816
-0.179981
0.00368553
0.316466
0.869101
1.39488
1.63519
1.89674
2.32596
1.38089
1.38025
1.28346
1.11403
0.743649
1.23962
1.50755
0.482116
-0.22644
-0.525165
-0.131142
-1.50558
-1.2428
-0.756492
0.29639
0.796087
0.834019
1.24114
0.79818
0.589796
1.14796
1.2931
0.636161
-0.50595
-0.76471
-0.738537
-0.155969
0.802665
0.765606
0.643472
0.090599
0.103338
0.445935
0.215549
0.176287
0.807264
1.91474
2.27487
1.37783
0.0425353
-1.17021
-1.67334
-0.727159
-1.00494
0.442075
0.447951
0.990828
0.791838
0.660106
0.69962
1.32989
1.33653
0.391486
0.473438
-0.674115
0.533423
0.220597
0.270948
-0.219713
0.928126
1.51673
1.6022
1.76273
1.40964
1.22371
1.40344
1.67619
2.05725
1.76736
0.748249
0.514348
-0.427204
-0.823474
-0.930894
-0.363105
-0.468426
-0.214436
0.656981
0.891397
1.45544
1.66296
1.59011
-0.3313
-0.281115
-0.0372405
-0.0596189
0.516551
1.35868
1.32528
0.548627
1.11751
0.686315
0.68818
0.628116
0.630361
1.2056
1.65124
1.79094
2.16978
1.98966
0.541981
-0.858809
-1.73008
-1.95468
-1.14618
-0.843989
-0.150666
0.563844
1.46136
1.7191
1.17478
0.335725
0.36736
0.179344
0.769244
0.476308
0.473897
0.169383
0.802784
1.05488
0.880688
0.749575
0.576597
0.739463
0.255219
-0.187299
-0.931049
-0.973972
-0.0379584
0.866666
1.248
1.43565
1.75445
1.61689
1.48434
0.810139
1.32647
0.422678
0.40515
0.458796
0.216344
-0.812847
-1.06484
-1.06069
-1.34179
-1.3725
1.04711
1.13126
1.21163
0.293451
1.1667
0.789625
0.481834
0.373631
1.00769
1.0629
1.12283
0.421158
0.653163
0.779784
1.22078
1.65612
2.65368
2.46717
1.15607
0.545344
-0.282553
-0.415133
-0.412758
-0.0736525
-0.0705982
0.421277
-0.350612
-0.684222
-0.891045
-0.0998821
0.681283
1.13993
1.56506
0.897837
0.398948
0.311644
1.66659
2.37404
2.32504
1.38207
1.45227
1.67537
1.57992
0.396935
-0.274083
-0.281763
-1.36502
-1.32393
-0.690844
-0.0568869
1.0515
0.866799
0.791815
-0.619709
0.00659942
0.924052
1.0303
0.311848
-0.483122
-0.106332
0.717787
1.32819
1.3161
0.610451
0.623829
0.54751
-0.626541
0.285622
0.420701
0.717873
0.654594
0.724133
1.39396
1.8401
1.8096
1.76715
1.27379
0.65179
0.0107421
1.27065
1.99027
2.16596
0.128662
0.328921
-0.0767114
0.0314246
-1.41362
-1.54928
-0.860621
-0.924176
0.991991
1.37662
1.18733
0.100708
0.477032
0.256358
0.434955
0.339
0.948471
0.250462
-0.37139
-0.945786
-0.504032
-0.854853
0.044042
-0.238929
0.1327
0.0857351
-0.345509
-0.401428
-0.0417558
-0.308844
1.25202
1.59556
1.94542
1.58988
1.949
0.651153
0.912157
0.364035
-0.222277
0.0299888
0.343553
0.901698
1.32113
1.46881
1.51333
0.628941
0.586277
0.815694
1.39341
1.56337
0.909046
0.276497
-0.508184
-0.897148
0.800773
1.05695
1.51576
-0.301454
-0.101004
0.467684
0.428376
0.983348
1.5783
1.9753
1.56789
0.342156
0.244545
-0.34155
-0.538685
-0.03361
-0.147608
0.253763
0.26189
0.425947
1.13596
0.796284
1.7273
0.874261
1.26498
0.712064
0.439436
0.778108
0.555009
0.10817
0.0258525
0.148524
0.449511
0.41707
0.451032
0.742912
0.303815
0.136852
1.52589
1.81566
1.15725
