546
1.71233
1.3301
1.36973
2.18686
1.91663
2.45664
1.71475
1.79531
1.57143
2.93644
3.29852
3.3172
3.21832
2.57498
2.64436
1.18844
0.642332
0.14213
0.102049
0.271234
0.334406
0.365884
0.533764
0.218422
0.367512
0.201128
-0.0463762
-0.150507
0.195336
0.2352
0.305052
0.138319
-0.163603
0.00175184
1.08119
1.37304
1.23901
1.29323
1.7676
2.30281
2.21122
1.72082
0.704955
0.424492
0.323461
0.299471
0.159923
-0.156433
0.252169
0.146144
0.244252
-0.046866
-0.476397
-0.473204
-0.198637
0.41618
0.797543
1.18038
0.988202
1.20906
-0.200605
0.184606
0.528026
1.75305
1.70736
1.75839
1.27137
2.72813
3.07834
3.04457
2.73032
1.40442
1.19612
0.856121
0.275215
-0.0349418
1.41068
1.78903
1.68035
1.18296
1.11717
1.26038
1.26256
1.25411
1.36164
1.20737
1.11881
1.24555
2.01456
1.96909
2.24482
1.27958
1.07808
0.324914
0.205259
1.86676
2.09427
2.07769
0.412003
0.137401
0.0894173
0.37542
1.74844
1.90679
1.71309
1.79917
1.93477
1.95807
1.0429
0.205564
-0.125583
0.0232574
0.752301
0.421658
-0.522718
-0.541802
0.462059
0.507939
0.368034
0.349652
0.432279
0.443101
0.163876
0.331787
0.419538
2.77478
2.94345
2.87768
0.0303097
0.353161
0.140845
-0.136863
-0.408867
-0.269933
1.69291
2.86199
2.83044
2.86638
0.919395
0.349035
0.30619
0.155915
-0.533206
-0.374175
-0.437796
-0.214467
-0.529828
0.0510864
-0.0854877
-0.225856
-0.447251
-0.20447
-0.337018
-0.3978
0.402267
0.377274
0.473267
-0.53464
-0.347538
-0.319778
0.20761
0.123245
0.502426
1.02548
2.21631
2.4402
2.53295
0.445752
1.25144
1.17241
1.03615
1.29315
1.3037
1.16429
1.02048
0.398869
0.366373
-0.22304
-0.306681
-0.408183
-0.396894
-0.354961
-0.523042
0.103139
0.138051
-0.0271558
-0.266418
-0.567324
0.266214
0.512066
0.339576
-0.163158
1.07656
2.21759
2.97076
2.70665
2.69905
1.1311
0.491408
0.363798
-0.203401
-0.00048606
-0.161117
0.00514894
-0.0439698
0.136824
0.484697
1.12718
0.677012
0.674178
-0.238989
0.951731
1.13538
1.62428
1.11057
0.915098
-0.167464
0.95514
1.03754
1.00246
-0.361069
-0.30808
-0.0503809
-0.255229
-0.0469514
-0.427403
-0.0520908
0.30081
2.47764
2.52047
2.5122
0.521556
0.0330364
0.273244
-0.410214
-0.594054
-0.504173
-0.232766
0.417184
0.167619
0.336622
0.114182
-0.0385332
-0.188978
-0.284801
-0.122358
-0.322182
-0.334165
-0.231839
-0.172092
0.174652
-0.163278
-0.13746
-0.188498
-0.128327
0.0694523
-0.0188383
-0.00212209
0.227932
1.51454
2.711
2.8268
2.66698
0.0114262
-0.441888
0.245922
0.454272
0.425101
0.256986
0.117443
0.013546
-0.15128
-0.309202
0.276917
0.52611
0.36712
0.800565
-0.0942126
0.45318
0.434401
0.257417
-0.368233
-0.458571
-0.468557
-0.502556
-0.436365
-0.284222
-0.504901
-0.175662
1.25046
1.59703
1.54493
-0.561766
-0.516633
-0.652785
-0.749793
-0.762555
-0.560346
-0.495625
-0.439801
-0.465031
-0.661337
-0.275585
-0.307103
-0.406529
-0.444866
-0.522924
-0.532388
-0.508159
-0.40337
0.107572
0.121812
-0.654559
0.667581
0.504369
0.144587
-0.39524
0.299382
0.198002
0.171853
1.88371
2.55376
2.48018
2.12989
0.159417
-0.417674
-0.255937
-0.0761365
-0.0990299
-0.099109
-0.274429
1.55661
1.47083
1.5017
-0.38146
0.286182
0.520375
0.341753
-0.645346
-0.471794
-0.708413
-0.672399
0.741841
0.918969
1.05882
-0.513314
-0.559682
-0.732332
-0.620896
-0.688741
-0.418683
-0.613164
-0.180687
-0.197602
-0.41975
-0.242408
1.00024
1.17727
0.94961
0.911703
1.40918
1.5501
1.74965
1.49295
-0.0558879
-0.0688575
-0.487681
-0.387777
-0.36019
-0.0131589
0.0801332
-0.0626822
-0.201563
-0.0355187
0.464441
-0.187247
-0.383366
-0.50622
-0.523714
-0.360046
-0.249404
-0.24696
-0.485742
-0.443218
1.02631
2.95651
3.18821
2.98965
1.89459
0.443415
0.0911053
0.0641846
-0.283957
-0.182587
0.520097
0.348241
0.309535
-0.701223
-0.598371
-0.494831
-0.518964
0.010265
-0.223397
0.118336
-0.395211
-0.0191023
-0.0109009
-0.0595849
-0.388909
-0.190047
-0.307094
-0.240586
-0.225445
-0.0410394
-0.248929
-0.43019
-0.45833
-0.441048
-0.437125
2.19123
2.30381
2.20665
-0.0613953
-0.0988107
-0.445329
-0.369458
-0.318817
0.0529927
-0.269613
0.226684
-0.333919
-0.154484
-0.132516
-0.538945
-0.572025
0.0452426
-0.079841
0.349981
0.000759184
0.171027
-0.144257
-0.289683
-0.405189
0.0881474
-0.0847406
0.130449
-0.662743
-0.523267
1.34154
2.32018
2.42797
2.3167
1.45612
1.63447
1.27953
0.261344
-0.454449
-0.0477192
-0.254974
1.64963
2.01956
1.97776
-0.414199
0.652811
0.82921
0.735801
-0.311399
-0.0692658
-0.0812575
-0.168326
-0.0368566
0.276446
0.199742
-0.268091
-0.213759
0.043893
0.103528
-0.42772
-0.466814
-0.423327
-0.364839
-0.199766
-0.225871
1.768
2.12837
2.34526
1.49499
1.5628
1.04109
-0.515881
-0.361394
-0.399918
-0.510863
-0.607135
-0.561807
-0.484664
-0.256711
-0.194055
-0.518426
-0.227974
-0.0806261
0.0564121
-0.304404
-0.165337
-0.137653
0.815666
0.537494
0.612092
-0.0857423
-0.283836
-0.342608
-0.310472
-0.296536
0.804596
1.56482
1.95439
1.7375
-0.125014
-0.106942
-0.774601
-0.181818
-0.0787267
-0.256384
0.513367
0.505562
0.558414
0.475226
0.579933
0.10097
-0.0125604
0.489748
0.735893
0.546889
0.671941
0.942131
0.628504
0.525605
-0.111237
-0.397441
-0.310527
-0.224949
-0.17123
-0.389958
0.372652
0.370109
0.831933
