546
-0.735379718972295
0.590082251291049
0.896721740340987
0.8973771050696426
0.6064598612936093
0.5438377415465759
0.29482989055004116
-0.7374767167994475
-0.9927342726341077
-0.9467533759184695
-0.49363600163120264
-0.5904913756440925
-0.661617214811007
-1.0483549669695242
-0.3364319259601333
1.0923060534719335
1.0052476311661558
0.06476964305054593
-0.8651757764561636
-0.6708914147156692
0.2886345924883023
0.6603820934519893
0.23361247357013007
-0.05043209420752562
-0.4132265273880822
-0.44408023228456256
-0.4791898754842798
0.898681601974556
3.0566473306908133
3.443865184706017
2.0966376203811103
-0.48163536318654976
-1.0116236984068163
-1.3203026599049568
-0.645387559859293
-0.6107568027278054
-0.33270473639084197
-1.0120425984685193
-0.8813725508645482
-0.8241427695085229
-0.7202270755020043
-0.777639328951834
-1.1673699165308216
-1.042259684877721
-1.2903908355430855
-1.0568998826291858
-0.8131132515289631
0.619473154691154
0.6648223551663929
0.4301086975469955
0.49425586752273476
-0.06708069756895739
-0.334280867886559
0.25455040526353184
0.20784079286765839
0.0023607111865040385
-0.6462451688424209
-0.16003782142983947
-0.5542915764682558
-0.4265259531446252
-0.859133596696095
-0.8819074054600146
-1.1156518528311743
-0.789881827472334
0.028665673398048912
1.0459232637023521
0.43413236682135903
-0.3125715332795501
-0.6319213226631784
-0.08510441856766376
0.1715096024442332
0.5138465607142664
0.23036339256703567
-0.6074120513494135
-0.6885325652479257
0.4283142515438326
0.49740896940998797
0.34559338042912546
-0.17826624918698028
-1.1183811208426235
-1.3979611995211525
-0.961320932239494
-0.7404920752709053
0.04326229025163771
-0.27660560473514806
0.09555181502348269
-0.7303538490181402
-0.35492129533127126
-0.26696906538794624
0.39689357768107464
1.932265772892776
3.07582843230716
2.526118315502515
0.9687647071075307
-0.7921329362153476
-0.2789826134177947
-0.39997511374696637
0.34404132421266925
-0.11697137963657629
-0.41104774116124554
-0.7186266584840382
-0.7341523817255516
-0.2674483300840927
0.23712329848033992
0.8055810905908439
0.09656460542663584
0.5412393025616768
-0.07545226955146604
0.40201404685886827
-0.7833931918892739
-0.6155933612570549
-1.006387486585093
-0.7500422393067413
-0.954880134703527
-0.3098644687534508
-0.2458129510522926
-0.3650317964759865
1.8543616159516134
2.278619164961603
1.952093608913991
0.41787922390818044
-0.7607782464705715
-1.1089180462173391
-0.6553254848879531
-0.5165565597791902
0.030857134855591033
-0.3280205407562281
-0.8812308697513672
-0.5781167208560215
-0.4322149291307649
-0.9518069800896356
-1.0867599521854105
-0.9772675892375193
-0.4483711191251588
0.7947347171218346
1.0220541831622563
1.444883298394713
0.3948868376815394
1.644606055399154
1.461087715789281
0.9183459340951868
0.7975739447526539
0.22383314981678937
-0.19127200090749485
-0.4999266207353629
-0.021548447243624272
-0.07424755326324602
-0.09152890432598244
-0.5319099768590141
-0.5300749832820658
-0.24014287766934128
0.1240872769611405
0.053455668382424645
0.9799859598030488
2.1282047230384276
1.876416812090358
1.4766903364942097
-0.27070457619716753
-0.9928694391817375
-1.1918971781442318
-1.6073047397618685
-1.180849536716597
-0.4723387117832891
-0.6388490297772295
0.7822175209371155
0.8556883585218691
0.925485986745322
-0.1760116625997057
0.08144306001111241
-0.18323681401992373
-0.24032996700150064
-0.253894825302355
-0.03885603976330116
-0.3345757689760771
-0.4183382303192222
-0.48781628766903196
-0.07622650546463754
0.2590409815893639
-0.5145174170824548
0.9506222443960934
1.1215420821468909
1.4581088402725433
0.36869627049231257
-0.29629376122248524
-1.3908568062845688
-1.3316811429646631
-1.1945320851070023
0.054155005505788466
0.3830103290442192
0.8847320412557345
1.0866232754357779
0.7640173365201872
1.2413058822970386
0.8706210131969604
1.191297141926249
0.26906553599775224
-0.042430972388494574
-0.6912958650010596
-0.20373812134765437
-0.4430956201587753
-0.4384349982257272
-0.0887811010664911
-0.5436433047118588
0.11202291226265489
-0.404393532053586
-0.14392532601415284
0.1275321487269751
-0.015537286775731645
0.13420951448739976
-0.571174319089596
-0.6880395684559367
-0.5725970780710619
-0.7502399349652283
-0.5229541398947407
0.1091699018427491
0.3805292097050159
1.205321597683698
2.739295850190445
3.7055540722249845
2.7903199129466656
0.251599116693503
-0.5697754430969478
-1.5119390792784
-1.4111360220602773
-1.6561833480200008
-1.755985177946774
-1.1698253691820661
-0.946637190197281
0.5072098076867887
0.38977191050284754
0.9227029697421849
-0.12850859017432667
0.225265675244336
0.07403548976451345
-0.22610071887421543
-0.8367367786582953
-0.9241747203439707
-0.9827238190811153
1.0346264587803948
2.0830715865389013
1.9335424477405325
0.29601911385680585
1.262286947249049
0.97518010958623
0.3116687653486525
-0.3517482958237621
-0.4469742249802975
-0.3966615083994594
-1.0537859555533962
-0.9438187303028056
-1.2194030368538218
-0.8069275164726506
-0.3983949428796349
-0.6431752731482104
-0.8653982773452693
-1.1902890726578983
-0.3267301310447999
-0.5190150992865428
0.00880431712020894
-0.6329869922843688
-0.4930728297609142
-0.6328528239518056
-0.4751132996096418
-0.4912840641608471
-0.8117202670385756
-0.8240897497800898
-0.050124597193041874
0.7816088438715482
0.7617259403325322
0.2539590903775301
-0.9390360389157215
-1.171055704975432
-0.4698922422067717
0.7477730591149729
0.5266395303025275
1.0908446842511603
0.019418228401431637
0.5190477230859047
0.8852724080251083
1.5047855732722304
0.8982206019198475
0.9291104941195872
0.43925036262947914
-0.0034205575899567014
-1.1345048488108878
-1.3400327147573161
-1.539196908537092
-1.3658566465478759
-1.5030559643270769
-0.09328913718239736
0.19012119173491085
0.5587351832403599
-0.16640892480314542
-0.6493237592814909
-0.6746377116214418
-0.8950691197125177
-1.1014579583820314
-1.0806937316307137
-0.5336586536829071
-0.10424021756788451
-0.27645048364807534
-0.21801829558800517
2.128649993562986
1.5366494725862685
2.025772964839639
-0.40646588015745916
-1.059266892238479
-1.010137880969875
-0.5773470159301829
1.7879559666190505
2.41358951066159
1.7842755526482905
-0.20253015540823285
-0.8285893028113457
-1.048231431762613
-1.1560161477515734
-0.952609388021139
-1.3106018614865393
-1.2880363338635263
-1.2913336494802585
-0.3372864210425739
0.0024466304521420135
0.1910724611398085
-0.5834513276176054
-0.655816901011578
-1.286717457598911
-1.0857732996792382
0.04747067466167348
0.4627689787925451
0.2974714385687769
-0.8559167750625255
1.6221886555820584
1.6020945158415998
1.4212526180098366
-0.6411058754823107
-1.1719716918295486
-1.2331061367869818
-0.24865167511696243
0.563552693022202
1.2610811328086624
1.2288574142620912
3.434828660476127
3.8824108900625154
3.6491364991089186
0.9942369182705948
-0.7316836335779893
-0.7247420224983894
-0.920115652311886
-0.90069277983166
-1.3444678569327542
-1.374591929347748
-0.8081534220492395
0.050993005373345696
0.38246977597473925
0.08424186827361126
1.416145203732573
1.5818888081875127
0.6862650310761264
-0.5201080964932813
-1.163050713450534
0.12656336541999008
0.21039127818748007
0.6515532193884473
-0.4715071075415792
-1.3049042687667325
-1.1719634942990338
-0.8926697431664146
-0.517962550083887
-0.24514751542108648
-0.36476596663117755
-0.8507185164681019
-1.264443812380717
-1.1285237202509801
-0.9970454239295666
-0.20426014286705588
-0.028190078017810934
0.687669319522081
0.9674158173904795
0.44130328824700515
1.3316590969092528
0.9489665316968485
0.5599474181117222
-0.5122903255619512
-0.4746757447732887
-0.9873397890412148
0.9703129136274855
1.341811931269859
0.7275287884372537
0.2439452013680948
0.10026910432929435
-0.2086381717603111
-0.34399557822686827
-0.5958109717851487
-1.304750462247028
-0.7671104704817993
-0.822252933578435
-0.2802088831188083
0.03449679933099886
-0.18321567600134436
-0.08122334133483648
-0.7971728449354901
-0.6587772064777497
-0.6567881606224525
0.6596288994025828
1.8808392132360237
2.3846694737832252
2.0812522035300094
1.6626502946495971
0.3475249778237433
-0.1997019300009276
-0.17753407361633308
-0.19358622166195147
-0.13723598651397012
-0.4055013230767902
-0.44377163629732536
-0.25297276701039495
-0.09988983487129618
0.11215845783263538
2.03061705980148
1.5649462528443425
1.5323256032697925
-0.2650418114954075
-0.6884521121909198
-0.6622666854120237
-0.8467446781305822
-1.0092990661946792
-1.2559029935883135
-0.6164137473588869
-0.4405757135588838
0.08187619042631228
-0.05490280246742558
0.12293579282031995
-0.13968716247834426
-0.7543877852810307
-0.9988481803460278
-1.5555504279319732
-1.1862895674155332
-1.3432235241828172
-0.8722656055548893
-0.6695012948475467
-0.28679177164292413
0.15530214678833457
0.7843971725554975
1.5648800692418128
1.2914177773130544
0.9461783019601451
0.668470972834633
1.0311602676820568
1.2373915051750717
0.35231412639549514
0.03491036371571989
-0.36373954676678716
0.3343297299010046
0.5576725609081609
1.5760383227711294
2.2874794371948326
1.6847814730541684
1.1316078798798737
0.39103521322821017
-0.5071250980315766
-0.2102325250285452
-0.9789002544390257
-1.0818272232248267
-0.7293014986170921
-0.7627879433332515
-0.7091194895648618
-1.2440240904753685
-0.2002788225414295
-0.22163557174246104
-0.4213165797116874
-0.49162989006220226
1.9621508237608791
2.3556120782521917
0.9377947410013432
-0.5630209042780483
-1.1124204434346288
-1.3010666092300616
-1.6550245475920349
-1.3641776148363671
-1.492365111829715
-1.0116822586297447
0.20381940897261303
0.6721746874323479
2.099029229927043
0.9319647844885928
0.9227642841631956
0.008059136838471486
0.02452674004790921
-0.639232594840201
-0.6556800219941354
-0.5344227547713375
-0.4437820731878978
-0.10516527497020893
0.1745700382915998
0.17242669169600883
1.2875640288259336
1.12491895273574
1.3928548622637953
0.2308425546366274
-0.09930653685714882
-0.49150639458028217
-1.1944399754740913
-0.7377143491921615
-0.6566780771758419
-0.2437171955660323
2.3670778755633486
2.60903711660887
2.045594406264885
1.235435982820076
-0.38239782114648163
-0.7792157587619911
-1.4416233001791237
-1.4688756983861482
-0.2508077798890465
-0.12616590670264924
0.02378575279967822
-0.5198184142361271
-0.38892153776151556
-0.6310024951856783
-0.741526003246377
-1.1111576623944837
-1.2235253998627655
-0.8356616823158697
0.7925571766633265
1.1959941237945433
1.745692532371934
0.977893296431625
1.469138381318935
1.6713205939219817
1.0787075257074537
0.4112878298626338
0.22563624330707507
0.05221653506033343
0.36774538559410447
0.3417841974809759
0.9372105156436575
0.8256289137687924
1.0456951304626438
0.6102453507015435
-0.04182102724241332
-0.2888487182941341
-0.8442599000418918
-1.0491012645275983
-0.8873331237186304
-0.37520749575436074
0.21986652789579417
