182
1.28898
0.80636
0.906215
0.817502
0.990905
1.38081
1.17643
1.14505
-0.227307
1.3732
1.21034
2.05735
0.553694
1.39194
0.589881
0.28085
-0.874327
-0.11598
0.342231
1.55755
-1.27787
0.0489303
1.07896
2.13784
0.891888
-1.34942
0.422017
1.87823
0.505634
0.186458
1.01602
-0.252738
1.18173
-0.170779
1.65272
0.580458
0.655363
-0.317253
-0.329356
0.587584
-0.620993
0.365831
2.19919
2.30756
0.102223
-0.10731
0.471818
0.546735
2.41807
1.05262
0.314526
-0.525908
0.782108
0.469841
-0.99539
2.38368
0.811795
-0.786158
0.658352
0.89524
1.66385
-0.560638
0.2006
1.63422
0.371362
0.279083
-0.422991
-1.72569
0.678634
0.323991
0.0596962
-1.04792
0.968763
1.13546
1.09305
-0.0435503
1.68441
-0.396942
-0.868214
-0.55058
0.747206
1.44413
-0.64824
-0.275907
0.0150936
1.63103
0.87684
-0.793073
-1.07963
0.161379
0.283326
1.89515
-2.03867
-0.750199
0.668452
0.0615693
0.407001
0.212704
0.517169
0.954396
1.23269
1.40003
1.00718
0.167123
-0.124818
1.10243
1.96662
0.644698
-0.0974909
-0.328964
-0.563914
-0.266326
1.0217
0.291634
0.69972
0.176336
-0.875287
1.36509
1.21813
0.661211
1.09896
0.818432
0.350673
1.50341
-0.509886
0.519257
1.41933
-0.15789
0.855827
0.863933
-0.170649
-0.573223
-0.854484
0.797244
1.77417
0.592269
0.296442
0.281741
0.142646
-0.766115
1.70966
0.449375
0.325347
-0.259609
0.886982
-0.140261
0.722295
-0.193731
1.37907
1.43716
2.31446
0.84751
-1.77131
0.524214
1.32262
1.64153
-1.07736
0.753045
1.25063
0.994696
1.39426
2.25687
0.632612
0.979024
0.619834
0.797002
0.708743
-0.986791
-0.812278
-0.324923
0.902887
-0.564368
-0.530778
0.416598
1.99321
1.11671
1.40804
1.18929
-0.140746
0.214675
0.727079
1.04445
