182
0.15693888944389434
-0.26216701755871863
-0.18043499118151077
0.20354979419721908
0.9546822852486632
-0.18658902160573101
0.27188899486420287
-0.3576908118629088
0.6232444209389413
-0.27185852178903025
0.09924498585944551
0.7083168756830754
1.7194298374474253
0.7716475314795473
0.19533478422193842
0.4266496581486692
-0.248083448387919
0.17831685868224065
-0.34960207292902207
-0.7599058120206409
-0.2852158337002834
-0.21175794083872637
-0.11434635734429191
-0.014865412914121162
-0.7831672439454617
-0.11830999125650868
-0.7930629677289843
0.20051816921133697
-0.4900713732489974
1.5266050741837283
-0.866442957153692
-1.011562135875745
-0.9313627829499553
2.363769751919363
1.1353988883016268
-0.016762502723157185
-0.17627240957359205
-0.7534129711254135
-0.011351645891182016
-1.330390636079331
-0.6884321777367948
-0.7859335043691849
-0.2919841404057528
-1.083416840341551
-1.1179804363108188
-1.133278043998605
-0.40930564903610756
-1.1469811367079872
-0.6611341194483359
-0.9515609586054123
1.7449590052006625
0.31931468767245585
-0.8114664086472932
-1.0846218401340562
3.894230120510836
-0.2683028009065567
-0.7015244226269917
-0.4572374532799517
-0.600743121902175
-0.3549425958957652
-0.9124514559399282
-1.2315724673916795
-1.0459757633755917
1.7064426442858711
-0.7283580805703113
-0.9124883237272604
-0.7080452674441847
-1.0938147212287546
-0.32554642630091696
-0.8928363867819133
-1.117611044930399
-0.29586758115290246
-0.7305591103654676
-0.5039620009726887
-0.44020257922047756
3.4477799632132653
1.50977011940096
-0.43602121329714144
-0.8842384255660286
-0.8532807853533186
-0.2808662681989845
-0.777512802405633
-0.7499335318355722
-0.8436683453229723
-1.0188723583215158
-0.5899184233062206
-0.8319773741274695
-0.7222412053143988
-0.05096002050068081
-0.8914572801092132
-0.8791221602713759
-0.38598301560477516
-1.0811962938671904
-0.09183128774201636
-0.9924513571317365
0.05723495624798778
2.6896765315406954
-0.5158885581732963
-0.16980662474260205
-1.0096285712617221
-0.6958104463791989
-0.2569836670098253
-0.9191932749888853
-0.6620413282597898
-0.7333339303655344
-1.0772604620298174
-0.9917915826611521
-0.5959428044915109
-0.782467865926934
-0.8073493467974489
1.0249754858520745
-1.0601844555579754
-1.1176113871762696
-0.91005347705779
1.6542533457725996
-0.7643259549298189
-0.6856614237040471
2.100293252248492
-0.6518329829082645
-0.21164659537657274
-0.8401621947878347
0.7994330987077461
-0.296935744207613
0.15530276647113625
-0.32425749966205664
-0.5795348630197358
-0.1998157545877499
-0.37995417581515073
-0.06353128453855673
-0.08960333431019857
-0.20200322453109468
-0.3507310495112805
-0.4410645734279401
0.14041954526100292
0.06685473548158706
0.3604816248171479
-0.4526544585456966
2.9280809446937885
0.8578675875763799
1.5301638510804676
-0.11811446287819392
-0.5370334708633488
-0.009732194460787982
0.09835380459176886
-0.017996223986554254
-0.29618131606163317
-0.3427643423638194
0.20838284308788005
0.14169028009884352
0.14158873739285213
0.33414638024859056
1.373809783728243
0.5141285982651973
0.669408063567989
0.6187819522568555
1.9915497385034442
1.5549410361421017
0.572876376190929
1.6529515681133542
1.5778576244732752
-0.3510859543922646
0.14890894801693144
0.9657757696191074
0.03683894185665353
-0.5810748001539084
1.4147278147507858
-0.10782791413027412
2.327686501729555
2.467484468627416
3.449527153389248
0.5235807603049216
-0.41137291475632887
-0.012530906916122228
-0.11170078943577773
1.0569727982427222
0.4101432739371521
0.7903673012264507
1.046353099142643
1.9311652941029886
1.1663074720945983
0.3037903634891209
0.09766624180127091
