546
1.20431
1.06272
-0.28331
-0.55358
-0.483811
-0.31415
-0.54613
-0.632834
-0.527847
-0.122025
0.00886496
-0.192185
-0.393835
-0.205331
0.509416
0.384882
0.494519
-0.0110451
-0.579503
-0.475462
-0.310301
-0.17209
0.0896552
2.67017
2.69933
2.55024
0.964454
0.313133
0.287811
-0.338771
-0.583854
-0.615569
-0.642699
-0.634084
1.31173
1.29054
1.07581
0.665586
0.518602
1.40723
1.14184
1.07383
-0.237266
-0.628986
0.0711
0.0776959
0.155618
-0.471576
-0.464756
-0.504223
-0.569126
-0.459109
-0.0411131
-0.253653
-0.00999252
-0.467532
-0.255908
-0.394985
0.114375
-0.0602297
0.0170122
-0.146565
-0.215898
-0.160467
-0.473846
-0.492899
-0.564772
-0.602357
-0.601618
-0.689502
-0.68253
-0.660743
0.147783
0.189925
0.142796
-0.360602
-0.353013
-0.332522
-0.541974
-0.60123
-0.253503
0.0500626
-0.0837847
-0.241483
-0.777984
0.0548524
0.0506505
0.266523
-0.16914
1.25098
1.72129
1.36811
1.1493
-0.147219
-0.658094
-0.689096
-0.524788
0.203909
0.146392
0.557458
-0.604785
-0.570478
1.35114
1.49543
1.39284
-0.259428
1.95327
2.18168
2.23419
-0.690103
-0.57082
-0.6043
0.0157307
-0.0553388
0.0154039
-0.584861
-0.25179
-0.157757
-0.170618
-0.224445
-0.577961
-0.608464
-0.401593
-0.388417
-0.326651
-0.396936
-0.597068
-0.759169
-0.693128
-0.675531
0.132131
-0.0346024
0.180344
0.30324
0.693287
0.635545
0.596875
-0.00533696
-0.512155
-0.533395
-0.569388
-0.507067
-0.488525
-0.524943
-0.237916
-0.291195
-0.466391
-0.416052
-0.447552
-0.540896
-0.346652
-0.173457
-0.0844611
0.10452
0.283433
-0.0291656
-0.489771
-0.511093
-0.4879
-0.489614
-0.699678
-0.525908
-0.105251
-0.299935
0.481799
0.572155
0.372071
-0.341853
1.08793
1.28223
0.615269
-0.0880757
0.258825
0.303781
0.307055
1.82406
2.75486
2.71984
2.68737
2.46565
1.47545
1.34577
0.649511
0.776452
0.082495
-0.00675344
-0.278739
-0.616281
0.848451
1.68198
1.61378
1.41562
0.546787
0.408863
-0.083382
-0.226745
1.04385
3.06455
3.06795
3.06074
2.51645
1.18696
1.43868
1.60545
1.55896
1.28315
1.24636
1.21436
1.16404
0.956996
-0.594427
-0.682726
-0.768628
0.411599
1.10609
1.24575
1.06819
1.63376
1.59662
1.52986
-0.0445013
-0.126925
0.363523
0.872482
0.867249
0.79077
0.750964
1.04313
1.63839
1.40053
1.60989
1.22388
1.14835
0.656757
0.621797
0.0639692
0.0451374
-0.0878048
0.642839
0.965133
0.718225
0.758327
0.499759
-0.266121
-0.109353
-0.838594
-0.587649
-0.597107
-0.169641
-0.211107
-0.0282054
-0.2265
2.83823
2.81736
2.64787
0.243652
0.0824677
0.300436
0.492206
0.622408
0.312128
0.219701
0.168323
0.15144
-0.0456617
-0.325876
-0.657126
-0.619527
-0.471806
-0.33393
-0.291672
-0.418698
0.17725
2.14892
2.39989
2.11394
1.14896
0.642043
1.39403
1.22773
1.03441
0.00681545
-0.0269588
0.0388424
-0.40992
-0.0683229
-0.235277
-0.157072
-0.0809445
0.37802
0.151528
0.210973
0.0481473
0.257327
0.185624
-0.0151811
0.05778
0.00130121
0.0867559
-0.421932
-0.325527
-0.156391
0.0509004
0.0932957
0.143128
0.297883
0.274884
0.157189
-0.540105
-0.420826
-0.25178
-0.197685
0.207856
0.228512
0.402532
0.175949
0.113685
0.0549036
0.660655
0.488597
0.297179
0.218206
0.790877
0.803381
1.2195
0.753769
0.839325
0.16454
0.184069
-0.149157
0.0650455
-0.0854218
-0.0633121
-0.488824
-0.510118
-0.550521
-0.661354
1.73103
1.88697
1.63744
0.685059
0.680977
1.45153
1.55931
1.39284
0.473819
0.360244
-0.124346
-0.27191
-0.504611
-0.459154
-0.252721
-0.0668201
-0.0767573
-0.356732
-0.159442
0.485858
0.596184
0.568386
-0.345408
-0.34196
1.81776
2.02327
1.91529
0.675281
0.0961615
-0.402324
-0.447352
-0.326467
-0.0952304
-0.193482
0.483028
0.896935
1.46138
1.9944
2.0291
2.00734
0.227834
0.0144348
0.287261
0.101776
0.0103552
-0.196218
0.645985
1.42919
1.70561
1.91902
1.47857
1.50915
0.810163
0.783061
0.366421
-0.566445
-0.405947
-0.472478
-0.28263
-0.38292
-0.223179
0.23286
0.145822
-0.0247917
-0.100093
-0.03168
0.152103
-0.13774
-0.524586
0.743841
0.743949
0.580075
-0.364329
-0.334295
-0.35151
-0.181113
-0.194733
-0.0686215
-0.0865206
0.113191
0.261397
0.89513
0.748733
0.788038
0.701284
-0.0600998
-0.166148
-0.0241128
-0.403145
-0.356629
-0.480538
-0.296205
-0.153323
-0.31138
-0.344027
-0.369545
-0.37986
-0.00925954
0.103988
0.396918
0.131187
-0.261748
-0.262269
-0.205859
-0.118308
0.31067
0.212907
-0.00505934
-0.387195
-0.570739
-0.175657
0.733753
0.756087
0.626252
-0.215302
2.37193
2.35211
2.35422
0.529371
0.616342
0.238558
-0.155953
-0.0827145
-0.0775243
-0.164968
-0.170025
-0.0473289
-0.0615174
0.466677
0.312263
0.65274
0.301337
0.196956
0.518894
0.299339
0.424774
0.380553
0.389523
0.29225
0.592306
0.533721
0.594629
0.321499
0.358259
0.664306
0.607637
1.9034
2.0821
1.82509
1.28734
1.23661
1.10559
0.208369
0.280998
-0.0802847
0.0302968
-0.0269866
0.386407
0.368195
0.160922
0.0875279
0.631817
0.958946
1.29681
1.73566
1.69478
1.56437
1.21773
3.26404
3.38682
3.20483
2.74689
1.4746
0.987569
0.410885
0.88762
1.10381
1.27477
0.732757
0.0688353
0.585959
1.51369
1.89512
2.39038
2.28337
3.10996
3.05467
3.13774
3.0438
2.76732
2.65409
2.69987
2.56295
2.71584
2.25944
2.63167
2.26308
2.61706
2.6081
2.5403
2.39291
2.15831
2.0463
1.7069
1.24717
0.678788
1.15227
1.2672
1.28555
