182
0.451058
0.326009
0.462215
1.3577
0.295119
0.937293
0.395056
1.32104
-0.0446696
1.67283
0.925675
-0.15023
0.848249
2.71221
0.443725
0.229228
0.86649
1.22523
-0.0340353
0.323794
1.84165
1.44943
1.69653
1.35862
-0.0746512
0.98636
-0.317961
-0.269348
-0.25083
1.86997
0.55244
0.229985
-0.570211
0.618487
0.451907
-1.10372
-0.316359
0.00452979
0.531682
0.808381
0.142099
-0.145582
2.17688
1.66728
1.23832
0.714195
0.930024
0.123721
-0.289069
1.12977
1.26439
-0.10651
1.7141
-0.50112
-0.966908
1.96691
0.439669
0.789783
0.725621
1.11403
1.05886
0.733586
1.04931
-0.226287
0.479944
-0.591147
0.352452
-0.634421
1.03664
0.267186
1.05711
1.50076
0.210341
-0.783405
-0.245689
1.52542
0.284308
-0.158588
-1.44236
0.0338335
0.598917
1.65678
0.144078
0.484385
-0.0560047
0.625947
-1.0153
-0.158054
1.11913
0.812268
0.0875438
2.30461
-0.0773687
1.61666
0.441818
1.76092
-0.86056
0.396183
0.688003
-0.956273
0.131649
1.80473
0.98652
2.25978
0.649427
-0.638656
0.192913
0.00416201
0.236515
0.145458
0.235015
0.20149
0.386595
0.603477
0.701485
1.24084
-0.654475
0.537683
0.488094
1.98166
-0.416179
1.42599
0.797308
1.17197
-0.408751
-0.0910669
1.23817
-0.642353
2.68878
0.667453
0.937728
-0.638532
-0.3751
1.54659
0.722745
0.418404
-0.011639
0.209571
1.1016
-1.69581
1.07974
-0.822893
1.51106
1.26214
1.28444
0.301032
1.93482
-0.0788693
-0.536816
1.22617
-0.760271
0.474772
-0.0133123
1.09491
-0.632319
2.21423
1.0071
1.60748
0.541339
1.41055
0.645221
1.58749
-1.2694
-1.22186
0.743392
0.532316
1.01819
1.46059
0.118479
0.14481
0.737833
-0.557288
-0.10273
0.591488
0.320893
1.21629
2.2017
-0.158419
1.62051
0.235146
-0.390883
2.02135
