182
0.116341
0.433831
0.963292
-0.515505
-0.961374
0.0759371
0.713082
2.2543
0.379505
0.506174
1.04089
0.111715
1.57006
0.749617
-0.122507
-0.666821
0.95875
2.18625
-0.400005
1.03819
0.493567
0.134587
-0.668561
0.383443
0.502998
0.160827
1.87331
1.69751
0.112009
-0.0132775
0.165821
-0.726005
0.205504
0.207813
1.39027
2.18916
1.23408
0.263769
-0.200517
0.551764
1.94351
0.260426
1.94266
-0.295995
-0.144082
0.360894
0.0484344
0.0661801
0.387734
2.10966
1.10363
-0.275983
1.39503
-0.068622
0.0417109
-0.153519
0.839113
0.192522
1.70228
2.0118
-0.568444
-0.351578
-0.30272
1.04259
0.0899981
0.0438878
1.69116
-0.350898
1.64742
0.230013
0.184735
0.783383
1.22526
0.39702
1.44087
0.0251571
1.83634
-0.332945
-0.846029
1.07546
0.0574301
-0.573945
-0.0799732
0.338437
0.678236
0.762199
-0.116679
0.105648
0.62393
0.419552
-0.0491352
0.980509
0.546922
-1.62422
1.23021
0.0361267
0.239583
1.29852
0.20713
0.141468
2.33261
2.57765
0.889571
1.32358
-0.498352
0.75327
2.02006
0.460772
-1.43052
-0.239049
1.61104
2.41554
0.601937
0.90108
0.925576
0.0968492
2.12312
2.90452
0.834575
-0.491238
-0.525763
1.3396
0.0492893
0.879782
-0.0104184
0.136475
1.52595
1.07958
1.31455
0.625587
-0.159179
2.19395
0.0986826
-0.101942
0.333918
0.113665
2.3468
2.05968
-1.53877
-0.252637
0.585658
-0.433704
0.587204
1.29597
-0.315317
0.230773
-0.155797
0.0188918
1.52126
-0.720072
0.103202
-0.0994985
0.499836
0.157022
-1.51878
0.736499
1.26858
1.31249
-0.208398
0.202163
-0.381496
2.32843
1.19667
-0.487982
1.04232
0.372679
2.16354
0.957513
0.181242
-0.68931
2.66214
0.49191
-0.229933
0.217207
0.322149
0.702817
0.327769
0.596696
0.633508
-0.245141
-0.0227423
1.12684
