546
-0.5642436844754581
-1.0984400849833158
-0.6979488904979166
-0.06851981153241173
0.23324974226247483
-0.050934773106704634
-0.9861224400392062
-0.03171752145276734
-0.1267548534274368
0.12916420004304832
-0.07447670442496895
0.6037727554662548
-0.4624817460843474
-0.9321621862487677
-1.42671402032457
-1.3701950021499871
-1.131485922270796
-0.987468506119382
-0.5319916873381213
-0.6013157003140631
-0.23041269270380968
0.29786365534766707
-0.1782940216166803
0.7683470636112658
-0.25919160317443657
-0.4524644532191177
-0.8793580349713725
-0.967002969242032
-1.1194749180737764
-1.0673381502564088
-0.6667102167730635
-0.8287117024141484
-0.7567002788312426
0.430666399389971
0.4916084606737427
0.24575775482004358
0.9719986625400436
0.9214118689032443
1.7909375748044833
1.0321528012881735
2.112727613739076
2.635863725003937
2.1075686123666104
0.10443206832625598
0.045568356197863646
-0.4254449853039164
-0.5838448312999922
-0.2729974410832953
-0.33603130582434193
0.05034342051269208
0.1109700572224653
0.3849626022184183
0.36700084345602646
1.3337930301691518
-0.4076061575521752
-1.0856567699822544
-1.2386624752826565
-0.8639651370390997
-0.8636213011280304
-1.0441708777964525
-1.0625758063153152
-0.25091680493575746
1.1464237292988984
0.7081164477232113
0.26462617283504136
1.2567768930672885
1.3816551581266892
2.279770853010086
1.2411226664936512
-0.058807948176186536
-0.2690581548587969
-1.0624401181495835
-1.2009817599311754
-1.3060493950366479
-1.203132063430398
-1.115516145164436
-1.2631892839842715
-1.2998807854404322
-1.034404461571413
-0.941073712632446
-0.9851682551164591
0.18825195628210803
1.971558276062492
2.1948885807181995
1.5519515541104174
0.09447437793666526
0.41547433229623837
0.3763307498295141
-0.5751329119334126
-0.7640063500842724
-1.1057278399838342
-0.9505428747243614
3.217887324283508
1.267070319701602
1.4823766879245202
-0.9981666365151012
-1.0290182199520541
-1.1951543226447894
-1.1782930887355882
-1.3025146814210171
-1.2219221956338755
-0.15592036016311447
1.4331377665142144
0.7775624852580215
0.10822001914445845
-0.933024085162566
-1.2106616551871847
-0.8237899128867963
-0.9389115809444124
-1.127572490228486
-1.352743539114419
-0.46854092094363087
-0.08516135822608605
0.06813273937821739
0.08560853001975968
-0.6667229967752254
-0.24979431076127304
0.019099551125771472
0.4716889841229654
0.1389548709525608
-0.2991501818014313
-0.017864871496094174
-0.07833676656149463
1.540713244663801
2.7069958649378716
2.3302027533532486
1.9739904831926824
0.7688150092605539
-1.3609001461946917
-0.44393050310525534
0.8656812894751302
1.6994751804946615
1.4648166568285985
-0.24441013419973076
-1.0669647014732049
-1.2645800590174516
-0.997292850462708
-1.0671925432253
-0.21975973501271634
-0.4948499182018489
-0.22091921577811294
-0.6047359012025025
-0.6666793148354485
-0.764566494477063
-0.2713707417126784
-0.3091130151087843
0.33818239325073896
-0.7356058782363689
-0.6228298589974892
1.393622788930242
0.3031069011239837
0.23801611752133273
-0.2923252546602469
-0.6372292518131653
0.4458569736897953
0.01351952685154303
0.2924139080489147
0.449670499188839
1.6312767779108466
1.3391676942944029
0.9875665460219479
-1.2510646404835717
-1.0306368397970678
-1.307741668327688
0.11567501902118849
0.7324709090701134
1.0181365788675698
-0.9740173798633216
-0.3263634731381779
0.2894191532132969
0.19683166384985007
-1.0246879554376846
-1.0507377987118713
-1.1919612030767661
-0.7490204191954151
-0.3605429386362199
0.46949183549783613
0.2749709003693738
0.2013919174812701
1.0032464057208297
-0.030894749040719583
0.5342768552691999
-0.38123085084647584
-0.24298080666277416
0.16322081877497663
0.6014407838551672
-0.9176022441271736
-0.1761792394557522
-0.11301758380603816
-0.18992298439697475
-0.7118124400963756
0.0753019413373649
2.7223939360110143
1.8126219197056856
1.6150649868592206
2.0806719657871344
0.38762423518029276
-0.892195721924059
-1.1773356226739868
-1.2582201687773753
-1.179909100478452
-1.2441706775797898
-1.2271225960880265
-1.1265225219461918
-0.16106592269928094
0.21153489823170202
1.0761082232883996
0.24589443279777823
0.9106262821029696
1.8241982473952738
0.24917217333089065
-0.5661789472260973
-0.29390039973896337
-0.09528585301197647
0.6883098969129466
1.3731292280523377
2.2669096775922473
1.298232320554051
0.6332414102609834
0.102933172287445
-0.5913595141863422
-0.5338402437538091
-0.6053033054172253
-0.22043959284643633
0.7399166566166803
0.18094468408239217
0.6126857525421955
0.23011710037947844
0.9815085396554017
0.3563744637839118
0.9952753905871357
0.17247828409132981
-0.11082642379838661
-0.9717175612319486
-0.7914508372486416
-0.28422332957521035
0.5375675682851723
0.3156724507468141
-0.38469372143029945
-0.8678719253265119
-0.691677298894133
-0.5328398920741158
0.1671742749083973
-0.20894863374067438
0.19208220654061578
0.08516260512580397
-0.22303084965843828
3.0892879663275763
2.250707417048688
2.087618520709046
1.3549667241357874
1.424779405654158
-0.34568738855972353
0.027531217206935667
0.39279356980597
1.8842155585426184
1.8593689576111727
1.8289901343493082
1.132560140643703
0.2311201512424278
1.126171837302622
-0.29259684155701227
-0.2514507643171497
-1.0805987408562359
-0.1857424874803293
0.32709309370147016
0.6467108809102501
2.360866690790172
1.5696837339416971
2.250268800720023
0.6288949938092915
2.454691003720941
2.1787328939982533
1.7908000808661666
0.6273998555432727
-0.0013364564309964293
-1.0686067302970828
-1.367555058457299
0.005604688883197175
0.8308198725366757
0.5895612974009834
2.6595134183463163
1.6939318334275277
2.4704147702634205
1.013642918978018
1.249003855109466
-1.2716807750074963
-1.1390841549738715
-0.9508926452178715
-0.24056679088623803
-0.7427826950938204
-0.8661183852389106
-1.2259074638786769
-1.1878712281700827
-1.1472509066445122
-1.1963321781330447
-1.1429711969363294
-0.5266926856682537
-0.09116327977066578
0.13865528604037985
0.6811580536671306
0.4987938768800828
1.5780365158592735
2.0900449387202253
0.44377319320344066
-0.10250682422132663
0.18792166848630315
-0.07519281069673191
0.4462920061084997
1.3331976975182622
-0.030093654176307
-0.2871356218715432
-0.6352225049243473
1.7663346947321885
3.089808659317441
1.900554251675852
1.6825416759917975
-0.238846250226503
0.006501549958511762
1.1163563947383053
0.9258363035248486
-0.024732662364601622
0.45124950574662165
-0.2551853421949012
0.7339254210860088
-0.08795583568699097
-0.5058035347375021
-1.114406652885653
-0.9370572506078616
-0.570583205596205
-0.639105252610608
-0.17353366447563603
-0.46731207791325335
-0.9060757719537945
-1.15937711412586
-0.925407797014191
-0.1119591268308514
0.09620665262884619
0.17758529301490794
-0.1405614777370074
-0.3280695193703969
-0.22225974485428418
0.166262288508764
0.9429650959021354
2.0147070842342085
1.7527163987204337
-0.3101327024258486
-0.5601494685044323
-0.9256584369484588
-0.7759733696665758
0.04992105600305745
0.15281281522234047
-0.39785247503639437
-0.9464251588053936
-1.2610143596154277
-1.046276356086143
0.3428205755030644
0.6506551798441387
0.3344157399468846
-0.6816817232275318
-1.0180731827968834
-0.08275516376940402
1.6337003268409478
1.1512209812430152
0.3477503982902175
-0.7317407564737374
-0.7018755035980362
-1.169951022011759
-0.7602673791021574
-0.20850798155370587
-0.02839116759403443
0.601332773201303
0.010774233356810752
-0.20938777176575524
-0.10515994048125017
0.4224568833235242
1.1387925364102616
0.9022803611440469
0.14819977635385687
-0.683223547935672
-0.596243802412401
-0.9237098488806927
-0.6512068787840394
2.122509410661822
1.0437440399571951
0.21937972693730806
-0.44399213436182694
-0.07468244356549734
-0.33181210298133923
-1.3435294327371976
-1.255284038502494
-1.1839391525858205
-1.0201217441959252
-1.2096368582385353
-0.3062084637557789
-0.6750467867355091
-0.2777335010877195
-1.2576918811066264
-1.027402932969858
-0.3910080112979923
0.04975575705194879
0.31134717390492334
0.5467709644542723
0.14763208001875316
-0.1294334182129609
-0.03402244251690542
0.05533571893949877
1.0179535289911466
0.3784978710936411
-0.26702590563395046
-0.33301493173482205
-0.6350624004670388
-0.8902671578086799
-0.38859054379287006
0.9972599667828721
0.30405637447271056
0.6166134874600645
0.7537010641793686
-0.052995212508689535
1.0745000031814715
1.080424653616647
0.608343775051623
-0.9976666805741131
-0.7810809286013332
-0.8681252946924529
-1.233247911273885
-1.412186687628489
-1.4892326673279852
-1.422849866035542
-1.274530911910232
-0.88450432850156
0.26049008423034425
-0.029188223784205672
-0.23081629116615907
0.9569449490516414
0.990574671169749
0.3513454416099395
-0.21453297916952446
-0.1492634575375906
-0.43910452562672736
-0.6360589321337391
0.045613748731321055
1.0236479624910573
2.465386554302827
1.8690229090716692
2.368864808132542
0.8541034208469536
-0.5097765972790976
-1.03721088302554
-1.1879100428668883
-1.4617250489297329
-1.3710915339954808
-0.6402592853429037
-0.7163029460126599
-0.16268946603245488
-0.3194234258783932
-0.6237845563121225
-0.7833187777595767
-0.511382329959079
-0.34276808300457806
0.47498592312487786
0.3817087964709331
1.2894022398790443
-0.27316017636523415
-1.3311326277171822
-0.10185156310852948
0.8191867737254914
0.5199666833238765
-0.01565068523351646
-0.30009386628168133
-0.5200842835217583
-0.33195678415236984
-0.9286329350664297
-0.573695101956016
0.420472554581452
0.7789770208970235
0.7543753679913973
-0.34640841398910843
-1.1540647784926956
-1.2041366814570689
-0.35503561868579153
-0.5391688250447847
-0.8207179895047806
-1.1616573269348556
-1.2521599162660677
-0.4236253811530224
-1.2138449682420867
-1.4025940163983999
-1.386650251152865
-1.3239989406016712
-0.9011726118886183
-0.3789625944860425
1.1465851075384184
1.3648271139484889
1.3146961292303048
0.5080904030885349
-0.24303406274845832
-1.209269872040313
-1.0723415476050704
-1.4411423752712844
-0.24885289610653638
-0.4796693619205368
-1.0470305508728839
-0.7321203683155304
-0.23690534601922977
1.1268125085255154
0.7296786306748665
2.330596153449362
2.164993671185235
1.2684309580611923
-0.5840752144194745
-1.354439794194901
-1.3159617712162315
-1.4058845323472315
-1.3632226093290893
-1.0049613606948928
-0.6933296500341865
-0.7482033438272444
0.6090117571684407
0.40718429268117823
-0.1828413623271887
-0.19145633598915646
-0.11982450819457709
-1.275755550048368
-1.2997045819890451
-1.2867146546753072
-0.6615005305087155
-0.4032207654372143
0.9108165515665019
0.5108880965438336
0.10623013447385027
0.44295854823805103
0.8158046833019347
-0.9593790431407109
-0.09655612690888794
1.647897252352599
0.5450581505630343
-0.9413877080515161
-0.855189184107041
-0.6218565274880504
-0.7200592671341942
-0.5094053947267947
-1.0530507823258521
1.1829113031437366
1.4439838895392738
1.3900021863485195
