546
-0.029196
-0.125815
-0.395925
-0.541887
-0.503702
-0.448313
-0.677856
0.551716
0.681291
0.547983
-0.550307
-0.679559
0.543586
0.589882
0.663006
0.535444
0.338454
-0.0352636
-0.372037
-0.257886
-0.338021
-0.839241
-0.729879
-0.217806
-0.209156
-0.0460616
1.04387
1.34044
1.15769
0.493546
-0.0713005
-0.724699
-0.701314
-0.640365
0.868052
1.33693
0.894741
0.400522
0.336997
1.45562
1.58017
1.62023
0.0313859
0.0251652
0.026951
-0.0134659
-0.307833
-0.186183
-0.68051
2.27302
2.83795
2.76871
1.54826
0.886001
0.555524
0.525839
0.244673
0.106619
-0.615574
-0.409897
-0.808511
-0.078517
0.241918
0.490801
1.10465
0.171868
-0.0225592
-0.46349
-0.286101
-0.248499
-0.535621
-0.449248
-0.502126
-0.503341
0.0208238
0.443084
0.228695
0.259143
0.714306
0.510747
-0.216038
-0.434695
-0.419692
-0.587368
-0.69154
-0.420222
-0.556587
-0.212006
-0.218471
-0.237333
4.01377
3.95899
4.15892
0.361014
-0.0708073
-0.494213
2.12908
2.85779
2.78571
2.59543
0.4458
0.0832309
0.515041
0.577775
0.351286
-0.370167
0.956868
1.09006
1.20196
0.401326
0.399306
0.710526
1.02132
1.65555
1.40151
1.15447
0.781498
-0.121398
0.332167
0.4314
-0.327792
-0.568679
-0.501578
-0.596437
0.268113
0.0565694
-0.217782
-0.685327
-0.408875
-0.504854
-0.25312
-0.262227
0.106847
-0.178335
-0.264166
2.02757
1.83943
1.97979
0.586349
0.476942
0.750603
0.744671
0.489427
1.04481
1.19326
1.30098
0.0670807
0.031087
0.334523
0.212204
0.198322
-0.37842
0.506881
0.709179
0.511578
0.10419
0.0682911
-0.396375
-0.706507
-0.548525
-0.319842
0.0361199
0.445132
0.419733
1.24049
1.5158
1.6317
-0.799062
-0.637096
-0.586371
-0.598288
-0.68769
-0.790539
-0.45697
-0.380873
-0.334525
0.28085
0.0385656
0.148505
0.359065
0.325712
0.0689018
-0.583655
-0.605959
0.00511051
0.942638
1.07616
0.920827
1.02793
1.10515
0.968074
0.321211
-0.552056
-0.544155
-0.640897
-0.861422
-0.315069
-0.233351
-0.0757633
0.257773
0.176118
0.407486
0.478486
1.01026
0.723144
0.569102
-0.0901307
-0.1271
-0.338705
-0.521201
-0.424166
-0.161347
-0.440473
1.09009
1.05136
1.39429
-0.211236
0.851614
0.897998
0.939459
0.092658
0.0847715
-0.243539
-0.231788
-0.195075
-0.302493
0.824208
1.41259
1.66637
1.94984
1.65143
0.379612
0.369184
0.0626444
-0.147316
-0.257711
0.0740954
-0.227022
-0.265773
-0.50913
0.0194807
0.44696
0.423997
0.209135
0.101701
-0.0657369
-0.141175
0.292609
0.11551
-0.051716
0.0390571
-0.647115
0.0933146
0.296454
0.224066
-0.664849
-0.866126
-0.464077
0.065532
0.0930837
0.0733401
-0.0377427
-0.273396
0.53391
0.630529
0.498421
-0.396408
-0.0368585
2.47795
3.01699
3.05584
2.39273
0.70249
0.411279
0.000656914
-0.544803
-0.356658
0.336699
2.10768
2.12468
2.19154
0.841466
0.84727
0.393635
-0.0884595
-0.139832
-0.13413
-0.442424
0.0634518
1.4788
1.68592
1.42898
0.0928471
0.942173
1.45235
1.46093
1.07436
0.0956564
0.908127
0.417079
0.404435
0.427881
1.2139
1.3043
1.05576
-0.49539
-0.602684
0.0339814
-0.168105
-0.0848996
-0.562472
-0.666671
-0.873097
-0.729068
-0.729275
0.206949
0.650622
0.386824
-0.163455
0.0837109
0.182827
0.585289
1.31576
1.38423
1.24115
0.41757
0.399478
0.23023
0.363658
-0.0100288
-0.0475707
0.853921
1.20862
1.56725
1.47725
-0.395222
-0.391652
-0.610583
-0.007241
0.0325081
1.15507
1.55857
1.77375
1.79119
1.56093
0.717332
-0.409429
-0.612961
-0.615554
-0.506888
-0.534012
-0.558765
-0.459977
-0.438717
-0.347832
-0.393549
1.79072
1.8021
1.82378
0.599032
0.937822
1.93589
1.79455
2.11601
1.96955
1.90496
0.0512003
-0.272036
-0.113189
-0.284056
-0.0831523
-0.247186
-0.144715
-0.171438
0.0926284
0.137955
0.30178
-0.297849
-0.23225
0.0406615
0.0404213
0.606568
0.989167
1.63842
1.22953
1.60258
1.61134
1.77104
1.7829
1.9177
1.72165
1.34876
0.905323
0.41419
0.131731
-0.0386172
0.083167
-0.154487
-0.0116048
-0.0283259
0.17251
-0.0251321
0.247737
0.440205
0.466847
1.12908
1.6475
1.59712
1.41977
0.440828
1.6494
1.76653
1.92765
0.0962064
-0.0573386
-0.0861583
1.21449
1.38109
2.29543
3.41476
3.3235
3.23993
0.794234
1.73534
1.62311
1.93043
1.55782
1.47284
0.41085
0.422597
0.292349
0.0226463
0.0746472
-0.353507
-0.0680585
-0.00807479
0.881293
0.781485
0.736078
-0.438944
-0.404606
-0.694891
-0.502835
-0.309478
-0.152283
-0.0572217
0.098856
0.202201
1.62186
1.72343
1.69428
0.256507
0.533183
0.613506
0.598625
0.745211
0.488349
-0.383285
1.78637
1.85619
1.8946
0.561366
0.155377
-0.208984
-0.504187
0.756424
1.36948
1.43901
1.12087
0.455356
0.427228
0.256895
-0.257211
-0.406552
0.360072
0.080801
0.204158
-0.110837
0.38904
0.955716
1.84392
1.77947
2.37879
3.95193
3.70791
4.02686
1.79562
1.76939
0.548639
0.598012
0.425272
0.571093
0.407306
0.536418
0.733851
0.570697
0.135165
-0.249301
0.226038
-0.167026
0.556853
0.400861
0.470261
0.498098
0.315855
0.795207
0.715934
0.522652
-0.38754
1.40883
1.38664
1.38299
-0.143545
-0.285879
-0.410875
0.162
0.329889
0.671003
1.57126
1.98655
1.94607
1.39777
0.879812
0.190655
0.543408
1.29489
1.60439
1.65385
2.38562
1.77522
2.1448
1.30303
1.09638
0.0887224
1.01106
1.34698
1.42435
1.0138
1.25426
1.11568
1.06094
0.482443
1.33944
3.89583
3.59609
3.93455
