182
-1.121436699003335
-0.9282275214679878
-0.0767788203055789
0.21549864076141742
-0.7371499014850376
0.12415750356043904
-1.145103770334395
0.25248547142787964
0.405889272057621
-0.2280542871011553
1.5379786344455706
-0.7036361456032719
-1.1903223765312596
-0.06321307389274558
-0.09542208531164031
-0.44515489257284996
-0.013383412653278057
-0.8119798499139663
0.19572379337038057
-0.40225894180353217
0.05198893727831886
-0.36111392222135785
1.3778467775444037
0.7249406515840522
0.4542484780259924
-0.08477014383849879
-1.4064110765407787
0.25883639881067266
0.3371942903881137
1.7082269623964872
2.0891227660870055
-0.30962573710431207
-1.4714286586607122
0.9699938025878703
0.044494986522751794
-1.3114284438075068
-0.1780521989825116
-0.9389165722583962
0.8310720281171659
-0.6934987362313225
-1.0857514823261591
-0.9966349045697948
0.04531203060862666
0.19508492655738452
-0.06060818299802987
0.08212867917718443
1.4263231395853058
0.7593018972372249
-1.046222775824172
0.3744221864699163
-0.027100078736378114
-0.799012077241717
1.1147099935714875
-0.8478787151916203
-1.0948313784154369
0.0801366651543571
2.104470968309319
0.02120529003523587
-0.9162663563261796
-0.69400336351386
0.7256627673743433
2.2068184781055717
0.10983449072451727
-1.223974071274836
-0.3538652310806556
0.06056858234941836
-0.6849613725348302
-0.5649184258501398
1.5389954796994618
0.0745798059740446
-0.5462515184887148
-0.6465174195315408
0.7334641618574911
-0.44817449761972233
-0.07976882148672562
3.7124219389528528
0.3745176451079079
-0.1105561069587946
-1.1045689564027183
-1.1491673975233117
2.1485227819589414
0.32709953806270237
-1.0011063207683841
0.3020562973567039
0.8180918231007634
-0.08432182362217634
-1.3037829851841778
-1.021606054831671
0.3394839481007039
-0.6282833467907702
-1.1167203374075576
2.11129553192674
0.16397602036052933
1.0844092160452135
-0.4952215420882796
0.7980009602385173
-0.36505302517252264
-0.34677428615053724
0.06773189740139869
-1.191886495780893
-1.3020275247070705
-0.20130818091354408
-1.0315164324908879
0.8971799340817878
0.6786102258891739
0.4191902835427431
-0.5257081871068656
-0.23903821572110653
-1.1701896849647124
-0.5627452871478512
-0.25566426777038675
0.5247542634514951
-1.108089016870139
-1.093571146295864
2.6238426859244957
1.4665455016706888
-1.0995305898099323
1.7790931420132454
0.5800733197142324
1.5322045902698995
0.05869341916794113
0.10377261555010353
-0.09413671694656689
0.15988735983579058
-0.8778575803581404
1.6422219593180092
0.5601365159333999
-0.6809286830635238
1.8342503582876186
0.006156836435607568
-0.7851616173725595
-1.2412673622592925
-0.7551492446144625
0.1420143947778368
-0.22920649739121685
0.10122134088554474
0.26450774058336485
2.127576580975155
0.13349892907577934
-1.5514775938277339
-0.2616474585516631
-0.6232959475420377
0.04976194226427182
-0.43412200145956614
0.11964500098550755
-0.6413339082741792
0.04278487815279826
-0.8769232063161466
0.2371990926315747
0.4422797413919861
-0.4574372504578792
0.1877653139233693
-0.6628549016885884
-0.10363406518989471
-0.8207899018515584
0.42512556012778757
1.4460847725308468
0.9889471925687181
0.2821077907396015
0.3355516902869488
3.2035974817955286
0.055036502855759145
-1.0825692428074634
-1.329197824155524
-1.2718892574154332
0.2533753353324507
-0.3045419390912167
-0.0616786389056864
-0.42668686381659504
2.091175526340855
-1.1859460612981554
-1.4287536189723378
-1.357748959749668
-1.2683710530665653
0.06341621842999041
2.6887624492468065
1.9003299724190377
0.19092783251359838
0.6515653457503771
-1.1645733875130913
-1.2090881613790125
-0.2403840755898904
