182
-0.587431
-0.743691
-1.23702
1.52831
0.625697
1.86514
-1.00619
0.644908
0.581684
0.158822
0.0523647
1.32724
1.79816
1.66231
-0.337276
-0.106019
-0.558134
0.432426
0.0130856
-0.0340269
0.752375
1.03606
1.11288
1.4426
-0.903074
-1.43144
-0.900798
1.18253
0.960642
0.675735
1.05773
1.07141
0.430411
-0.705525
2.46011
0.891022
0.601605
0.323558
1.26655
0.183384
0.910106
0.502907
-0.17653
1.13038
-0.911959
-0.40667
-0.546678
-1.03719
2.17098
0.863945
0.912334
0.794888
1.7644
2.11269
0.28033
0.23088
-0.0225295
0.300348
1.17407
-0.0131519
0.89877
0.276592
1.09517
2.04026
0.411504
1.31917
0.387119
0.259317
1.05604
-0.335949
-0.90043
0.341018
2.32658
0.296833
-0.606355
-1.14244
1.42581
0.631177
0.325168
-0.0997661
0.206802
-0.556528
-0.558783
0.0426733
-0.391942
1.44194
1.11979
1.87758
-1.03485
0.366185
-0.0356872
1.93013
-0.899846
2.22063
1.2234
0.514153
0.108591
1.67304
0.260443
0.125881
0.312228
1.6077
-1.00172
-0.170589
-0.457422
0.570911
1.68586
-0.954594
0.229186
0.0340323
0.209304
0.229197
1.34606
-0.00266007
1.66708
0.427783
-1.1757
0.0355255
0.387278
1.41091
0.780912
2.55966
0.223238
0.874867
-0.146547
0.973859
-0.390577
0.0276597
-0.521365
0.279851
0.355161
-0.230753
-0.253348
0.63941
0.934319
1.31145
2.37457
1.51037
0.932685
0.483838
1.0097
0.917554
0.729484
0.283571
0.366263
0.69618
1.56891
0.837638
0.935623
1.92376
-0.580844
-0.0378226
1.12911
-0.625995
-1.19032
0.594695
-0.858874
0.739983
-0.834033
0.806519
1.13623
1.92875
-0.903547
-0.435508
-0.123981
2.26156
1.16316
1.00984
0.0514106
0.237275
1.27881
-1.14261
-0.830492
-0.878149
0.654515
0.0510293
0.894425
0.922122
0.618592
-0.468792
0.616218
1.93886
