546
0.286971
0.977509
0.509365
0.555479
0.549085
1.15395
1.1085
0.792418
0.259385
-0.621592
-0.711836
-0.906285
-0.893225
-1.06535
-0.490292
0.165712
0.902825
2.21859
1.0357
1.30617
1.01416
1.8524
1.57445
1.18098
0.467951
0.805748
1.02591
0.689156
1.30031
0.74868
0.632185
0.480832
0.0994809
0.246571
0.792732
1.3553
1.45598
1.0554
0.511794
0.837471
0.772592
1.05591
0.299047
-0.130754
-0.464737
-0.640766
-0.161475
0.782516
0.949417
1.2736
1.32168
1.77828
1.83276
0.49708
-0.268575
0.0562841
0.50175
0.534892
0.498775
0.172944
0.461284
1.13139
1.10819
0.554502
0.60054
-0.448658
-0.549654
0.0921053
0.56553
0.60616
0.362502
0.379689
0.803558
0.887067
0.375125
-0.130404
0.664203
1.19677
2.1984
1.90479
1.97636
1.34042
0.814433
0.377204
0.104338
-0.0766703
-0.0293541
0.0990995
1.0803
0.814647
0.35101
-0.738532
-0.647472
-0.923562
-1.22971
-0.628981
0.337351
0.486007
0.289589
0.241731
0.292978
1.00595
1.34511
1.2455
1.21617
1.74297
1.76975
1.94779
0.899664
0.432963
0.521962
0.591097
0.951994
0.366804
-0.261994
-0.905547
-0.112855
0.591458
0.74863
1.63917
2.16503
1.48582
0.421363
0.345904
2.47057
3.00699
1.70747
0.617974
0.381415
-0.0159811
-0.125877
0.344988
-0.0784203
0.169376
0.107072
0.430831
0.840148
0.859112
0.208932
0.17705
0.470556
0.270669
-0.0533905
-0.0159566
0.340468
0.692979
1.3441
2.15177
2.46179
1.69804
1.05831
0.735364
1.14657
0.145688
-0.00534248
-0.160591
1.23385
1.50763
0.678805
0.204548
1.36972
0.653577
0.252898
-0.732621
-0.831322
-0.153537
0.299891
0.738866
0.802111
0.934021
-0.0135271
-0.127799
0.461991
0.650826
1.31257
1.85455
1.78352
1.75132
0.68534
-0.0945255
-0.767938
-0.249644
-0.20795
-0.175464
0.450161
0.783623
0.275721
0.991149
1.67122
1.32201
0.830898
0.343167
0.219877
-0.45119
-0.667125
0.349087
0.307547
0.30747
1.73399
1.29496
0.102273
-0.470117
-0.655438
1.10853
1.806
2.62206
1.40022
0.346748
-0.096213
-0.259965
0.0814828
-0.270827
0.159186
0.997819
1.44232
2.11125
1.45382
0.242712
0.967415
0.901539
1.3295
1.59191
1.45131
0.146781
-0.00430834
0.0364104
1.7783
2.65489
2.17815
-0.208728
-0.811871
-0.15706
0.811016
0.590423
-0.643284
-0.681801
0.277182
1.33291
1.69729
0.213546
0.0858958
-0.175729
-0.629457
-0.388542
-0.343514
-0.113867
0.20112
0.527263
0.817351
0.577838
-0.556757
0.171449
0.374243
0.942046
1.67447
1.24076
0.99653
0.287894
-0.0546889
-0.608066
-0.673512
-0.0230114
0.402546
0.963968
1.0188
-0.0378981
0.471975
0.67795
1.34572
1.44094
0.633233
0.4441
0.630345
1.01394
0.503146
1.31082
0.841691
0.482227
-1.05151
-1.51347
1.95061
2.11081
1.12747
-0.442273
-0.569302
-0.475205
-0.352042
0.26997
0.377971
0.329778
1.0798
1.40334
1.56221
0.294685
0.29396
0.503716
1.15038
0.564983
0.552437
0.376294
2.12769
1.29231
2.05041
2.42318
2.79056
2.06691
1.01257
0.461677
0.500277
1.42998
0.985426
0.506932
-0.4034
-0.538924
-0.53788
0.275905
2.24203
2.82855
2.02573
1.43462
0.608865
0.427733
-0.824088
-1.51299
-1.25796
-0.901724
-0.0919107
-0.145167
-0.711252
-0.127447
1.65796
2.66609
2.88451
2.21253
1.46068
1.98191
0.959602
1.30671
1.34682
1.16061
0.268556
0.756043
1.13717
1.28155
0.62499
0.362611
0.904144
1.70358
2.29234
1.512
2.02642
2.91371
2.63427
1.76116
1.22341
0.587801
-0.451532
-0.445744
0.00842144
0.359948
-0.161834
-0.0796671
0.526728
0.909957
0.880939
0.131746
-0.529195
-0.705858
-0.525934
1.19516
1.97605
1.58871
0.10522
-0.328827
-0.109148
0.363147
0.358571
0.583788
1.45324
0.434178
0.320216
0.677492
1.50656
1.81051
1.61961
1.13326
0.932975
0.140421
0.233377
-0.820726
-0.457628
-0.364497
1.31356
2.02519
2.08979
0.878033
0.0235918
-0.59148
-0.902759
0.441612
1.08685
1.63388
0.761039
0.320314
-0.367445
-0.113014
1.09868
2.60374
2.07095
2.34163
2.2038
2.02603
0.546565
-0.195284
-1.19543
-1.42638
-0.763277
-0.183985
0.771171
0.527008
0.617804
0.388594
-0.301532
-0.317581
-0.233556
-0.212841
0.545566
1.63651
2.09807
1.15773
1.05587
0.764399
-0.0547237
0.186342
0.900029
0.571086
0.543279
-0.222236
-0.756374
-0.391738
-0.533003
-0.42133
0.258315
2.66771
2.10802
0.741806
-0.489795
-0.995269
-0.899119
-0.50905
0.0284332
-0.0164713
1.05112
0.548516
0.950193
0.606332
0.48943
-0.0385221
0.351198
0.0752161
0.0851993
-0.83893
-1.24299
-1.25055
0.734461
1.14912
1.57394
0.681649
0.759443
1.52639
1.30946
1.20067
0.870932
0.299638
0.0657506
0.329225
0.666589
0.296147
0.112345
0.530291
-0.190441
1.16133
1.51076
2.00028
1.39199
1.64729
1.30951
1.04127
0.558641
-0.276294
-0.259595
0.493546
1.07314
1.43246
0.514237
0.3833
0.223955
1.68737
2.08311
1.12571
1.02445
1.1267
1.23209
0.528659
0.215621
-0.0222379
-0.243435
-0.546705
1.2278
2.01188
2.48602
1.20704
0.641967
0.143891
0.0892417
0.00566519
-0.0491984
-0.0567959
0.599757
0.671964
0.298536
0.223767
0.632101
1.33876
0.893551
0.678956
0.678421
0.46986
0.135645
0.574665
1.05747
0.45544
0.116027
-0.357072
0.734073
0.874625
0.832996
0.481587
-0.209774
-0.285395
-0.19587
-0.255584
-0.225237
0.624214
1.20148
0.251673
