546
0.71279
0.692748
1.85339
1.62348
1.54139
0.232299
0.661535
0.536032
-0.0454536
0.280534
1.19612
1.63028
0.877694
0.589314
0.495136
0.988633
0.771266
-0.11558
-0.63249
-0.364012
0.582027
2.22774
2.58959
2.19444
1.32381
0.094679
-0.506136
-0.581324
-0.672472
-0.98507
-0.627358
0.117956
0.816707
1.01936
1.12817
1.4632
1.93485
2.00338
2.10905
2.01137
0.923742
0.487438
-0.206537
-0.194867
-0.346815
-0.148764
-0.692597
-0.658262
-0.851662
-0.753484
-0.875561
-0.468264
0.663857
1.01956
0.86844
-0.133606
-0.131688
0.605076
0.53091
1.04199
0.759035
1.00402
0.560588
0.709045
0.727317
0.847749
0.671011
1.49603
1.2819
1.26726
1.49347
1.26921
0.885124
1.26589
1.41891
0.966061
0.286999
0.819115
0.797714
0.278453
1.32418
1.66276
2.2069
2.55196
2.11602
-0.00591323
-0.246329
0.184399
-0.270934
-0.544355
0.234727
0.275333
1.29905
0.272672
-0.371478
-0.498046
0.418638
0.430364
-0.373755
-1.26174
-0.56304
-0.448992
0.870928
1.27403
1.81041
0.539345
0.605176
0.484022
1.1277
0.563012
0.504242
1.71816
1.40895
0.532849
0.127851
1.51423
1.45726
1.16438
0.0329898
0.35531
0.255717
-0.564515
-0.214895
-0.0156116
1.05661
1.0332
0.28091
0.14515
-0.158226
0.1384
-0.455289
-0.531615
-0.634071
0.356099
0.755425
1.61982
1.95735
1.83354
0.432353
0.00971232
0.233983
0.915551
1.30916
2.1719
2.24924
2.09585
1.44708
0.270225
-0.602088
-0.42348
-0.156427
0.0263625
0.0351762
-0.37235
0.0367907
0.239298
1.21813
1.50711
1.13353
0.472937
-0.210774
-1.35592
-1.44302
-1.18822
0.62157
1.23157
1.82352
0.560448
1.50602
1.14544
0.551687
-0.189695
0.403267
0.164566
1.31329
1.36637
0.74884
0.492819
0.790207
1.89616
1.24447
0.859775
0.0861425
0.120387
-0.065779
-0.374983
-0.870241
-1.09789
-1.34586
0.540154
1.73318
1.82867
1.11069
-0.00545453
0.602124
0.876055
0.864022
0.561755
0.151723
0.162748
0.37575
-0.0124842
-0.214866
0.664311
1.23217
0.74118
0.721992
1.23956
3.14156
2.68251
1.06513
-0.0768858
-0.344899
-0.397658
-0.622117
-0.218046
0.53181
0.700033
1.32263
0.746143
0.723524
0.517012
1.01015
0.789614
0.412338
0.343145
1.31535
1.52553
2.48391
1.67266
1.31759
-0.129914
-0.272851
-0.0150258
-0.910402
-0.965091
-1.1373
-0.839218
0.124053
0.304763
0.357662
1.05091
1.64614
1.61966
0.685442
-0.13024
-0.944943
-0.759035
-0.899099
0.453132
0.706853
0.812108
0.312917
1.35478
1.80629
1.67296
0.338755
-0.762877
-0.0709859
0.644552
0.802673
-0.284582
-0.510139
-0.453254
-0.565769
-0.0806525
-0.605274
0.491732
1.19724
1.55589
1.5614
1.86546
1.57179
1.24086
0.936229
0.802463
0.684328
-0.525715
-0.413386
0.0664431
0.579343
0.0842932
-0.187639
-0.835868
-0.754226
0.287687
0.531968
0.393333
0.247288
1.25812
1.77072
1.79727
-0.113744
-0.608976
-0.22684
0.823286
0.942999
0.00402786
0.717707
1.40026
1.46969
1.39723
0.979525
0.899728
0.571335
-0.0861855
1.26407
1.39227
1.22368
-0.236806
0.718509
1.39941
1.78157
1.02459
0.896733
1.87497
2.04468
1.81616
1.74017
0.421645
0.883976
1.2425
1.17046
0.448398
0.916304
0.332253
-0.178912
-0.438534
-0.72411
0.193728
0.600398
1.73567
2.1092
1.52884
0.725399
-0.715389
-1.317
-1.53889
-1.26219
-1.07131
-0.905616
-0.290589
1.5569
1.34927
1.12756
-0.211995
-0.498226
0.577953
0.955701
1.46925
0.691476
0.0825604
-0.0557747
-0.232035
-0.257633
-0.641697
-0.332754
0.572207
1.77293
1.96568
1.88888
1.20535
0.827722
0.843664
0.438436
1.19774
0.61703
0.142239
-1.27909
-0.831882
0.207517
0.677571
0.112333
0.124732
-0.36546
-0.547691
-0.328723
0.334367
1.31317
1.37406
2.07979
1.18085
0.431593
0.52532
1.13222
1.75904
1.81569
0.68451
0.133335
-0.0324705
-0.113436
0.272448
1.00748
1.29062
1.55993
0.849221
0.384807
-1.47351
-1.764
-1.90991
-1.54896
-1.2564
-1.20979
-1.38022
-0.268321
0.932577
1.41271
1.30367
0.845303
0.778699
1.29216
1.45911
0.955825
0.284519
0.130689
-0.708585
0.301151
0.931314
1.82569
1.8663
1.99127
1.22686
-0.321134
-0.273195
0.154624
0.665453
-0.235988
0.0901367
-0.352011
0.32084
1.46768
1.44005
1.10685
0.634899
0.224465
-0.183599
0.915952
0.363587
-0.131001
-0.214811
-0.376565
0.585454
0.887137
0.473881
-0.221615
-0.425441
-0.0191464
0.35613
1.479
1.40686
1.89539
0.444202
1.58225
1.33922
1.43717
-0.643141
-0.741337
-0.985181
-0.63609
0.166909
1.42472
1.43653
1.04601
0.210505
-0.0743017
-0.0430678
0.258266
0.110203
-0.849409
-1.13443
-1.04144
-0.590702
-0.796559
-0.748937
0.0362431
0.388025
0.930696
0.543879
1.25216
0.755036
1.06389
2.20107
2.03342
1.92857
1.40759
1.52774
1.06598
0.790157
-0.00278345
-0.836424
-0.958136
-0.773712
0.0102995
0.671972
1.34968
1.1175
1.47545
1.3276
1.23964
1.21894
1.32463
1.00521
0.338115
0.199482
-0.535847
0.748566
0.365876
0.0782258
-1.15432
-0.743123
0.530752
0.727041
0.35471
-1.05757
-0.303087
0.192017
0.209743
-0.0549957
-0.39368
-0.260749
0.45423
1.20651
2.49726
1.88073
1.05808
0.682795
0.829423
0.915497
-0.17018
0.130035
0.665643
0.262828
-0.0781167
0.949343
1.034
0.817241
0.954988
0.712358
0.730465
0.825963
0.9884
0.52598
-0.0729766
0.731
0.442436
1.6353
