182
-0.4093752484168616
1.1626340441280292
-0.9512937342210034
-0.18157147440629318
-0.7719240999549188
-0.6259490126638886
-0.0017625374250744006
0.545249308581854
-0.9144150300022164
-0.9014503282780635
0.17356587269217832
-0.21194041222358662
0.3035991565263881
0.34333062507949375
0.47829656165402284
0.14150444444172455
-0.33636441720292176
-1.0713523949766415
-0.0013434418719387882
-0.9963036048485232
0.6000895820656142
3.7824421147810803
-0.926229814202417
-0.7232389355103694
-0.38387832017197554
-1.0012520796235418
-1.1556547998451145
-0.07999993535918087
0.17081665199170012
0.12884187603104744
-0.9986261578622595
0.39702517096290063
0.41302296581710446
-1.0523801917817925
0.9474358456307843
0.3108598098648684
-0.25114225506023635
-0.357824194137829
-0.2669832098923628
-0.6977460940191087
0.9109160295360437
0.21297486392129517
-0.016560605788910547
-0.36089199495935875
0.5096183469517002
-0.5123928314082895
-1.0158110141074481
-0.5709637299070848
-0.22206286244047313
-0.7328682045501373
-0.6327553233415333
-0.1995064944552179
2.4828537513620224
-0.7391695494962748
-0.43583115112761395
0.5149714468420763
1.5773179347971775
-0.10746667764648939
0.34895954046955874
-0.9036268188214897
-0.47428360545894727
1.1034689604967285
-0.9074917978390642
1.1738202472861616
-0.975470198114106
-0.7470749888890011
-1.033399675703692
-0.2685422794839223
0.7256438255800058
0.03541882985801689
0.2498594235337443
0.41556924742142376
-0.5462736986514245
1.8211837676658167
-0.2525463222225994
-0.2622136209215015
0.9341841411402045
-0.1936053583237613
-0.9474668064086462
-0.897609661337167
1.0281336143888422
0.5159652080147767
0.8640701123255602
-0.4525930792747854
-0.39683659348799616
-0.6665511680096854
-0.3405977675103268
2.4926425746662497
0.7057559525542324
-0.9663672621739358
-0.9035866404389151
-0.2893306279527549
-0.37720476904345873
-0.006315874052502301
0.0119655074499345
1.7581210177696998
0.7632477649593813
0.8177832301442266
0.08267538908898116
-0.9030166507021535
-0.9266288651318867
-0.6673558425490226
0.36982214784745515
-0.9647944716422072
-0.05517467745378522
3.0529933839083534
0.7247046325150075
-1.0014035182627619
-1.1957176960058777
-0.4296431853509157
-1.0335166773332904
0.5936513359945594
1.3995492194667227
-0.26961169439508553
2.1213820741845897
0.5165495000127626
-0.9783025667832254
0.2457071487536149
-0.3250925861545131
0.9981798031735196
-1.0804864919840973
-0.9320656674777565
0.09092145822171963
2.0216747798782633
-0.4813652152873847
0.060696817833599905
0.7190015180769613
-0.7750722086818245
-0.3391654278689256
1.6997410402520865
-0.8469622811931393
-0.9384063298867872
-1.0873087397443364
0.2113823244622607
0.38906611516034284
0.8037602721888463
0.9775073559715192
0.005424017743135757
0.008225640500170012
-0.004682533396953716
0.5238738563831371
-0.9724231823795305
-1.0170288919180273
-0.38330597563169255
-0.18127996708290667
0.5886773921164709
0.09719264007983079
5.113072178015132
-0.5164154070295612
-1.1442444083391758
-0.7169335799798873
1.8966185071188035
-1.0853757884775173
-0.3869672306640278
-0.9533455973692512
-1.1162375293746578
-1.0359159791294377
0.5106087690460931
0.5853277531646188
0.36116364836949805
-1.1345742419038318
-0.32733191595737726
-1.087677696150386
-1.037770008046217
0.016617031643849915
1.63475416503656
-0.6821111051350228
0.2295657823336388
0.1425280919246519
0.6349249000887175
-0.9080921253000095
2.820423450645245
-1.0120362898592172
-1.113050153445936
-0.9094089665282735
0.592587891577623
0.6622131728605835
2.0848268265419785
-0.6233516517764951
-1.0322060125867814
0.6084296460549379
0.16894676103803186
