546
1.6263843253078487
1.1192170292634116
0.4925596069135771
0.8346075030254448
1.3160789518857952
1.4821287112598815
1.5961983785090867
1.5352237512875697
1.6187545824561616
4.92953398771778
4.964442040525396
4.620507728099351
1.6280428899373052
0.8705161828188626
1.5255915790834687
0.9985078964851353
0.5983009758274934
-0.016653862991228074
0.032512220723775194
0.15220778852288902
0.07136101461869106
0.6670462457674512
0.6755752332798479
0.4362910160990839
0.15647894056565864
-0.16639342943842736
1.582902960259081
1.5223657305327536
1.794828953036768
2.131853293939839
1.716240806540236
2.045836806880982
-0.33490973134838437
0.170084831703764
0.25723067850026526
0.2762464100177433
1.3511245644245624
1.2793310848083999
1.8175662863595177
1.733795696643637
1.2915420463673344
0.6252598545311983
-0.20056336806615532
-0.3136215510649196
-0.5902895725072067
-0.4235867422818065
-0.1940088676104956
-0.31868001205873053
-0.29767955531087137
-0.3559079563161241
-0.4966789304847786
-0.5461940037862442
-0.3669896256492772
0.025131782399794255
0.14200162051359255
-0.24171579719712927
-0.7226505071042765
-0.24188131635329563
-0.40094383297966374
-0.13816649169729978
-0.31850013017391204
-0.08325248414557056
-0.2821876326657544
-0.7107956616433552
-0.6233606723161682
-0.20911181701942136
0.9239967038227204
3.7990050845397354
2.5316506812688817
2.084636364020036
-0.3038280160172324
-0.5886087758100366
-0.2341741225604831
-0.23601309679091775
-0.31233806292612554
-0.6059943775407214
-0.8691322932095301
-0.5960474736453506
-0.6516285010591925
-0.20439946956684543
-0.43504567376879943
-0.24212960516257045
-0.36833130101252526
-0.3543129780861706
-0.3098583118042564
-0.19843119130662437
-0.504912755753831
-0.7990963143496658
-0.14031395513377434
-0.4543943602541464
-0.6475434012353444
-0.6671525965631321
-0.6889530854661826
-0.6154417942497251
-0.8648735199678075
-0.058556502181883616
0.07286451555482878
-0.2675688927328811
-0.6393354701959438
-0.9254863686964494
-1.0400222805340045
-0.2552033888344098
0.41309030099793215
0.4999731934685272
0.06353232942861849
-1.1839047211134357
0.35982141061635164
1.040239278984161
1.4733924838670642
0.1596907140177587
-0.838546986255077
-0.7464491567228609
-0.47468246639904155
0.3063531749737021
1.2488452897383393
0.8172404010629554
-0.1231387293157678
-0.5957749313768014
0.1584991403234892
-0.44982811666043376
-0.38895015959868384
-0.951471130946473
-1.0504276254221394
-1.104700733570774
-0.0464093896908535
0.7095081609934887
1.263215539230581
-0.1670841837766437
-0.10426175613522731
2.0826716232193268
2.2312140804674776
0.9628023528462246
-0.12744753723629806
-0.8741283981661097
-1.0922594610882874
-1.0123321316097484
-1.2585928242960671
-1.0135801789455057
-0.7490279209738673
-0.782054391402603
-0.7642480921706082
-0.738851274822292
-0.6454498235022451
-0.3024799381159048
0.694074596298494
0.7275737448889062
0.6916196719319431
-0.07864711393320895
-0.3221381051980991
-0.4689432968555716
-0.7032590691102665
-0.5324879822545656
-0.2604334922861805
-0.39146792045111584
-1.0074065943835417
-1.3398090151146378
-1.1589241363538414
-1.2660792813927269
-0.3240054183015679
0.06942926688197398
0.3533412650066033
-0.38763252188430664
-0.6034739374995685
-0.5027200167730934
0.11081079765278484
0.24356261263701948
-0.1492670279355825
-1.0046321847656603
-1.003805162792654
-0.9005106197629156
-1.0683586858416791
-1.0991143465223674
-0.4469000495770375
0.09906782485056485
-0.0031557747878284987
-0.2910461927652285
-0.17484293541749207
-0.7730855303733208
-1.0762901976384374
-0.46739841427658146
-0.5991381701656721
-0.7706071620965667
-1.2095546058932876
-1.0313091786429993
-0.5900190949261943
-0.28776118045053733
-0.44968765454354104
-0.9915043009046285
-0.9249968298151767
-0.48060302528472015
-0.8089124797343484
-0.8679197262914232
0.8663978553348125
2.2789262251305846
2.5908082318014274
1.1865890234128909
-0.5486236876623833
-0.3066182435094242
-0.7318104997949535
-0.814166745921249
-1.1845724220546376
-1.0652477095201922
-1.102463105931084
-1.0525147633233334
-0.7447086015954839
-0.7789004556678639
-0.762199212842322
-0.7615783952285176
-0.6430786806669221
-0.8424817005669881
-0.9311690718868709
-0.674239886829897
-0.5597449837714924
0.5390871510592585
0.7075196766100772
0.5415146424122198
-0.2469006034136769
-0.36976570072260456
-0.1994857760074643
-0.31527367921858507
-1.0324062121625235
-0.9937221672162307
-0.3777094469264746
-0.24480799749991
-0.06575360156285319
0.287637180443377
-0.29528965869867374
-0.9591572777781788
-0.7853140396596834
-0.29538178325234693
-0.46359661714829203
-0.8367272192984807
-1.201565271311873
-1.0644206889539143
-0.8964803822123739
-0.6658829250145857
-0.6374890374520532
-0.7557735173940987
0.0552787705168232
-0.1808650184147825
-0.5351231223097328
-0.5996720637601702
-0.6246469921807983
-0.6763422305053259
0.2133102445715587
-0.014751504238331666
-0.3564058051039603
-0.7618779933240213
-0.8719654725141133
-0.7568017046554368
-0.725044904247567
-0.7915604441104364
-0.985298999384834
-1.0533937289469288
-1.1843185969326884
-1.1347176046420977
-0.659981595524787
-0.36337847985942096
0.10440188994760444
0.49435177628206056
4.353234463556978
3.8179955296320722
3.4142470113456627
-0.20948961477868022
-0.7180770146716994
-0.827392559525752
-1.1362810966266947
-0.8250593520776565
-0.8435579021114469
-0.8141538344238795
-0.33504267546888455
-0.7191009815438452
-0.7750281552825612
0.04553378052473343
-0.22768574033980907
-0.5750032979973237
-1.0681735775932288
-0.8688264300350921
-0.9849278571570242
-0.7826878794380415
-0.8947871616817211
-0.7316576231647174
-0.9970268612755394
-0.20318833448570645
0.08002407940093144
0.9354364512849705
0.3137197628325939
0.07252485012032264
-0.8210773354287928
-0.3395457163856846
0.3035365007582342
-0.01580273573135259
-0.7024521314561348
-1.1886197319404388
-1.118193949982477
-0.7965609900116012
-0.6409282642593986
-0.7555605784588647
-0.6649909633475568
-0.6192105137624343
-0.4615346361564907
-0.32240450138863985
0.48768832983681976
0.3879769106269797
0.23407162176545646
-0.5193252194172843
-1.0224026238533157
-1.1010738263092168
-0.9204418337857515
-0.39778389006250797
-0.6561091773679245
-0.8763889136493964
-0.8757320866677474
0.8482013339953067
0.7359402823830626
0.6270921132252631
0.9485843617824944
3.599239292457094
3.174919839039238
2.797635258004956
-0.3131583944211065
-0.16719870635723447
-0.5207401750158241
-0.4514496994573358
-0.7718120863562731
-0.8168924098956082
-0.8760610729699905
-1.16821636573997
-0.9483356429224269
-0.24769635997755504
0.016507524843207038
-0.04506580664949928
0.26734991653613005
-0.2441027080357499
-0.3080855250334339
-0.5957289515890128
-1.1298545763139034
-1.0790048769001483
-0.7138933719531634
-0.8100000636833038
-0.591511834309658
-0.5786641588324757
-0.3012479585921882
0.2772696563745055
0.37832016842445937
0.6251416644766233
0.6516037981526019
-0.40441396077504216
-1.0610624477350332
-1.1466924893590975
-1.1565430626219633
-1.069745526267542
-1.136168035611916
-1.081074765987507
-1.0494139179521174
-1.1008141378893554
0.14194091799849207
-0.04591848138986626
0.1778230904091033
-0.47888786145715734
-0.6571437589064488
-0.31664912520069516
-0.07458068557931703
-0.4679124843998059
-0.5830579622098048
1.5355597957096982
1.2866553226988968
1.2172956246975828
-0.9150927405515805
-0.03651124760183751
0.20935989945789002
0.2507243650754848
-0.8160118689396617
0.36764999434904877
0.7865885129986259
0.21770174831386913
-0.4485063568624738
-0.9146648584587279
0.08636031133824791
0.15869095184422147
-0.011368148545195965
-0.9675131806282286
-0.8990813652885998
-0.3704387204860705
2.3654527916619195
1.4413754321111327
1.7582718671444653
0.19261977746470055
0.03495713898095633
-0.34779307235436285
-0.8815050501468007
-0.9770439484361673
-1.042582846397002
-0.794114332224723
-1.0417530987701267
-0.6104395744586965
-0.7375437659560442
-0.6426019999004302
-0.4724894933371537
-0.12843272734674663
-0.6779502322074341
-0.6208301303080168
-0.7500201270442532
-0.6729591980249156
-0.6280183833838544
-0.9260323011662809
-0.7194020205124444
-0.4671720944250654
-0.43584634908572
0.6484336714387569
0.35270152380473285
-0.017765981751972488
-0.7129784388934564
-0.5358550767852566
-0.695260593991449
-0.7396905793371708
-1.0556503047783183
-1.0299299883767083
-0.3561046237940961
0.30683948877837935
0.3909432202307146
-0.3922149735033995
-0.7296074380455377
-0.8417290116891559
-0.7902232468332763
-0.6893129236829684
-0.6470905609158866
-0.47672714944553374
0.12150921667251494
1.0023982789901085
0.28968575962518495
0.19227727164567196
-0.3362062528201826
-0.003921683664329099
-0.6588307550937847
-0.39240733671441125
-0.8441707331166655
-0.6070794218072612
-0.3756785785448956
-0.623758646013573
-0.7825261056753434
-0.3631400194658965
0.7547698717972725
1.0451257248367318
0.7405441524180826
0.03525060319166064
-0.26916665979784815
0.524481565391563
0.9792022940200494
1.039291463965995
-0.09527724825089812
-0.6193941345923825
-0.3022967292654612
0.3835859460342759
-0.1339576496340099
-0.38360299235818496
-0.6126883965640506
-0.5750411967398783
-0.9316160450170553
0.18391190186863374
0.23783910745054693
-0.2094898164917393
-0.953025043022321
-0.767462692442603
-0.871945301949159
-0.6818661249950836
-0.7026707211054031
-0.6786385993691996
-0.41892681428041023
0.5522277207407188
1.494993284412648
0.8235073145198741
0.6410925072979524
0.18002151154336124
1.161395672315477
0.5137843754368083
-0.41118709018150423
-0.12803596086428873
0.2623750571078024
0.19285934995573525
-0.3207281486150296
0.337762692873646
0.18574701530848242
2.160673220375016
1.7439050559601816
2.272443478961795
0.7918967046128413
0.2799550229107698
0.12643264628592593
-0.25260776894153225
0.13492136111939987
0.23700505335502897
0.7120539028201863
0.6039954212630025
0.8781412024804774
1.0215126540035937
0.12030430541938332
0.5974205485746683
0.30371727597168613
0.27031468104655054
0.23578959059378712
0.40735983268894516
-0.3821898891437279
-0.2605843973824063
0.17058450953110793
1.4359496662289077
1.3918520831941086
1.3110166844128548
1.1756975083179555
1.3563800419138186
1.3060970017462503
1.0747907126093186
1.2011600810676661
1.4991535695547196
1.164652802784393
1.4465888320445395
1.2089656536463154
1.3821495531716588
1.0338095149731972
1.5639718562765896
2.926662716357101
2.7932133680905453
2.1474854238486314
1.1685526872937024
1.0889413505178949
0.9333809319796808
1.5502432785623075
1.3275876191913119
1.5830707436115974
1.3187231095175846
1.3433828940531343
1.873783987126848
1.343378056147883
1.2065407752346589
1.0640847809101606
0.15124261507214226
0.19166565008432465
0.6791169200779259
0.5728417335264584
0.13291289122168154
0.03609992674389331
-0.17315316076699944
0.08443332390685974
-0.4573765129723593
0.21128821282759608
0.351913889373802
