546
-0.3360063941944129
-0.32767213487420044
-0.25212141952354505
-0.2828077572544122
-0.30228674722188836
-0.3160171489966385
-0.3639417310959691
-0.33927532359444695
0.2835704497314414
0.1726295837747399
0.05612536475107034
0.22493680788119005
0.009738933829505027
-0.4139271106706389
0.43054955432474135
1.0106975719266558
0.23671749758747254
-0.36902268023143103
-0.38623168784728285
-0.361593062250467
-0.33766537234548694
-0.06754866764347069
-0.22035377648887475
-0.29135006416198234
-0.10256094130972461
-0.20224618594032914
-0.3125115539058404
0.332213504618708
-0.0002624006640947921
-0.34839710058922696
-0.30597348783182393
-0.43028456994995545
-0.47142994514486
-0.21537880445699886
-0.26014952003835146
-0.3093101425743649
-0.2630518278303651
0.9173834532980507
0.9498730914637384
0.8904277119507803
-0.141969747080931
-0.023806445384975155
-0.16875491526707945
-0.20398932596884684
-0.3370618748951198
-0.3753397697051758
-0.2629173181095206
-0.30695848555013233
-0.32037088692427956
-0.3717592200009276
0.8025587337649693
0.6577564136930996
1.0145331399160067
0.19407400662948354
-0.3703442960247412
-0.3994964224470222
-0.4291735798370094
-0.3034186093531189
-0.34830037410361214
-0.32397136194761683
-0.3866114991811154
-0.31154670490618647
-0.32892491610009716
-0.36937227624580715
-0.2815760538532322
0.07418049454641899
0.20811149101825227
-0.03914304490858213
-0.3401232919358069
-0.2286217578166186
-0.28873803164119005
-0.24114023694728623
-0.21896801618958625
-0.3979486814507464
-0.11612560281062
-0.08677115675907948
-0.01752016694987332
-0.3659370189366247
-0.39235627073649126
-0.27928402326272994
-0.318242200554232
-0.28187746966666744
-0.35976707192825524
-0.3940886371615961
-0.38286522115831007
-0.41655056295125586
-0.3610519453406177
-0.3311782514880346
-0.330133268603425
-0.2676229233955929
0.5165179446403266
0.542836242226379
0.5559787389765772
-0.09698882375893667
-0.18860965265865567
-0.04878818806424985
-0.04401522019285535
-0.16414099830385823
-0.38930976176144366
-0.21229436222139056
-0.24101849861162683
-0.3633370817275362
-0.3164477024873019
-0.23086933558190043
-0.3504980782994765
-0.23981284396518313
0.5375306313026256
1.1291653247385123
0.21812535797682892
-0.35494818470135886
-0.31796309044245963
-0.4151502623320629
0.24070981869616365
0.2095384940175636
-0.08264464197451314
0.7798829984940502
1.091843941981308
0.1016125564144833
0.03130219743947603
0.005498508212809217
-0.386524461581447
-0.26398161677181575
-0.19373861104961626
0.1502940755984967
0.15773112998999253
-0.09573624529129059
0.021673223375281037
-0.3934332111436741
-0.33642999048111644
-0.33241527705007146
-0.337630682682672
-0.2298926105799917
-0.33853240150654695
-0.3190872745087426
-0.3446678016963554
-0.29233544514345955
-0.12367434972910876
-0.2193876591681358
-0.3019784738463647
-0.3705612512509319
-0.3255074229085219
-0.32471869292639427
-0.36150522616162095
-0.19405604239267624
-0.1659705698350322
-0.1352668240573552
-0.16792405252570886
-0.4109081514244979
-0.33723048743361655
-0.1847624634465751
-0.29749562531357354
-0.24710595266060334
-0.03280491085513942
0.09419331019177923
0.19931769706004504
-0.35604592576890204
-0.357114716014114
-0.0526143028289723
-0.12248310347990178
-0.2654444240381907
-0.3340507993652351
-0.25241991464441976
-0.3445488560029897
-0.36744547662260524
0.25727249684916587
0.9127544072025471
0.3928783072100601
-0.048262257325514736
-0.15765805131203156
-0.3745345024604136
-0.23175696794976572
-0.14696576448647916
-0.24267541295147463
-0.44564839838177983
-0.09686142951389083
-0.12211086282050373
-0.313913189589173
-0.3580947518094495
-0.23349118602381172
-0.2404675010278269
0.06781538229447125
0.09950670736883829
-0.1418704007140347
-0.40599921115965587
-0.38413253281598964
-0.2951441654472136
-0.41616163064420647
-0.37932712010371555
-0.37707071985297064
-0.3494255889000696
-0.3210690198522028
-0.3450844013658946
-0.3012624799762034
-0.3544730632077202
-0.3498077374903229
-0.34887889298532754
-0.39955773416103985
-0.3047159972159376
-0.374965688586581
-0.40356036582661287
-0.3862421021773681
-0.1750615046251481
-0.29856124299659
-0.25078304835957294
-0.017298611796877836
0.06928714441447784
0.15688971455371956
0.12790996499655297
-0.3343564129843124
-0.33976136206420465
-0.3554745431984551
-0.3123887541785387
-0.19718523935260654
0.775132644073172
1.2571284935344547
1.0200006227345484
-0.3729380163688593
0.6827027869855737
1.045940574246908
0.27633626570388575
-0.4105583097329964
-0.09406609918983859
-0.16238677584114453
-0.04849931834832844
-0.08984959008211725
-0.39470017545705827
-0.31331971230237154
-0.2263780592816998
0.151360314078165
0.4845654192252307
0.6143058828401382
-0.40978823038376094
-0.22778219197299057
0.34346127270772026
0.3472415697250321
0.34937278462309496
0.19338292866667098
-0.07467496049516398
-0.2107683870783595
-0.051784519227741146
-0.35924420161180576
-0.2166844845518456
0.21699332170766975
0.02841749691353113
-0.27141945353005126
-0.3955558870400097
-0.31938940666098237
-0.3776791005489079
-0.3994789105134183
-0.3665252937867172
-0.35169698483288575
-0.13034809598230487
0.19398840477414814
0.17188593213988013
0.05608629351839662
0.045835508775501105
-0.11980270891642447
0.6123897707243025
0.7607397512833601
0.34542900710723073
-0.08367743536227937
-0.3464583918853795
-0.32652256104862093
-0.2522102021345935
-0.12018542275131429
-0.13311819753137286
0.02303596734584417
-0.0016641188503510635
-0.3327394556593984
-0.28938339537806634
-0.36618542819885613
-0.3577643145247282
-0.3291117892445998
-0.39920780575131315
-0.38389374091357015
-0.3103631347708348
-0.354710685923857
-0.43123740330326793
-0.15009082058192222
-0.011749313275262267
-0.15565394704857138
-0.412454428597837
-0.16911464013784697
-0.14651221392648134
-0.36511098216203536
-0.37222543030218874
-0.3392506292066245
0.4037324273131389
0.6476001534607844
0.1576481315653169
0.8088043843387683
0.7945305076821965
-0.4554242080318338
-0.44601627136649374
-0.43285964705725344
-0.4027898974968035
-0.351275012344169
0.194493973350403
0.23089116058815098
-0.017882804976389277
-0.3859985948859643
-0.42188924687394247
-0.4343723676081151
-0.3799913629198248
-0.3501229276100924
-0.22404453858176504
-0.31086730805480706
-0.2838784482288992
0.1116298158782623
0.10726948798033718
-0.3060103905467205
-0.3589145978834276
-0.18104725231558802
-0.18333445998965578
-0.3992238439852
-0.3053483094923277
-0.3444857811367131
-0.29081582468752903
-0.29748443106996203
-0.06218710668527062
0.17448941160161344
0.10596885316380086
-0.1673672834066422
0.2124833315885764
-0.11682148431508003
-0.2557072364818415
-0.10019163416553135
-0.10525919782060977
-0.2697193283369732
-0.3721558781957803
-0.4200585227680824
-0.31701748379828915
0.04598282108438099
0.25546773880213025
0.3120036598097397
0.03382226992288838
0.05912637997289688
0.046928172504602586
-0.05721230161205511
0.18290261972686742
-0.056285208779192644
-0.2497948272828389
0.19590408012182722
0.3363896581223882
-0.39820390104868086
-0.3529522055010038
-0.35464661664131497
-0.3388453496709794
-0.3270682652402878
-0.3044656378503202
-0.22550003829459436
-0.19105033700214333
-0.3850306861682728
-0.3519838190013852
-0.1529642395893301
0.050039031578916406
6.574825520001921
6.284664714988048
7.1879705224692465
-0.18045052894400268
-0.32863579551126804
0.41959223565062953
0.8116341391164862
1.0511855586579715
0.16349495134354072
0.22157683964067756
-0.021164413972465483
-0.2507098632307572
-0.21311229659012787
-0.31738451080913
-0.2736824304816474
0.00807325840541786
0.156513061619835
-0.17516777989238003
-0.12912295565767254
0.11611745464095681
-0.022436478507818033
-0.0065876652275850805
-0.08224169183423354
-0.35762379787211224
-0.15112200877761842
0.3415856781002689
-0.1577523079962104
-0.13715084868377947
-0.3848877231496729
-0.28912005416361447
-0.3284726362759802
-0.3514614769175983
-0.40253339342086275
-0.28601694072116624
-0.2113682740515123
-0.36247110029792173
-0.3509290688281104
-0.10169307392880046
0.020814698580595706
0.03527612637061674
-0.14449800210439603
-0.3903355201016396
-0.4072292641818106
-0.3255384803047336
-0.3691180194769979
-0.3753716205021162
-0.3610361249884524
-0.31275457440389426
-0.3647152237836507
0.3599314415315271
0.687951601134102
-0.34578416425240366
-0.34818161182230234
-0.3725536860880787
-0.3175718405063977
-0.3601186851394489
-0.2531522391502759
0.12046938648458136
0.14076026953525209
0.030304491432159374
-0.3430412555421058
-0.12123463604436081
0.026939351601782298
0.16991057034197027
0.48760397803049654
0.45613432980934304
0.3705587722050468
0.585129782901601
0.0697533866767702
0.0700785933012178
0.17436496931312231
0.10313373866029472
0.18441603480121305
0.2996084803624832
0.08231415807096015
-0.3308901518953647
-0.29726697380314926
-0.15422665656975265
-0.263711124829906
-0.3918061483250562
0.05695877258544336
-0.19900394778310157
0.05714025221182018
0.12424673567618272
-0.15035390612388355
-0.030077742846502442
-0.3023046347200119
-0.3552370770543814
-0.36302915717766093
-0.27323579316906527
-0.3507096235354284
-0.35389586317963445
-0.32936646843516676
-0.3811336240231195
-0.3898012048572251
-0.3563072741191055
0.7425291138434038
0.7277673646087186
0.6263561467196832
0.07783933323243553
-0.3979114633202031
-0.3136036233087444
-0.3558214447235489
-0.34140605592126727
-0.41718356326068384
-0.3777208508421019
-0.3824635298849647
-0.3283750314932195
-0.37686827200542317
0.45116508320385695
0.19600343127252554
0.1684838125376632
1.1836975521037878
0.5698015673831496
0.36044397474818013
-0.43426783872026237
-0.3832717529860751
-0.32906219115171226
-0.2659933012784064
-0.34218052430194884
-0.18391120493680668
-0.024314711055806154
-0.19320286611707113
-0.37893041352292833
0.13217944579957125
-0.07057710499112003
0.15510571421523933
0.05545580279838596
0.6135560677574211
1.1680930917212615
0.06459468390154663
-0.3294114794748733
0.2420832670629076
0.08096399450811467
-0.26226911541386355
-0.4105631724138065
-0.42590973402165117
-0.0010102932057048535
-0.039158568551946486
-0.008428217739715827
0.0011964814496636517
0.11477931032625127
0.36219346478473086
-0.2233896327011125
0.37878792334762657
0.3817005386407807
0.006639587998708646
0.0460260369746192
-0.027884351011577404
-0.14768398801790233
0.07892242756601714
-0.10174050335895815
0.24861117472191463
0.09689837812376839
-0.25257357721292056
0.007542754355030498
-0.21702496785885594
-0.058089200442070624
-0.2721975670991772
-0.33685352497375914
-0.18868260501823234
-0.04048124107507349
-0.2479863043295544
-0.3946323969780689
-0.33363862405038375
-0.35719294485371544
-0.3562631443495473
-0.17578630713656943
0.12593871812791732
-0.05934421804862673
-0.013858495931655378
-0.3728050304007621
-0.3203730542400661
0.19696576053324596
0.1562202840205452
-0.1578022522951274
0.024219410197709193
0.5107434770684144
0.2639061821914022
-0.11590710936120201
-0.04121658702215951
0.08918927989607561
-0.27177855072128376
-0.3727855101708079
0.00915950961280515
-0.0889272268239127
0.3583013744871548
10.408618963563674
10.50493085985169
11.291881522763221
