546
-0.5164797879651992
-0.535007580942226
-0.5977505752831902
-1.224100814597233
-1.406206173209157
-0.835229016675833
-0.41027953076679685
-0.08467145779120391
0.1096417249894908
1.9708750304469003
1.1925674985785082
0.9332410394523333
-0.37210402433777906
-1.4134682489905954
-1.2075133777726288
-0.7148837623083264
-0.5152195371289953
-0.8972464693030455
0.1688576442125378
0.1369303112836742
0.00576135239410393
-0.8414580450145844
-0.4613653704582418
-1.4071377874074984
-1.3096973000644228
-1.0421300411391008
-1.0902354406566226
-1.0352389165532851
-0.7872059653675728
-0.9626155191607478
-1.2818858623047975
0.5121552119365557
0.28133286237246463
1.1719992896183589
1.3523361710888724
0.6138545411857472
-0.3677968473825396
-0.2967886052936728
0.2924111916312476
0.7837350320537754
1.836308719835861
1.7788231001834842
-0.378469376199583
-0.7477191920135282
-0.9385134650612745
2.3896673259511325
4.4816300536839755
4.001865970769621
0.3357236075498453
1.4979554301735103
-0.19270587454768554
-0.13921262491211028
-0.9190678201474577
-0.8700671470110866
-0.02729234751428478
0.31069738394737595
0.8310095390055221
1.0561407284401145
0.014952391462853423
-0.7713190620669675
-0.6235365627342603
-0.42882423883646875
0.34918029062641837
-0.1421210006008569
-0.03323261476021425
-0.07253414537141212
1.2726672686560114
1.7087303757448562
1.2251605962123637
-0.613730595502193
0.1799399139998253
0.4353211716522268
0.6843127032553333
-0.05932811557789135
-0.8112416802341349
-1.4088884250454419
-1.4192506756448044
-1.4391592617420765
-1.2768295805058405
-1.221486626449215
-1.1404412639861412
-0.87158034650229
-0.2663587522369076
-0.3636638337036397
1.0079262414943135
1.4866499765151007
0.8641913064607459
-1.0313794393808025
-1.1853729328507243
-1.387292204186263
-0.9623556781099428
-0.45648393449170127
-0.34921783829057723
-0.5084359480195626
-0.4962963679250226
1.5680496503262198
1.856210280801767
0.6606067245964913
0.8911757027277868
-0.4785199248280621
0.2239990252252356
-0.12047596769868692
0.9928325081941907
1.6466578486676953
1.8865266453451277
-0.08317733906875256
-0.03477419014780609
1.2386174514006694
1.1093610679293742
0.5315708351318243
0.589957369280056
0.8840334342270735
0.7166075669637935
0.7256364647890211
0.24146759078541155
-0.17374868269202964
-0.11937257147898746
0.949710759160949
-0.08041597897715062
-0.6192737893681369
-0.16249886141133404
-0.35269169869192846
-0.2066324048850661
-1.1513717867140545
-0.8260437700664784
-0.2693156752556818
-0.5800077353070273
-0.8463911213268888
0.04446607413080608
-0.366984436201088
0.03976040936611838
0.4914644248659732
0.3426344024971902
0.6289296679688611
0.2301213876585026
0.12462267322361154
-0.14050896178479175
3.2365253079876317
1.3103127747850791
0.15444305429713687
-0.7307760825138597
-1.3122944681537765
-1.3286923605161607
-1.3992185809556503
-1.4322787024644734
-1.420603740243825
-1.3722283671580453
-1.3567080670747853
-1.2930443800771256
-0.6187179312613014
-0.022391786010788745
-0.1457189332754837
0.9524421476715638
2.3095100257793715
1.932188510493725
1.5319338812312921
1.071361747856559
0.40806230105668045
-0.5562987346624091
-0.6561133229183482
-0.737967055901407
-0.6662609583946083
-0.022682834227364092
-0.02502862330038377
1.3367229347320997
2.7731529465597347
0.5882511514941985
0.015989477211432748
0.811040716997598
-0.13400238059435018
-0.8190057998110041
-1.2561415876242914
-1.3342664663920447
-1.335555041584433
-0.8647832479684316
-1.0056923710586128
-0.39807707076252946
-0.4642966998854303
-0.00021983479454154974
1.6904951329601656
0.09208651603012963
-0.8960249810854958
-0.38948810485034074
-0.12005282538537457
-0.3466568466860722
-0.026549884772852788
0.8198260303297
-0.22815057111406722
1.1918939403741828
-0.13108537161518016
-0.1761801895653494
-0.874671805457212
-1.1692316705394707
-0.46806614345411085
-0.9521137884684043
-1.0518914615038226
-0.26436542462993234
-0.6842862729539921
1.4236600845329304
1.5395479994759058
1.377192311682923
0.08598514682516137
0.1681653520428673
0.5992475454283741
0.8832642158535791
1.239455281270162
0.3584266381168726
0.5823571621648639
-0.00922378672658029
-0.27248309031026097
-1.3892872741582976
-1.2503990433844456
-1.2645872096098134
-1.1203096670218065
0.2055630802689887
0.07030208746847778
-0.006817946084877954
-0.08488648829328596
1.4845157382211538
1.0593860229859766
-0.8088615439594111
-1.1855963959971734
-1.2915010291949658
-0.07697018984093393
2.8279151153464404
2.547284442399348
0.8714405047094841
1.8119292094305128
1.1512836286348718
-0.6924975052667608
-0.9152032067315283
-1.3160015429718803
-1.210727654798718
-1.413799457817064
-1.302157766722691
-1.11487264318666
-0.8909746778660534
-0.4221957737392668
-0.4524521249809859
0.2778023817296213
0.12457949240691275
-0.0945287944751387
1.2317639678644032
-1.0631133991314272
-1.449728843717754
-1.3782842226794945
-1.4472280497927015
-1.1050109530507368
-0.7829550179741662
-0.06870914846666311
0.057448396501669344
0.9370966876627788
0.7776956298631447
-0.0716524483109423
0.5117968655698575
1.0715343057193938
0.8464155789990901
-0.21215874209641605
0.6287722075040243
1.57226916983681
-0.3264781305651475
0.5061086613894994
-0.006037046810689661
-0.13934855241092453
1.142364148543379
-0.7882871824074607
-1.275792915367268
-1.1791579595095405
-1.272216749821392
-1.4180010546675303
0.21730905203364426
1.6042792270368065
1.925183952943674
1.938031137762184
0.34627190029111127
-0.6964749404397099
-0.35380953399135306
-0.45120071746554863
-0.7185745375703652
0.045477304135434896
0.03279515440142131
0.218397275081762
0.1279031297124428
0.9081777767734003
0.7378647338269066
0.9444368051210339
-0.40402333308308497
-0.4230104864363706
-1.1334820969289756
-1.0447166700726311
-0.6145092931842102
-0.7271820647605802
-0.7396066618316156
0.1161257743931909
-0.11406595902665669
-0.006290504065045863
-0.7664939225575608
-0.2865904752919257
0.564941041657268
0.6539355596039693
1.0313223980295714
0.4780888773443372
1.3221793852642743
1.4986268112948724
1.3365149877173572
1.5739151026680673
0.6972415219439005
-0.2450208290511048
-0.36114114397894065
-0.6220387496214406
-0.6366586122255614
-0.30381263957645105
0.7860621800414395
0.5661492532015029
-0.5145411652307037
-0.8209086790701445
-0.001615165028760017
0.09964329068149777
-0.4718591825253634
-1.2681209690671182
1.6699421456907173
0.3281921673285974
-0.06817564231271016
0.16320643858482847
0.5912063252405042
0.07736627944981797
0.031235228994015297
-1.455897770238843
-1.180712192313667
-0.9422321270866619
-1.1356045031625537
-0.40871086695220576
0.3490934190843981
0.5573396691558987
0.32863116876343035
0.2713796556149024
0.18062500284422242
-0.31891002520875583
0.11593272015324066
0.19229848104989397
-1.0174789797052928
-0.9471487627440869
-0.37199227342715185
0.4035099616184977
0.9292197912614955
0.03314090855802783
0.6956001305768948
1.4530254426991362
-0.510638201238778
-0.3396169489977268
0.7766190791280535
1.8612435613335951
1.2125730639752028
0.16925674323171694
-0.3410221035589653
0.2632135986350733
0.48548833985889206
1.6579015964167263
0.6616329730765242
-0.21894543387717627
0.08696106094342443
1.1333141743656767
1.051205574814661
2.41587262610504
2.710179554283631
2.2084929241323974
1.1925691669204987
-0.19548214903560848
0.27391471614096313
0.16969832313848557
0.42851922373014045
0.14292118737280832
-0.721870950439582
1.4272582115120864
2.2065456771365928
1.5337140924960189
-0.4942343091952234
-1.0686075516905584
-1.2628688165325361
-0.4734561151049448
-0.8073546688916587
-1.0149898074776924
-1.024191275073827
-0.8356302143975889
-0.5878466627847183
0.2731091396173916
0.36326178074429266
-0.7852160933774772
-0.5512558242841521
2.1871776355781143
1.1993196262370067
-0.624657974378297
-0.05851713773289306
-1.0183031118318182
-1.2913002413338048
-1.3341237483172288
-1.2490756132781988
-0.31377612047954495
-0.5057539827846146
-0.14918679064656473
-1.2319321917740407
-1.096014182078138
-0.5325213812801161
-0.15699305437154837
0.06800754643155953
0.4507810951963961
0.13086102074481132
0.9183402851317614
1.0375423238461026
0.7431887627589772
0.012640865353181652
-0.13270095038278282
-0.6072043208916603
-0.6570248696751633
-0.10454421122644086
-0.6332479294986186
-0.6522216019861206
-0.9044452217060323
-0.7885231667380536
0.8257738093466114
1.8112640327338099
2.3620135537626057
-0.5676437213987626
-0.3572904529251191
0.6063998373718745
0.08864157721943797
-0.5244512971812451
-0.5028126880994223
-1.3819636854418225
-1.3702445321569205
-0.8950024039959226
-0.6553650271239052
-0.4906632303416196
-0.5278355789092701
-0.27800635632685383
0.4628479933831517
0.28432876789308326
1.203117130839768
0.9534958466609185
0.7409218836825725
-0.14293813017705895
-0.02821504094385813
0.44497034136925395
0.38373607220229716
-0.5068334792974339
-0.39261362477329903
0.3948365117909994
3.758567635815765
2.42449014713407
1.0559535115230256
-0.9151946437730801
-1.196303255071084
-0.6532683845874584
-0.7145060853633218
0.2028611091543651
-0.4158933075743395
-0.5551582548709252
-0.9954512309078342
-0.8344786169726245
-0.4701560200508341
-0.6439971339933764
-0.6933339000136105
-0.7684924435932705
-1.169115509721557
-1.1781391465549926
-1.2840490259322266
-0.0022402576179308058
-0.0483506170321607
-0.03073892353256688
-0.02585226181948579
-0.4758026396737845
0.17162048669486996
-0.28950218860876564
0.044944509221641844
0.5960163935979694
0.038020710653815876
0.13205869513416776
-0.6288838561041546
-0.7103385372912747
-0.4063548711755586
-0.9577210614410291
-0.8357552653158304
-0.5604231881188051
2.356462192972868
2.92025740939889
3.6626201247951307
0.8461755500346619
0.129564156072567
-0.4116103292813509
-0.9714490529087354
-1.3279651507608092
-1.3644058859408295
-0.5810935698084793
-0.4319797798094251
0.48605552122241125
1.1668741450333322
-0.16868340067868529
2.09657780689772
1.579270420532566
-0.2898066359799522
-0.325616931592784
-0.597763194142824
-0.9265214358251982
-1.3410044752802632
-1.0671489441671456
-0.9295243556332948
-0.3001135695569986
-0.387383731023698
0.07042214690215648
-0.6633442408391433
-0.30275519356687725
-0.1500883015360435
0.33341785068392255
-0.3872470660344474
-0.34929620778435994
-0.3218293608594301
-0.21321422897841547
-0.6317189565880276
-1.1982860993916808
-0.09193777309750657
0.3456898918405609
0.32106856875411316
-0.9189966419340095
-0.15782366058200212
0.028075572950526536
-0.4730536328265954
-0.5302884335496872
-0.6834635230816619
0.5802638939998302
0.8568542620162948
0.8561186407832874
1.7920838511992008
2.1928125703728374
0.8970770614996768
0.6908039216696759
0.011242779378023909
-0.7330437520277638
-0.7364592543981358
-0.8996824674637972
-0.9206753079459216
-1.2225018081924557
-0.8190770072460771
-0.8125326725764906
0.1363780299373526
0.6109209011796726
0.7688856720487942
