546
-0.2393020348049405
-0.44129915130856634
0.08894623643271322
1.5396106984030056
4.019958217166753
2.3167429596723244
-0.04150601892994484
-0.9721407483555403
-0.22965637962081986
0.7640219130757413
0.6980083281564646
-0.16871107458426193
-0.5029613553586323
-0.24975458647061752
0.07204285574695651
0.2919838750658817
-0.5172820251500426
-0.7385569830108499
-0.6716724539110001
-0.31232968517702897
-0.4278001582756993
-0.3554111738308334
-0.9208083258529186
-1.0009352831327423
-0.5094135786150547
-0.7622953559473185
-1.1820922425964375
-0.8293859954189988
-0.07438735312130551
0.29756976052077866
1.1077636773968065
0.08189212819348654
-0.5321140002698453
0.6788725357625462
1.6086347959752927
3.1998917146263754
1.1464935666350078
1.136384882506649
0.9525734617656685
1.3027617042998008
1.1808169088483509
0.26294807700492695
0.7837471303788262
-1.1542123525744064
-1.0824510643784957
-0.8845303504992592
-0.6684876727936568
-0.596057716779145
-0.6870182708184788
0.01617962254282755
-0.22951098365204214
-0.592528809020051
-0.6165742045876065
-0.15626963926728213
-0.27173273950289223
0.7430496106247928
-0.32620168020932355
0.11335281379420664
-0.14673598521678932
0.40230366473417495
-0.3232928254375105
-0.263816632143991
0.21320103579107016
-0.25172388261630596
0.11864550447746001
0.9035551630404834
5.722345800843289
5.327072435210725
0.8966959577170194
0.41726392840392496
-1.0347641602218225
-1.2819012336907385
-1.0464841240858243
-1.231978808547275
-1.1996039434289671
-0.7829144903795132
-0.583584842305373
-0.5150073047145373
-0.25757742157578456
0.08585980338749395
0.22586123622791177
-0.30917472157835546
0.4904263298621674
-0.05394740312341275
-0.30445341036361817
1.052482977561145
0.32582670212795134
2.4271355327941437
0.6340737832671609
0.06392323023130994
0.2519837421564845
1.0332741759784596
0.9632842136028797
-0.9618543673631903
-1.1530865104632446
0.8809674578430917
-0.0792888957682367
0.0685448165831304
-1.1316501626994768
-0.9169436488524103
-0.327485755581853
-0.34807528124487713
-0.1497172544058396
0.06922521169502575
0.2557391892202264
-0.7652369444987626
-0.5392321792898289
-0.19792236974638427
-0.17977541801337638
-0.8227738720900734
-1.0555331694236845
-0.016792110921754536
0.44188957207685875
0.9014811934503335
-0.04239324353531958
-0.20045085520855999
0.13892350394922356
-0.28855407663557714
-0.09966704633809013
0.11464699403603543
0.2605828896684659
-0.3817955443688824
1.6453720773900127
0.35730601814603674
0.28020322256130553
0.5134028057734925
0.2339436779505886
-0.2619435770436815
0.3609565647591482
0.06389729788133945
-0.1394021290978383
-1.07356853031161
-1.1303648029808728
-1.185435268953165
-1.038010982913623
-1.2076011611570965
-1.241568274394747
-1.1166964258910848
-1.076160157290484
-0.9423822346752643
-0.655696743641035
-0.4099357436956783
-0.15947230379119592
-0.9446692839936347
-0.8185485834027796
-0.6527617625579948
-0.21177132791414194
0.7002162610931327
0.9705507450992169
1.519258162482603
1.110883015549024
1.254027650563284
0.07907776115472546
-0.5525949333907441
0.8689057723161088
0.030781470836744193
0.7298367651928394
-0.46100123034317386
-0.40853032283716983
-0.6704419170905035
-0.18743046422011314
0.3763867681091209
-0.12668228346461005
-0.05703768085923482
0.048499672695689465
0.07720095890416456
0.49842069547826634
-0.17930329256960814
0.14692797904823116
-0.017730485717937904
-0.1164746405211764
-1.1219397955697885
-1.131685176508425
-1.2155319870690797
-1.073609183885748
-0.3614430089255614
1.4079633579358424
1.6286301983342286
0.10857438925883844
-0.07082179588848565
-0.24628368781002527
-0.3004840426268403
-0.823170841782431
-1.0666887941731589
-0.9668123926681521
-0.775332253278086
-0.3202481385547163
-0.03913005972961871
0.2375647914203851
0.3166461719684568
0.18180975735659863
1.412446217735114
4.9889006683106025
4.936559073487709
3.1667402408419782
1.7371014958219686
-0.5820207570642737
-0.42956644816738904
-1.0480768756958876
-0.979989312317837
-1.3220411011328483
-1.1721876653049466
-1.1504893662753661
-0.6807061728567763
-0.24473585012699792
1.0902373593037413
-0.13277732003004525
0.30601585039691637
-0.35973229627202113
0.4020141411021159
2.1269612662305803
1.4104491346254278
-0.07815996605008897
0.1432664512284236
-0.017914073255604398
-0.3776284349854145
0.3315580150408903
-0.5921177391307915
0.3499559695327187
-0.008736243176101454
-0.23298771461293644
0.1783534534872727
-0.44602870976790554
-0.835465409329168
-0.6929023053392436
0.16129406767949706
1.555768245910788
0.268885391127769
1.1706010268623661
2.1160087111760904
2.0990448512059254
0.4444730413815338
-0.17047514377111472
-0.2211711849156603
-1.2991250427509187
-1.420437264044385
-1.3871444483878348
-1.3221712448188978
-0.35394851212967954
-0.14882185857448096
0.43647048676048816
-0.6237428090671429
-0.13670833475404334
-0.38791489624993164
0.2952905407177252
-0.23472592336781986
0.35611138819981963
0.25133027562719445
-0.5278315102385481
-0.7373213981206429
-0.41451209103512254
0.5074243995266031
0.6412638570050689
-0.046756801004207295
-1.1538587855916063
-0.7619874057522709
-0.477518424547316
0.3812504362868696
0.7751389591279192
1.1420923393305276
1.2607103738384429
0.7108798039495147
-0.21341458984211903
0.07736812739560817
-0.6865210123898918
-0.6656507870065568
-0.927279700878305
0.7800880224363635
0.14814547071724818
-0.3927129820170495
-1.0313360602274497
-0.7427142427951698
-0.5862152735114757
1.0695834448504073
1.4696935812122351
1.684767827248797
0.06148540291814056
-0.7181335028480125
0.9001069858957752
0.58095543244076
-0.09362363680751175
-0.003729492068968657
-0.3641928228039865
-0.2525373642934096
-0.6274854819939564
-0.8634242752451914
-0.39047003187846574
-0.40755553607843703
-0.050180192404557164
-0.13788672665193114
0.1308859857156928
-0.21142196802011548
-1.2979894170727055
-1.3570361406400766
-1.2804864106734992
-0.9772704509450515
-0.9643445046303742
-0.6064497180934751
-0.7821724178619449
-0.2543094618419157
0.5136788982991645
-0.16052345086833641
0.8667507830794202
1.2638939440326853
0.8885426163897956
0.7805484219528639
0.46012568216180116
0.584487661581494
0.9372633249165195
0.16683781829126976
0.3813045041039842
0.24081407191528145
0.2530361042542992
0.6191425140240154
0.24753660710561143
0.08069593427411766
-0.6921862291152503
1.6785842436343195
2.2976697649066544
1.4002307977798836
0.9422620878924888
0.23868400682842028
-0.4085174816109643
-0.6540680369971207
-0.7500769379071157
-0.9573124831924154
-1.17335578286041
-1.0708442085657675
-1.3310340446827345
-1.2740918119122462
-1.2634834207898715
-0.5726377874911331
-0.5975955022907952
-0.6463623981004374
-0.6611759689500399
-0.31548994520182494
-0.3850789846863332
-0.3776098332047795
0.19824693678229632
-0.0317268972367964
-0.4583377545739
0.4250236348274979
1.1990697056282575
1.295996691847088
0.33536598061535255
-0.9386074801641967
-0.8778668230419813
-0.8572482496613715
-1.0801697856289005
-0.9536633663816126
-0.2213348302944082
-0.39395779235489564
-0.7408009177943042
-0.5613226508173458
-0.19577201041645984
-0.4138876012299481
-0.41694575436525566
0.3684426347127022
-0.2950349092405433
-1.008984582699639
-1.4686818527222012
0.3298702026781657
2.2240268555552913
1.4162860539939777
1.304061232572551
-0.3972066726976581
-0.4621106678485665
-0.08667976149544965
-0.3116387683569877
0.4182257507055574
-0.5126802849338916
-0.07369451779579517
-1.0349302761789292
-0.8019884801472965
-0.7145491722617875
-0.6299003762721275
-0.5825324269235558
-0.7533168433842071
1.775966123235816
1.2669047699931162
0.5008511601533664
-0.3583979959919984
0.4444444684998813
-0.16330979375345775
-0.36398832458077385
0.04365915151188167
-0.13765887578620292
-0.18249517307275398
-0.10340004725262168
-0.8022600104591596
-1.1745299507258964
-1.098852915818015
-0.8573509865648041
-0.9472111032514693
-0.6585168923546898
-0.981602175272976
-0.7068973012147801
-0.4323576079482223
-0.8306369549548757
0.3610764284457869
0.030823604843758404
1.0720518540079291
-0.05431376244374779
-0.9759322487625299
-0.22745731795067334
1.0747282732355972
2.3829305157236518
0.6506781391932944
-0.19249225616684562
-0.6334761424355532
-0.2315379195406019
0.8590683051877956
0.7612009697303895
0.666833725645314
-0.17910451498929597
-1.230947110634449
-0.6365114840435255
-0.3459949157283848
-0.4815613335179248
2.046271702231129
2.3461683320586975
3.197362180127624
-0.4128063537086921
-0.44100854393166417
-0.7834502135695037
-0.9287413646383612
0.32873403530823503
0.009840229903719269
-0.2198205583486192
0.24041786056444125
0.2974836265721369
-0.3200866100030283
-0.5685904066344823
-0.5539081153305915
-1.1361286510498303
-0.6621447509218529
-0.09791177377440019
1.3054681307092357
2.3392053298056004
2.0768325497726314
0.6512605071035712
1.8067558045676753
0.9997313801699248
0.653603720290149
-0.4720690545445298
-1.0541636332009021
-0.838768509401939
-0.2336774614351138
0.4194966982198234
0.5760935142481435
-0.06416791257142584
-1.2340842440535298
-0.9881623230681346
-0.7310260463933974
-0.22737698822783764
-0.6551667319434021
-0.5146530059007474
-0.1295683811470916
-0.06598483900702862
0.25958397771294406
-0.36683668285497634
-0.3961732806612115
-1.3743082125510704
-1.1900083591464345
-0.8743605498817282
-0.46719116302237035
0.58375725714517
0.7406191182840622
-0.2404950474376578
-0.14844340344342533
-0.33298933617901144
0.20286584001164698
0.17448186615911432
0.016054551988087994
-0.8602495828887964
-1.0369080545895488
-1.0007021683354695
-0.6647981872482985
-0.6245376179801381
-0.7819329096139321
-0.5276895853499579
-0.2342788189077709
-0.2518427967948549
3.6262883422661836
1.9162462907624795
1.2776411697621501
-1.1541351800974828
-0.9132427093249434
-0.8014938506239512
-1.0499661699815208
-1.2361687331174465
-1.0558540047067007
-0.47999146933515635
0.8104836528308375
0.2510197882094454
0.5221087421682874
-0.4209538449976456
-0.563184630222977
0.06632577226463188
0.10064361313866714
0.43230990779864337
0.01895798736003736
1.859961343912113
1.671829904157149
0.22541240293877884
1.3760804568891054
1.711693952074856
0.9748697649797676
0.7360262854230814
0.4929063626157304
-0.038537557154178934
-1.1627939258917275
-1.20546054726763
-1.1649377955806037
-1.4543358892392924
-1.12864208645279
-1.2864228077552275
-1.4890196773341806
-0.38172967735505753
-0.12790343670805046
-0.28001014985163936
0.195739537679807
0.17773519849395125
0.7841213876886816
0.018173912698438544
1.062123400215679
0.17286489380398512
1.7547418413260147
2.8533003688033576
2.7256881778169917
0.9159341633561155
0.604908980318795
0.018447099642869218
0.42369265925820465
-0.31607901039019887
-0.6100045939973041
-0.1656352128734559
-1.1484396289265901
-0.917644774291149
-0.6838262750946764
-0.26686510278759135
-0.543927316185385
-0.649916575814969
0.38025140349327335
0.4315586222066511
0.7976219825041166
