546
-0.0877349
0.213181
0.64527
0.40647
0.605879
0.559773
0.803337
1.45419
2.30321
2.42095
2.7398
2.19354
2.22982
2.13536
2.17102
1.14097
1.47734
1.09649
0.490523
0.673161
0.0565188
1.1233
0.246098
0.587706
0.639308
0.976126
1.76694
1.3026
1.90266
1.40465
0.421818
0.307507
0.100579
1.65064
1.55425
1.53124
0.824707
1.19208
1.34259
1.7343
1.77071
1.89474
1.27395
0.299
-0.0409619
0.314805
0.686229
-0.03968
-0.483216
0.247018
0.324094
0.241881
-0.135753
-0.392622
-0.929078
-0.293605
-0.458457
0.458985
0.174995
0.240468
-0.108254
0.399048
0.536904
0.370877
-0.740678
-0.165457
1.1184
2.3582
1.82945
0.206282
0.767001
0.892891
2.40389
2.17677
2.42257
1.96675
1.12674
0.13767
-0.0966213
-0.424316
-0.102392
1.00396
0.699957
0.230635
-0.246466
1.06398
1.26964
1.1371
0.038616
0.349276
0.652469
1.23204
1.90676
0.798381
0.458287
-0.302548
-0.617126
-1.0207
-0.31396
-0.146326
1.3385
1.17154
1.58066
0.502718
0.876968
0.225456
0.665938
-0.105114
0.0591648
0.0314541
-0.0300893
1.11876
0.594264
-0.0182184
-0.536361
-0.2614
0.103325
0.128779
0.114073
0.461034
1.08362
2.09774
1.48976
1.84899
1.88486
1.76855
0.802206
0.324517
-0.251726
-0.434137
-0.869869
-0.980153
-0.623645
-0.00014715
0.90111
1.54394
2.31549
1.90854
0.973283
0.241253
0.703452
0.354851
0.134244
-0.0903913
-0.211544
-0.541081
-0.63879
-0.572684
0.131271
1.34889
1.86127
1.17858
1.08943
0.693385
0.305
-0.0315134
0.448671
0.505618
1.3665
0.135623
-0.170868
-0.266374
-0.413513
0.288833
1.28045
1.07693
1.28694
0.474694
1.38916
0.941596
0.0467941
-0.0616481
0.641324
0.0997914
1.37176
0.760003
0.877971
-0.154221
-0.0187846
0.575698
0.348321
0.578235
0.247732
0.779635
0.678212
1.76105
2.02325
2.20171
1.06306
0.931982
0.721133
1.2349
1.17577
0.780024
1.17348
1.31757
1.88336
1.21487
0.147117
0.0769357
0.847749
0.943418
0.964945
0.207896
0.126544
0.204705
0.322527
-0.261494
-0.602555
-1.19837
-0.0810123
-0.244595
-0.507696
-0.236886
0.195946
0.777679
1.7416
1.85276
1.90943
1.33845
0.668617
0.720422
-0.14033
-0.032176
0.344214
0.939057
0.53746
0.997454
1.73447
2.62239
1.2426
1.15443
0.994655
0.60111
-0.823741
-0.79054
-0.366435
0.282889
1.88199
2.10755
1.31546
-0.244385
-0.137226
-0.58392
-0.594212
0.272265
0.416987
0.801273
-0.150632
-0.408908
1.20649
1.91761
1.20263
0.135134
-0.0936261
-0.293006
-0.0841348
0.358893
0.963689
0.449917
0.516587
-0.558443
-0.772873
-0.851511
-1.15704
-1.00311
-1.00113
0.894253
1.37638
1.47684
0.173509
-0.256224
-0.499292
0.187592
-0.0938532
1.27991
1.15331
1.72758
0.970417
0.454547
-0.101406
-0.473909
-0.495981
-0.139352
-0.0875857
-0.0977706
0.429435
0.988197
1.23767
2.01812
1.38336
0.805688
-0.440514
-0.528484
-0.139047
0.636742
0.498922
0.723017
0.0896095
-0.724277
-0.262467
-0.580217
0.950847
1.02545
1.84717
0.603279
0.401238
0.357424
0.68845
0.783917
0.598643
0.325598
0.0303478
1.22469
1.74866
1.60779
0.158414
0.0558636
0.802225
0.593778
0.522371
0.728476
0.431501
1.60596
2.1064
2.06852
0.765303
-0.870601
-0.742286
-1.14815
-0.616552
-0.34422
-0.0294346
-0.175379
0.638425
0.518027
1.06113
2.07802
1.88677
1.21555
0.557555
0.916052
1.68175
2.31489
2.33842
1.38306
1.01615
0.306245
-0.126526
0.285757
0.427869
0.202222
-0.27115
-0.49699
0.336251
1.68153
2.75665
2.37106
1.27381
0.499839
0.17788
0.667243
1.04553
0.754809
-0.0178272
0.944457
1.68176
1.97164
0.14201
0.16542
-0.103348
0.289458
-0.272757
-0.208451
-0.143884
0.320441
0.944327
0.693414
0.625019
0.734794
1.1469
0.26945
0.757971
1.27195
2.03091
2.28128
2.02891
1.39936
1.3718
1.36393
0.737238
-0.0792415
0.183594
0.57809
0.10674
-0.895937
-0.967911
-1.23214
0.0406364
1.12073
0.964264
0.306507
0.19499
0.483818
-0.241298
0.480135
0.957663
1.15559
1.57294
1.48447
1.25585
0.0487029
0.304287
-0.214778
0.0188409
-0.839409
-0.0733816
0.514321
1.20035
1.89331
1.83961
1.96249
-0.00643199
0.0815232
0.551458
0.832385
0.464685
0.624439
0.772365
1.93657
2.80876
2.50501
1.37573
0.0675436
1.38392
1.36668
0.859432
0.111698
-0.411586
0.186308
0.32214
1.26409
1.00879
1.00478
0.653624
0.140587
0.628393
0.676641
0.350973
0.01961
1.30947
0.686788
2.57284
2.26891
0.715351
-0.440126
-1.10596
-1.18562
-0.93368
-0.242861
-0.184698
0.00443533
-0.469966
0.71804
0.25498
-0.163774
-0.323269
0.809876
0.288326
0.815848
1.20438
1.43063
0.335504
-0.878629
0.279471
-0.61729
-0.694325
-0.583061
-0.436555
0.381104
1.00398
1.92301
1.60321
2.10047
1.87321
2.25765
0.326841
0.280604
0.655855
0.650643
0.663812
0.960413
0.905357
1.47798
1.66609
2.07217
0.844423
0.926173
1.34774
0.68424
-0.127479
-0.692011
0.312434
0.336383
0.840887
1.09954
0.654719
0.244765
-0.632794
0.0154405
1.67616
1.76461
1.48975
0.186274
-0.50057
-0.161236
0.516079
0.612365
1.24147
0.593785
0.252025
-0.750461
-0.750777
0.727871
2.48314
1.84523
1.02055
0.264767
-0.265276
-0.876318
-0.0496037
0.446519
0.58498
-0.301625
0.408966
0.467642
0.802833
0.846558
1.28323
0.221733
-0.50536
-0.647391
-0.827338
0.500189
0.761494
1.08251
