182
0.5994854309506629
0.46563378820190565
-0.8744354708016697
0.6689067643441461
0.9482088255524455
1.9507874803783147
-0.3866826793395229
-0.7771327480506536
0.2396732307510695
-0.8055120607398751
0.6434307895311686
-0.31320224918387307
-0.02633387848120893
1.578310416698
0.23876498108454422
-0.10709328382612097
-0.8604869442250084
-0.831693013364061
0.7785806024144962
-1.308445356136032
-0.20125345568841518
-0.3901531840048341
-0.06263660269170578
0.8240545912054781
-0.4078062898195915
-0.17277943630351117
2.480449471502983
-0.863476238533014
-1.1083161931737535
-0.18686872222257686
-0.6873268790136031
-0.484986667834418
1.8078629733184275
-1.3093031779543918
-0.7656490843742743
1.0543656911050547
0.7217157822231679
-0.0019507634810549028
0.35188712585695714
-0.16554227096928842
1.2499312664261848
-0.7023020448433037
0.13159750015996277
0.9623732894479761
-0.7774698519261032
-1.3892344261241145
-1.2488470501477513
-0.7502483669206734
-0.14155025557874346
0.5630149309046526
1.0101116952337892
0.09090463933746476
-0.6248692314281905
-1.3461791209730447
-0.30257036465563547
0.3802716658507812
1.7697317183871286
0.06649726893893432
-0.3018325663694533
-0.6952957927077325
-0.11360442055531884
-0.05123989690590409
-1.1115365053446546
-0.19200755984857013
3.7779077003724795
0.29578718846168167
-1.0279982493964916
-1.0855341719757727
-0.07524499266435816
-0.014904944652175737
0.010264441394383176
0.2974008060791702
-0.3953956398313685
1.4454066488462063
1.7818777167047954
-1.2271254144352537
-1.0986048372276918
-0.03619004832678391
-0.33975827560770605
-0.6842435197604007
0.08903688088528162
1.0191980530627807
-0.2516182431382308
-0.934518434284257
0.13628932568131433
-0.1661821908594941
2.525462694781357
0.22783809292958587
-1.257068970548377
-1.411079056139098
0.665098001043342
-0.814321090750864
0.9664190112729499
-0.2991588229092617
0.1254453784978549
-0.44408118783548767
-0.12531456545137012
1.3349389202301976
-1.0135972446599504
-1.488269429239946
-0.0834749632573789
0.2911932163842647
-0.6948713769709822
-0.7211659360094216
-1.4190723709031698
0.2344430279916834
3.5506587813450143
-0.7771931871030134
-1.0808704563963203
-1.1368387088789307
-0.7960419472013052
-0.43361666338743116
-0.5167009609082113
-0.14659384839735637
1.386800062921571
-0.9608718223546573
-0.5229201193693863
0.05786383395695518
-0.45076099424112565
0.6273956180946932
0.5642811134529454
-0.4809271910974031
0.5448836358575831
0.20056427343075156
-0.2666574276959161
0.6078449065368491
1.5221933076104535
1.1046071964867739
-0.6663541062035204
0.45927442583352585
-0.8818504092328753
0.15488683287390131
-0.5836738022678293
-0.510454279972765
-0.49480256061768935
0.4849888610442087
1.6945143838298415
0.8345781943139284
-0.5327830090924957
-0.9998475218417501
-0.22080951284375225
-1.2692958836498065
0.13269497922079992
-0.20235388535626403
1.5648283517793995
0.009026507543192312
-0.8239497317410832
-1.1449526053603911
0.2986689894973574
3.1314702874481957
0.2694531830257058
-0.02912620893490616
-0.7313249724200704
-0.035909574533561604
-0.5291410491596902
1.5158827326992115
-1.0447476390276011
-1.503239002422399
-1.2809375227213269
3.2174279167608404
-0.8244509525579459
-0.6766220113602843
-0.3290425144015478
-0.5108350140790902
-0.22553366612701906
-0.025725420639725004
0.06628730327751872
-0.5096290474554592
-1.1356771551467608
0.7654776353934203
-0.5648546159700857
2.030664459077713
0.32994088827069395
-1.0230232437662117
-1.084869545913412
2.1354972663270773
1.4391119003524266
0.5547445636276582
0.19671006788159695
0.047469926058552825
0.36863500432945684
-0.7474285413594969
