182
-0.8362642430643935
0.5940795042629958
-0.4682850194528714
1.3194476195736111
0.8033284190111121
-0.9972651695259683
-0.9272451275582702
-0.5383852022923404
0.5545629756600299
-0.29116172166129395
0.46282724863671904
0.48202674574134663
1.166844850047575
0.016322531342216097
-0.514677681808069
-1.0324126004806655
0.7815782403643293
-0.2845359278095312
0.23498008460637912
1.0334704211549026
-1.150665653892315
0.3019029535787772
-0.1450544127720668
3.7045689928080763
-1.002731080052243
-0.903449800667116
-0.3604733552324884
-0.3663137242276132
-0.37985823018350917
-0.8505868943549748
0.44988211767974423
-0.9232835565889409
1.9280270186135136
-0.8447190537190425
-0.7547005605170293
1.9839001630702104
-0.2066737451577361
-1.0188038067939371
0.020368589850897522
0.6925720553910008
-0.12452843667079326
-0.47402847068646775
2.438159204475189
-1.0000724918409722
-0.32294349137393946
2.6048503047451628
-0.9939600025183941
-1.1467179175048559
-0.44153712930707
-0.8546678640439171
0.44367405167447876
-0.512215725261398
0.137066396200496
-0.27505192464314715
0.6832408387309379
1.8829252691637273
-0.3320067814530887
0.14952666341653356
-0.9841209377862412
-0.28207742187777446
-0.6996825089884705
-0.22848809047963028
-0.2727167381693195
0.562484461106481
1.779335957613327
2.3043612245384364
-0.9605480936629519
-1.0849407787468646
-0.675659679238199
1.2015368554834722
-0.515272301737424
0.9393729646816673
-1.0142246429146453
-0.1239922750441419
1.6302753582659781
-0.30989139630967744
0.9435405715169658
0.053278638678396585
-1.1409426714135344
-0.7880011101542292
1.5106654162522042
0.23364486452850525
-0.5917911873651581
-1.1527422771479874
-0.5441638247733621
0.05516171346321506
1.059236222152601
3.38317158449339
-0.9993801178997621
-0.7137262968104569
-0.8373180531531629
0.3127372040468549
-0.36067151410257225
-0.08168179941137993
-0.45322078340691774
1.0030508050558429
0.9723035895953086
0.7431646717212965
-1.085282136911831
-1.026567408869666
-0.5603367095392644
2.8916492071626627
-0.8093052709404189
0.027766937673534515
-0.20175509111718348
0.33170033582582764
0.3588450920873197
1.16432031971873
-0.8493802852245805
-1.1639230820680817
-0.7528378070347506
0.16270936088028348
-1.1102805974102652
-0.708685130263058
1.6546739054396122
-0.6985571659492975
-0.38791326417624017
-0.5755012810315013
-0.27948981524078625
1.6568770042842598
0.3941521136010391
0.10304272338540396
-0.8669681748419114
-0.2664595699346594
-0.27283499759282337
0.623297128398863
0.015319107791242823
-0.9122715860600071
1.6253539773665586
2.1014318743858267
-0.9814155806499866
-0.8921480211631403
-0.6003027181463655
0.2510389739374851
-0.3953740649033838
0.7038710338543673
0.4486351080755554
0.9115526840433598
0.06001239688441337
-1.1541898610449222
0.4037029954705082
-0.7987504778144197
-0.7804579145145558
0.16675788019397234
-0.4465091263707814
-0.8336898664910612
-0.8047666486572005
-0.09315851992393959
0.8298983437854696
-0.17512668099773954
3.838688486615805
-0.07903951429038954
-0.9939738850322256
0.30082934011965407
-1.0004138867072638
-0.5938224232653581
-0.6914564667910639
-0.2528239358748439
-0.5227583017310605
-0.6359313483932243
-0.5951501719743894
1.6878928974549454
-0.321292580876823
-1.079861205566914
-0.3520019016633121
0.3046123292693182
-0.5023877932209636
0.6462200611825347
-0.6464514233811431
0.700881207053099
-0.8357115326809718
1.6627940673147341
-0.3166752311915099
-0.9713313309224314
-0.8794766357848018
0.7944866233639648
0.22875985650242814
-0.23510514302481847
-0.682060704319255
-0.919656172310017
-0.7117754423957817
-0.21530154612396848
