182
1.7
0.78802
0.475458
0.214765
-0.348844
1.1577
-0.491445
-0.296934
-0.445052
0.353615
-0.393891
-0.272984
0.842569
1.66573
-0.269039
-0.320413
-0.2313
1.60489
1.0765
-0.483207
-0.26312
-0.183455
0.270202
-0.149393
-0.326051
-0.00299875
0.883872
0.132822
0.615469
-0.196477
1.35476
-0.640478
-0.630208
-0.43044
0.0599613
-0.683262
-0.404977
1.76188
0.0512509
0.0870406
-0.361867
2.09113
0.357695
-0.343181
-0.615411
-0.498485
-0.554547
-0.630535
0.0727784
0.0475964
0.503583
-0.100623
-0.592303
-0.50038
-0.263681
1.31369
-0.501383
-0.0968733
-0.402486
-0.377163
1.77609
1.24232
-0.306042
-0.511184
-0.663123
-0.444391
-0.318169
-0.0205973
-0.117959
-0.477576
-0.583356
0.679347
0.150485
-0.415055
-0.293647
-0.385001
0.491917
-0.186736
0.0134826
-0.253902
0.376336
1.63821
1.17864
-0.49217
-0.676955
-0.141069
0.0594352
-0.339134
-0.374706
-0.108656
-0.423126
0.0913541
-0.36103
0.884238
-0.262566
0.548122
-0.447455
1.58478
-0.345291
-0.589982
-0.0656243
0.192298
1.57617
2.72007
1.07827
0.187366
-0.498507
0.981338
-0.621677
0.722392
0.278348
-0.0291847
-0.678494
0.21531
0.76635
-0.131693
0.0558611
-0.0761922
0.741186
0.0657968
-0.317624
0.86817
1.63607
-0.293756
1.05447
0.0162248
-0.405709
-0.0509476
-0.461469
0.754728
-0.497605
-0.15645
-0.570959
-0.550793
0.0215048
-0.468317
0.802702
0.603228
-0.332264
-0.559496
1.80322
-0.404665
-0.208969
1.60432
0.912378
-0.403227
0.0634858
0.564402
0.0208849
-0.54918
0.626994
2.03557
0.863297
-0.180097
-0.439726
0.0194234
1.9233
-0.576112
0.567599
0.169723
1.5753
2.67714
0.513764
-0.448999
1.04189
3.42326
2.59799
2.55783
1.99939
1.75933
2.7214
1.55705
2.51657
2.19289
2.87804
2.60314
2.43721
2.19626
2.59629
1.95749
1.01002
3.14352
