182
1.5685365379813974
-0.5461142225669436
-0.8571756158950354
0.7918640248224764
0.08107592979919433
0.26396974285363317
-0.7753680595173222
-0.8138302697765668
-0.16325180806044154
0.27019346105131237
0.8913370769005088
-0.38854933068247904
0.258216288863192
1.6713350138987886
-0.35832935761215245
-0.7024416823841654
-0.8404741789735307
-0.25718626037828746
0.3764963568707357
-0.7386313178958401
0.8089114459818801
-0.7965783010957446
0.13866445392637736
1.2058929731618082
-0.533631101430758
0.6403295288173481
1.5399987318045034
-0.6612892112733462
-0.9619385542221303
-0.12979046189102655
0.09107820950563954
-0.3061601807647975
1.7759892742358274
-0.8446638447980881
-0.020692100340187217
1.5567764390619059
0.38109457415374887
-0.7014061346880782
-0.7489017855025616
0.2470600154125631
0.3830558007710743
-0.7863672059663426
1.010693729227955
0.15595333646311557
-0.8555159501592577
-0.7046685677844656
-0.8205131855321466
-0.1586048509690513
0.4265692280452001
-0.04918262078876311
2.8698515859610216
-0.2897039982868354
-0.9120913983674845
-0.9997564245339597
-0.1575615805726481
1.1864844940170667
1.4204640841077396
-0.5512961601745711
-0.12899550315508898
0.16534295916620514
-0.5554674058066071
-0.8328183483196515
-0.8153306532803477
0.45341623889477617
4.653465747797485
-0.45443061243676813
-0.8703964947756901
-0.8206167131285917
0.1760662352895535
-0.5322688821780338
0.7783245137322333
-0.6289267982407094
0.03557324531956871
0.24444488791688404
1.839909093358026
-0.9619148183748925
-0.010111398018684029
0.1707136557803227
-0.7508599982422574
-0.8229970870819574
0.03737686722747197
0.6999996187266034
-0.5802506176500716
-0.6418432158623388
0.9839638627681667
-0.20428686306157254
2.2878398328440865
-0.0705419029860302
-0.9150080590403165
-0.9816369427262971
0.4362912559520865
-0.5002499635568995
0.5316640493102877
-0.5201756291025443
-0.18859840105570053
-0.5263491511218014
-0.07473319744451522
0.22935367971994056
-0.9131980052294945
-1.090374412467097
-0.41005993255673107
0.6357385496644381
-0.7227723824912189
-0.203146728258403
-0.9405431854621203
0.44854380388638065
5.9419677716537125
-0.8297730349424652
-1.0680748173536327
-0.927495193544527
0.15832670611183783
-0.12300843937050648
-0.6161025011860495
0.6620817257740513
0.6249819900828516
-0.724699811764549
-0.1355115190052793
-0.18165675144472954
0.0008164815025143498
0.8791098519859715
0.2687453720295695
-0.6835466673020346
-0.5386131991383915
0.17975302022949285
-0.3074863179289708
-0.06943160471277264
1.511599326722383
0.24142642506101084
-0.8414897255986331
0.34686988958358295
-0.8216954879420916
-0.38343627899686683
-0.15236842978489643
0.0029309645903479475
-0.8860191767552287
-0.04509138046547258
0.7609627663637694
-0.21749198147967067
-0.8720195944566775
-0.91391576143018
0.9414169635628223
-0.965687808155701
0.17460118808940878
-0.9734762745740542
1.9635679900998826
-0.8408535904670993
-0.38136925170498326
-0.8726605742885614
0.5382474667745343
3.369765974779623
-0.24707142371025395
-0.14514195588352458
-1.0369816008517836
0.08023591166134775
-0.3665634109933101
0.41991396884328414
-0.8840733335663717
-0.5889216793768653
-0.4777451814868984
3.138194600342228
-0.6518149933436188
-0.483731308656873
-1.0161179093248616
-0.5383130995115973
-0.17061791360836373
0.15148676917637216
-0.28545859925468176
-0.36468168361706105
-0.8352442657447211
0.46214037996390356
-0.6381162645521009
1.6139737201895226
-0.3363650689040153
-0.8790639600166646
-0.9213695936199486
0.6083959027611742
0.07768823144077852
0.3463635136997489
0.4089883625967451
-0.7922419548342285
0.627135936737013
-0.1884302068107253
