546
0.1835070202414464
-0.31777978357799935
0.0051459865270537305
0.20245376943766485
-0.6413558272336045
-0.7653036577866539
-0.7570754397213681
-0.6364473107623404
-0.5870508487692753
-0.43710113409060986
-0.22403542601625875
-0.3033780968711578
-0.3710301210415454
0.09870210802414897
0.01857962182751039
-0.8363267418564514
-0.7617177243066566
-0.4097702653475411
-0.27479304476325583
-0.3478893507618639
-0.7455842695628722
-0.6235225812124507
-0.3232865160803452
-0.20316374746696758
-0.15262693258174256
-0.692718107382019
-0.6147852564607439
0.3898091511782907
0.6586894122380981
0.22057045098168696
-0.3689224555212612
-0.5107293642184249
-0.17271737094950584
0.7284062666509136
4.8534705979541926
4.776688400635108
4.554702189398106
5.083955943934806
3.238565889877767
3.925392283619241
2.937934822547927
3.2191714685532467
0.4557178665854262
0.39180140720138684
0.43595582135257765
0.5299533371728469
0.74229335790053
0.7665801308174515
0.0023321024903689815
0.6178462537486966
-0.4397913180172637
-0.36666627083860726
-0.5171869772639228
-0.4127057488470698
-0.7139565299486323
-0.6333285164389488
-0.5237187925244349
-0.4400612677911651
6.458398357606659
5.62344234723694
5.437330274076577
0.002515088176692644
-0.5310418814305854
-0.4767752748041411
0.1291415759931271
-0.20114736645391795
0.23970097621232953
0.028481456900377594
-0.49091668876229366
0.22615607241092206
0.41494721061985546
0.3520063531465551
1.048363971130754
0.34516313241124
0.13102193612675578
0.12382393359679368
-0.8394799421025092
-0.753595483577024
-0.31357597653996766
-0.24135818008967275
-0.10007226854635945
1.3512778912067107
1.1974935452157105
0.10115425840676798
-0.28376149698037095
-0.5718537878192563
-0.25537055635678263
-0.7076493881842516
-0.7275791594196163
-0.7309410731868156
0.802873816987499
0.7925109673647033
0.460385677319397
-0.24056660443441039
-0.39715259649836876
-0.7369771869282209
-0.5006102882878707
-0.6701933192999626
-0.7787440964742577
-0.7649293020693018
-0.5998882020977402
-0.5691051998998198
-0.016556173167997956
0.22891212756208842
-0.45609856665576554
-0.6297519460998833
-0.5618190068535134
-0.6439176694489739
-0.6663952074808459
-0.7550416200649468
0.4517485159542948
1.2387492852431625
0.3335624114170706
-0.36209292050793157
-0.6915618670593976
-0.6846635781623317
-0.7153979431526885
-0.518171357593062
-0.3443213941690863
-0.5977469157546729
0.9997333315430915
1.2882672331403424
1.365877116843595
0.09485757445887796
-0.3554129055191819
-0.6535431329963652
0.03853334324724645
-0.03756928591525788
-0.5468146775314704
-0.47670596976294166
-0.4466853838373023
-0.5475772794686553
-0.4715691890202673
-0.35879028073316815
-0.3504989456457894
-0.21099033041236165
-0.6460866552198647
-0.3453366639173384
-0.3463406509009441
-0.01886573674184235
-0.26789840771568346
0.11269171390062102
1.7195955856603269
1.6398486970167845
0.4336379924908928
-0.2167886605888258
-0.6507403231814164
-0.6427749276280856
-0.4261982197704093
-0.325003830407953
-0.6004200580819744
-0.19719488946909333
-0.31274962274240314
-0.19861325481909547
0.5997263052697056
0.8473262163383654
-0.23147783897224114
-0.7378304846801859
-0.7627158734150724
-0.7687743117779944
-0.7339460115837848
-0.7575962925298965
-0.6657574135567257
-0.6035784484147664
0.2573638276285132
1.8724662180357237
1.9555732283589367
-0.6616161912561389
-0.8301272682597556
-0.770457800656443
-0.7653559700908213
-0.7845115239525595
-0.7236740729149268
-0.6771543210593916
0.6434505918668217
0.031250280275733934
-0.6459912919940564
-0.7632870857488072
-0.703900757509151
-0.5874918027980219
0.02060218419594919
0.7405671751492869
0.6778398286921955
-0.22468237841644562
1.973660418473621
1.8745370816859912
2.425625483553854
-0.5529577488931776
-0.3660291556890806
-0.46450113749383976
-0.30628444805685445
-0.5067414511780031
-0.6951958570431819
-0.6960884265598029
0.027544407751273946
0.5352822549836108
0.20690099760575725
-0.6943607237821054
-0.6464260601552045
-0.6051420594491655
-0.4702757381709994
-0.27331621352913155
-0.4818384174819288
-0.45957291784476884
-0.8337378330307738
-0.7078606251365877
-0.21987643414684926
-0.20432274842103712
-0.6503735197576134
-0.6736251713963016
-0.7422498976274801
-0.7753656680966652
-0.3293447594831611
1.5422117049677275
1.4697098139586606
1.7098741224611207
-0.26340662298621675
-0.14823161555052894
-0.673345100373908
-0.5738152780396545
-0.6957110786915143
-0.7390519523718168
-0.7176035346459865
-0.7018469857591971
-0.7817686492375405
-0.27917507336188585
-0.4250832720291002
0.03250778449594155
0.2878143717637218
0.553303551795003
0.6153450282944306
-0.4746812280015249
0.07634956224642567
0.14398469347956752
0.1038253637231514
-0.06541393755642172
0.3078911820776164
-0.8060556975899666
0.06396331643685028
0.11637561101891923
-0.43572049115927447
-0.22540119767456263
-0.6061693502881268
-0.3107284670954038
-0.40722131586457333
-0.3924369740132875
0.23477689157136636
0.568557836402787
0.11469981068385936
-0.14848942666230416
-0.1767347995783486
0.05660854598443812
-0.28482266632154035
-0.3906787783830909
-0.6140042617985141
-0.6034574529591228
-0.7566982117117321
0.20740968194855497
0.4312125895228125
-0.36063532017994704
-0.27609853119724104
-0.681296748445787
-0.7148195113166791
-0.7496471646126892
-0.6363315434241569
-0.640947350634697
-0.10633682942220234
-0.588986753969245
-0.7189684590307465
-0.6614711127369154
-0.7108104604063846
-0.615294030857173
-0.2625408762220814
0.03656706760342344
-0.3185819269936508
-0.6226922483754496
-0.5184482877808458
-0.5368440540021492
0.22651457678778777
0.40614331320336533
-0.05792220047186779
-0.7222425491859704
-0.7077904647786896
-0.6949606526543235
-0.5544429659073626
-0.4015316330465015
-0.2795776982904186
0.05426718859627991
0.2988205760475008
0.025313396438787012
0.5728913591796294
0.2640754070621287
-0.6974712828437298
-0.5060062822037594
-0.1808092457972522
-0.29609702742442034
-0.11324141881056281
-0.045375403549704464
-0.4227859292707814
-0.7206417884908254
-0.7457193645607731
-0.6307862938473442
-0.4055585673302663
-0.09255918123265762
-0.2687109873380417
-0.6646764620324066
-0.7963297418833287
-0.2562679208410388
2.8211522203736323
2.5073268679657383
2.3612704373615525
0.4016371188433625
-0.19092671722344856
-0.06482265265274739
-0.1461129211280367
-0.4416722865968306
0.13014819724753707
-0.024353850164331965
0.018901620462692108
0.38199009421181895
0.2031659350931468
0.17448962039494254
-0.7220682101934025
-0.5951992394051668
-0.6574441238991509
-0.7731059197863288
-0.6781440119075334
-0.5752551499490369
-0.7731495475138506
-0.7446699145806468
-0.7272974613395893
-0.6937107747566498
-0.7579714438022315
-0.6635504738868362
0.003110603256341235
0.6468495261662377
0.3563314532112912
-0.4461483811869639
-0.6752237143404821
-0.7608899712371466
-0.6232407704572538
-0.7557516255730907
1.50673150293758
3.6370955252651407
2.1628074400433026
-0.5393350206719038
-0.7380074409777674
-0.7605232882563108
-0.5433238296054592
-0.349224218051274
1.0425199683468793
-0.017781196011485
0.7176110001768823
-0.5618364512859114
-0.5188688690232325
-0.7462752403309671
0.3032635291756739
1.0332113490610493
1.1197042036689466
-0.14681773345661187
-0.7771454849443907
0.357428774904307
0.3542500279187308
-0.2712862450832195
0.4540881348012776
0.23961325213324597
0.2496071089071669
-0.6775701867927574
-0.7118132680021467
-0.5308941634642946
0.1642477167864108
0.05733955325215373
-0.16094163473932369
-0.5744350344089906
-0.2572968789465092
-0.14241683316772755
0.12603238275145007
-0.1355606073109292
-0.2671288963186124
-0.3776466874752624
-0.6412189087476892
-0.4645082525993366
-0.5727264580599729
-0.5117627908486312
-0.5822021766010536
0.20698671794258355
0.717459023739611
0.06042534217127481
-0.5128505562127914
-0.3923380434364344
0.3593031989258574
-0.3424576907050329
-0.4150981526450196
-0.7660198537745387
-0.72839637954915
-0.7629937962417216
-0.5496115272440288
-0.3057611220460831
-0.20306745228284928
-0.0640599340519419
0.17454324085392944
0.32439015038155455
-0.1288282480121619
-0.01896555841635294
-0.2241571553123824
-0.4916734605731494
-0.4257503639677642
-0.6356065267041904
-0.5840449770162396
-0.8342491868244777
-0.6876551344794612
1.6376176011596406
1.5829170621284703
2.2055474880662422
-0.5614843584411788
-0.5734747637921638
-0.5446280993891469
-0.6558273965261003
0.08273902039525637
0.3641349322969528
1.5493910572074452
2.2070615906491295
-0.7106832093660002
-0.6713783557219832
-0.7193118532695815
-0.7086239156861209
-0.6481525542510901
0.014454186499964602
-0.0646911357547124
0.31670633722139807
0.19343385169518554
0.14846399542511052
-0.7391740301357694
-0.39982596785455915
-0.003957978208074511
0.8879126713542325
0.615161812723871
-0.10575094593721326
-0.12406124937452234
-0.7430730802884873
-0.6062470905218798
-0.026180276321776247
0.5538793875969504
0.2852840522932386
-0.6789380468094209
-0.6522911494529764
-0.7334911817884278
-0.7645377239304103
-0.6561823046883071
-0.7399350889664216
-0.7475487951147229
-0.0833404164305923
0.9968768329394794
2.1331025849387304
1.4706747807585434
-0.13167152475946528
-0.3878622195349532
0.5103745261677697
0.531028359739902
-0.4231189563804031
-0.23034854788565684
0.24325481043348116
-0.20922118581587848
-0.5995155141797517
-0.7051250203316443
-0.5222394240600903
0.3517446261328894
0.7697107707707508
-0.28556423046839585
0.4911552415972919
0.5010278592624346
-0.46384204510372445
-0.722496900154251
-0.4826705463337912
-0.5422207393988439
0.19327031360184324
-0.6707473242891239
-0.25029238636191337
0.43734743515248714
0.3347831995497319
-0.55337850253832
-0.12883576329361734
0.0977762250303178
2.7150288578355033
3.318026542289205
5.724001846654793
2.9024615114164183
1.6543796572248193
0.22027035550489366
0.006349952081215868
1.0609907219794463
0.9507374807226563
-0.6941371385313295
-0.6554219264589846
-0.6726274419659928
-0.6664124274186967
-0.6295089260941471
-0.49441405476124595
0.3269442849501354
0.7275598599950355
0.42946642736578355
0.25698419099819814
0.14517479626726887
-0.5089649363422186
-0.19451947598864402
-0.0620989329049219
-0.7811019514384101
-0.7658768671033904
-0.7680542633322026
-0.5800482837270471
-0.5748714954119837
-0.010659244238808775
0.053374251606146346
-0.22409272386890486
-0.46207743757272174
-0.7135570792409692
-0.6212500977715675
-0.7237488644927251
-0.7473374170541852
0.005434404218293176
0.1479626236400019
-0.08297587294983182
1.0030673411135727
1.0139835260542622
-0.3794537261340664
-0.549570145991982
0.5115976924753346
0.25472683867003487
0.14984428714828305
-0.36178961613126137
0.15458182982907298
0.6253473575764652
-0.3047306067383529
0.2214009557976002
0.798643643646233
0.3823925662879516
0.10571167311267225
0.2575527431779354
0.19588160978196625
-0.2956624110012304
-0.5115468794206892
-0.45830764487474573
-0.4423247379737375
0.20978257088234908
0.7568269901444195
0.5623527885678173
