182
-1.1127402838767897
-0.32363245090004855
-0.7346425391342141
2.7956153167061317
0.8951454586107375
-1.2034207945762485
-0.5872093455075704
0.15823446985156878
-0.4188150009545875
0.30673882566978067
0.6609944231006988
-0.49804402889010596
-1.1784627392083604
0.4592684437201043
0.23147267252253972
0.9709396839385197
-0.8196135131606321
-1.1749858879741613
-1.1372925348363538
-1.0951283846835267
-0.9507287272378295
-0.08589503264845663
0.30193205984349974
2.1875390233332643
-0.8374810601391103
-1.1872207381658473
-0.944972657336805
-0.4191752872584865
-0.7266463732817476
-0.18768398860259447
-0.332053115897978
-0.49844202363084733
-0.8001860478387036
-1.2164226366751973
0.9137857896995155
-1.2616626134038298
0.7034593464168146
-0.7461045240676257
-0.3731034554762149
-1.018435203080489
-0.8772744667157908
-0.5105054506454108
-1.2395452016341895
2.277173203932704
-1.1248776787687012
-1.102044930480385
-0.8663129111997698
-0.8211390534276215
-0.5511473005515548
-0.554592289310345
-0.7473685220394775
-0.6096360226562779
1.0331962760947353
-0.9755034522170934
-0.351407395941512
-0.46996787194999473
-0.1369456017766507
0.05126555673356559
0.316557040879968
0.9639756398654928
0.20676937640994736
0.7609974851292215
0.07766649589085478
0.403404702761063
2.2198460387488
1.9321358957350212
-0.6879758737215687
-0.8365695234413811
-1.1746000130653935
0.12695343425759445
-1.2248862276373842
-0.4807946944654684
-1.091202193924046
-0.07920542513885914
-0.7151295507464743
-0.9824940985162719
1.4883841827042268
-1.2229286372729582
-0.9305453127413951
-0.8862296851157653
0.47628114797625987
-1.1573368875401484
1.6736086015357658
-1.499437509398486
-0.8456464969217207
0.37784255286577845
-0.5131203085621246
0.8826756137417087
-0.054759387013370235
0.400448206531723
0.011430632155974077
0.19814702117978975
-0.5642060163832516
0.6240998563195544
-0.2581576939274685
-0.5701369935363518
-0.5988236231767142
-0.08340008836076147
-0.4748193871493513
-0.9616630023841573
1.7088343740238723
-1.3109412468810944
-0.7542281899001877
-0.8750439432009244
-0.4592133496045793
2.557211434661696
-0.10063148841536582
1.814179859627158
-0.82105584221465
-1.0472029154166966
0.6351800446754456
-0.35316393558202064
-0.43537348104072865
-0.29249616715672566
0.39214439001078905
-1.1241348473540587
-0.6461897310080875
-0.7046751927146087
-0.9997877319330528
-0.423848933268405
-0.7043323044916682
-0.8147662960462511
-0.20777003113623066
-0.25129199255794366
0.4298598752969148
-0.5459651959343947
2.2069699643447738
-0.29073316180624026
0.26085228177417524
0.294699640667059
-0.09640638470731755
-0.7228441694309627
-0.6932114679691072
0.008826053371692592
-0.5300537674783065
0.31450945146339926
0.06694469621787229
-0.3202024324021139
-0.2791014695989448
-0.24415618688799554
0.9268454782902982
-0.6381155268687274
-0.4923795517226147
-0.300156304424031
0.4090633932980532
-0.2523771731558014
-0.505853664341397
3.5267672774821173
0.5981690126339322
-0.5925127535144998
-0.4770131987461593
-0.21103462105509452
0.6916982541164904
2.5731110980645293
-0.28760485380352296
0.6481176139776816
0.21076527733169925
0.040233633571170734
-0.15830565018830584
-0.1444946941374456
0.5862948743199048
0.4811392930461558
1.1612620887134701
-0.5423862187323236
-0.28422359161641136
0.23050241888400197
0.22265110220168138
-0.16348857894351976
0.46432431391216256
1.2914616127791818
2.218323145057354
0.75293895594883
1.3832664781616462
1.7388950787838933
0.8207925307217342
1.5425311171095364
1.37328691732515
2.9120175935026817
2.1544753833673544
1.7719429944517775
1.5288104709735444
1.763422056264722
