182
-0.4393636384226031
-0.41779273699548264
-0.7542054467748753
2.1175915146375086
-0.10192904097262431
-0.7927979745618766
0.06553948070999702
-0.642587894038848
-1.4755939871003352
-0.7973888306512361
-0.1511715621040977
-0.5304972085327403
-0.3750459181465361
-0.6158692668899851
-0.35382079666144994
-0.9646155822827243
-0.6120899123888339
-0.46923486826842736
-0.4272092973264122
-0.1086507663719741
0.2195229297081804
-0.21993237899819063
-0.3400554928748613
-0.6621003928591226
3.232034926239749
-0.7398850375083209
-1.1535191199596124
-1.1165852709325068
-1.1760926240866194
0.06868841979637445
1.5309784105143907
0.2544018965095956
-0.0601576989043489
-1.0684607268242403
3.0826485447800933
-0.14721826636254057
0.36082028046372217
-0.8602128926485161
-0.14313637762258954
-0.7222239242128288
-1.514578959356877
-1.190621778667441
-0.5497196481634592
-0.2369414371336965
-1.032231292783421
1.856918874526172
-1.0730531601658944
-0.8490058025002425
1.801550660804115
-0.746715194109415
-0.9556399698090334
-0.43943993976755297
-0.31085390880656655
0.40861933953163077
-0.4180358360849693
-0.035643562688553704
0.48259862669864717
0.021852533957118198
1.469373384303954
-0.4224621303463097
1.7890568050577866
1.7816997323449297
1.7344635961157977
0.9686425391632832
3.705607480848413
1.8151464527393935
1.574130027954286
1.1159297040341447
0.10990637079172587
0.678077056251241
-0.5363374080747612
0.5233510894968487
-0.3504420515778165
-0.9723130839260334
-0.7734419401402349
-1.0290886235122303
0.5893828901492095
-0.29166198886845573
-0.07551110097454583
-0.6592909890864349
-0.024022142889173134
-1.231570329773701
-0.8741523399749515
-1.1107050695318827
-0.5646842190706483
-0.05266244414114577
-0.7091681356690458
2.583739439597597
-0.4385321108936369
-0.9851037621607716
-0.14739680908868788
-1.110905553447481
-0.710329420468283
0.5711046320877827
-0.5400435339093728
-0.26210154656115303
-0.39217441635630546
0.5444726742226652
-0.5624333519730655
-0.4581875954919194
-0.5720107404425866
0.9629274431059986
-0.5743224233733761
-0.10511023862218619
-0.6384507693567062
-0.436113891472991
2.233615772217514
2.0470355180681192
-0.2893382714147022
-0.10503011030548397
0.2039069487303067
0.9697550815530119
0.706684318790604
0.638296484179384
1.7031947150878854
0.5679424413548521
0.0909185212542332
0.2756706527915039
2.9679532496741596
2.337471780120424
-0.7654090800685627
0.3516835416362981
-0.940805137888961
0.1887134047911525
-0.6005595911702042
-0.41450764801355194
-0.11611795543333926
-0.4486935390257821
0.21103437459555593
0.10660716289300211
-0.7427167776645406
-1.0768384633543204
-0.7408667628030857
-0.32341878733610996
0.4306429455575036
0.8732056951991769
-0.3302255608870768
-0.7232651519276865
-0.2856129158064119
0.10735552865342365
2.322804694099397
0.054742526235541815
-0.7067553272473691
0.6277161978249953
0.850933538299361
-0.5087857064675779
-0.07824441665229032
0.11396803102468911
-0.6310886632132435
0.3412688594649726
1.6246724077399608
-0.9734690884496495
-0.5339293141710242
0.01984854182535718
-0.804774296451671
-0.35942686229060083
-0.38284607999808473
0.2954618278790642
1.737975418517513
-1.1203373320533316
-1.2289901029587595
0.4911507591895435
-0.3204767339889377
-0.90597628588521
-0.986341979890465
-0.21213884439874897
0.406450653009495
-1.1470450247688262
-0.7992026180809306
-0.44106470814938786
0.016161596604372806
2.8157160133657775
-0.8978937602510788
-0.2620679698927707
0.4675916454927102
0.43774702957897027
-0.7298443188587793
-0.23375208656087906
0.06991486049774408
0.02466296110872801
-0.2566082038058754
0.0758676050350075
