546
0.7041387713939818
0.9576087966717683
0.9629133991857354
0.14152836287978146
-0.35846409844569593
-0.32210987469714186
-0.23918350505874508
-0.12057281495587871
-0.15194982828222836
3.032655235527609
3.550522991319386
3.665185594642346
0.9280098867869533
-0.37492809025349666
-0.4895595218307733
-0.16470971290876318
-0.2024530587504765
-0.12557870816751307
0.5519986471202726
1.1494341347402197
1.615726276846399
0.6237763301237463
-0.14821035925414736
-0.4660986141092382
-0.2819251138824368
0.3478122553946335
0.8675608929142306
0.814388169369016
0.5102103026055185
0.24813484919560333
0.03747305209124337
0.5557637373036455
0.6049621218152585
1.293209235992647
0.9366964835657662
1.8140383310914174
1.487140177186499
0.9879704342350972
0.2000722850882981
1.0433745890594701
1.2764368987954504
1.5385392269279572
0.6881802557762904
0.22205246263500636
-0.1193479967271484
-0.29664430495351907
-0.002323942581151269
0.2239348053050418
0.11956788817756038
0.36461897339197563
0.5605867071543743
0.5753195660324621
0.45577410821344294
-0.1302700184909622
0.29031105736402085
0.5207992682525218
0.3862267112448392
0.2015507759400773
-0.3021599397592216
-0.2490002596228658
0.36927970375947966
-0.05434254447496335
-0.2262437062199161
0.4624676311025173
0.6259462247876447
0.41457098934909975
0.01711792113793626
1.2766137331314769
1.5731099823945158
1.3019795729747805
0.2308351779287721
2.5037936295693615
1.9850354655068005
2.6077298033702627
-0.3262497264211173
-0.7134319161518815
-0.6570965982862087
-0.7006112591339526
-0.9795385492781007
-0.9202259522032328
-0.967649350307429
-0.8304093536806355
-1.0232257082650058
-0.880162717375225
0.4412115472152192
1.182040528861832
0.9797050782851316
-0.17887644484590878
-0.9338132525956657
-0.9984763053529562
-0.9250136643758318
-0.3860116926181819
-0.7622741429155587
-0.7116703751738618
-0.5041319694022495
-0.07363808978214056
0.8157200549973318
0.3270479103841307
-0.6540044419799595
-1.0033571911084986
-0.9112269176672938
-0.7501440077282744
-0.05341806986834806
0.37353043778993117
-0.268130529088949
-1.1686855287795401
-1.046803556540102
-0.07029670162118304
0.45166681249969853
0.8581777962593371
0.04390172056073077
-0.3459258970316559
-0.345387170170763
-0.3450101718324716
-0.4794556637395412
-0.6279729092617239
-0.3663097529835138
0.16574431268525
-0.02616697604411703
0.06390538436353256
-0.3484308966697238
-0.23932248005022777
-0.7781324673521349
-1.184701263103359
-0.8516542714928017
-0.8696733259604574
-0.9491162028566748
-0.7711669813292068
-0.6707469577668812
-0.41543083616136256
-0.5172990994224255
-0.20563468427610904
-0.10698163656382477
-0.5007901799346294
-0.14580626468878144
-0.4169354639723817
-0.3874963730474303
3.927006230239394
3.3888460072344277
4.309763325840594
-0.1529625628196528
-0.5194497084026742
-0.7859578682303207
-1.060428398168004
-1.1162493660751989
-0.9287350056429664
-0.8762181340877119
-1.2398179373838971
-1.2571100202728998
-0.9627879059220033
-0.6265004239173161
-0.43660395612195557
-0.5467910923691377
-0.17985114051918416
0.3359607644910212
0.0011092166098390919
-0.6239533591155051
-1.1809401884594537
-0.6199740357073042
0.14288186329831468
0.3207235028990024
-0.6781811162357545
-1.1974673141238015
-1.0748208872353733
0.5192980304345084
0.6711505590449103
0.7644779239837582
-0.4904585619168781
0.5511273163906881
0.4026922065186035
0.5107685630887147
-0.7967274955313068
-0.9245278485922761
-1.0213725801877505
-0.9912427977762789
-0.8194170263480832
-0.3206007704458536
-0.23960580814256316
0.15572837101635237
0.9617628013566659
0.5963579511249761
0.03674749721704472
0.27946103951927603
0.3001507583607741
0.5806103977737744
-0.825317954426589
-0.6570171101233251
-0.5646311059052492
0.35345404779813466
0.27120909771644264
-0.32986502977575455
-0.658887986971565
-0.7674749266128158
-0.44465171281619337
-0.6098547258282742
-0.46806419728713594
-0.4072862408852632
-0.35394408766933155
0.8682758929056956
0.4120670826696636
1.5021277973804237
0.02543253188659564
1.4334429365614767
1.3246996634565797
1.8302880577055154
1.90682603941268
-0.37880265175098665
0.842109238718339
-0.3894844727468971
-0.3315007201296097
-1.3650025791050964
-0.8606564228256213
-0.9821020056131227
-0.23186710827099852
-0.20388316860874228
-0.09105372317505298
-0.47635842170513143
0.6666639860868412
0.194342301572916
0.23577271567703667
-0.8440838696961772
-1.4289152682969914
-1.453612218170801
-1.1240108513669953
0.2962160185884766
0.3015421799330065
1.0924261286820676
0.16417742194122784
0.43901591549351104
0.8496090262680673
-0.8020727870343943
-1.0981849696359611
-0.8737246874894902
-1.0408320008018008
-0.8729397526279348
-0.8625088725424577
-0.7945282054747788
-0.8698954064977695
-0.5853250715189299
1.011184957815901
1.5509854054124266
1.0036880701372468
0.1955410885118536
-1.0517829237713356
-1.2356199797062386
-1.1975442793217967
-0.9825519821660093
-0.6880212929756119
-0.7159771604631504
-0.3829293263716425
-0.5024842259104385
-0.3297513809993513
-0.8419994444562714
-1.0375212783450802
-0.9593578288850387
-0.6582892288417769
-0.6734464831878662
-0.6428680932368038
0.024810781997654262
0.6593649177682337
0.31542111196424
1.4610979591686517
2.0219068444777197
2.6221316515755255
1.0563233288016973
-0.37414004555873587
-1.1653512317226749
-0.9910603103747038
-0.9925259664774019
-1.118732256107441
-0.40006945215685286
0.46328849345485673
0.7625819998514564
0.45832988836995314
-0.9816005820201212
-1.1989627265791662
-1.4920782568169515
-1.3521544280185658
-1.0507125197066767
-0.5591266847566871
-0.5439835832635456
-0.4916917930242349
-1.14086326821062
-1.0768343612990112
-0.7570787102601949
0.05714746359535011
0.15168358114882177
0.40483334397667803
-0.7798777093787341
-1.2054601689391016
-0.9953123593450058
-1.0661535024669482
-1.3117304575118374
-1.3604336966092825
-1.2516803546755508
-1.1428948203017506
-1.432020278077728
-1.444617495431095
-1.363939036710725
-0.6613009458087445
-0.26784744001331906
-0.4615633610134125
-0.8665691388147344
-0.5133281258027568
-0.5438283199178802
-0.1640671111088205
0.06398556767870422
-0.02134154650595924
-0.7499390142432341
-1.0333385359651046
-1.1517303339432998
-1.1385239842277375
-0.7866242898533998
0.062200146278214526
0.23456475693159082
0.34463869239048245
-0.6194155144965325
-0.4761056922005733
-0.7705209669453988
-0.9466694294401282
1.3827021835206843
0.8976471981569855
1.4896409663030377
-0.11069725164360278
0.7784698070242451
-0.2319728583935935
-0.6920975176553514
-1.3110257339939482
-1.1950443897582552
-1.0513190209652064
-1.0328205747061
-0.8410783909968593
-0.10112055535798327
-0.5347536914025226
-0.6505969296980872
0.10375542843660825
0.49956950513774345
-0.06759058014213222
-0.5720886996974563
-1.0701708774687304
-1.2673061536294112
-1.348875261621223
-1.0097275902225589
-0.4281516308899452
-0.13368290699979363
-0.7880730342743165
-0.829041186612204
-0.5300209496436088
-0.31841543136512845
-0.0727025967559622
-0.251892091578607
-0.18011393869344966
-0.31384909104711145
-0.3652885949156979
-0.8643659639863451
-0.6410408428546169
-0.4871712676916571
-0.3288793649579116
-0.5405490236254912
-0.6664176433203038
-0.49314176452226
-0.22970795417365672
-0.15200542933127142
0.8707786221188112
0.4582801151169872
0.7587245419741067
-0.08974484544389766
-0.24874669091543505
-0.5433821502225146
-0.2173032349647611
-0.24099680392933887
0.0848639092025495
-0.06326817436068975
1.5321788977496333
3.688730539574718
3.3006110522357544
2.1134805968036323
-0.3039548069853944
-0.4394680488634256
0.7759337817560021
0.7564118543441051
0.6645159471434167
-0.1099121685687124
-0.4728411392318956
0.3969870446084996
0.10906517022956229
0.8249786504354445
0.3499482655501893
0.3305572695388062
2.6387649485854703
3.052339730921296
2.683432938332445
1.0473143797073252
0.1309291308972705
-0.09176184372660934
-0.17938895107862626
-0.39877099607600097
0.32178371089080954
0.801329024898556
0.7899238271409582
0.2570633749424273
0.0477703003803433
0.21247286045827807
0.03679584432512137
0.049802797610782296
0.5847963931615884
0.45659425430854267
0.5735768653035691
1.3520256349966588
1.4629308698656396
1.2149920647130976
-0.37642865153668853
-0.4202938806818668
-0.14318076623024
-0.029281749060409926
0.01716181209542622
-0.1730647844601523
-0.10457872171121393
-0.1897586011296574
1.8484402519214014
1.3617730112562678
1.6790436108729143
-0.5942278617593986
-0.09889242045845001
0.9846016093030552
0.7655307142235663
0.13598851976196202
-0.5494275880957823
-0.9124920882593024
-0.6730694869376375
-0.7295134583683222
-0.4071600597518311
-0.10271269259920843
-0.5109121969345907
0.078218501436764
0.35501288453773105
0.47279926565375974
0.4026483543843245
-0.2638941839758712
-0.4035118080898535
-0.540270643177117
-0.31860512051871326
-0.021721019410725434
-0.06934968011686256
0.17389370356783718
-0.13259033948946616
-0.6218010964565442
3.9849453541104283
4.195540744262434
4.012315634729479
0.4320220709551102
-0.6724710961784409
0.6211864128038489
1.1503448488601196
2.8260046043286113
0.607271867712068
0.42180510918990843
-1.1127135286712433
-0.4668994033746263
0.7824944254231165
1.5715106136360575
1.354319419701508
1.1296586174583234
-0.24633012098604612
-0.5506199455510141
-1.135585384382194
-0.07362488858073697
-0.15398689655177264
0.4896422568612566
-0.9586965240894714
-0.9981388342215662
-0.7496195355351137
-0.6508970530712181
-1.0114244290934453
-0.28575466007236366
-0.7081478827345391
-0.4782923832018273
-0.7508221484125738
-0.754701606513209
-0.7492297586367953
-0.9478293682093326
-0.9596561884033543
-0.9507849804482074
1.2669092070678598
1.760112514461267
2.7719860316877547
0.1610965534629606
-0.30899042673668814
-0.6024261660563577
-0.8799537194513309
-1.0545564968132874
-1.2281555207251318
-0.6915823974661615
-0.40236937844654547
0.4023068837082008
-0.2796724053621837
-0.6296523141958413
2.2966316956606208
2.357425903828433
2.543316182958052
0.36586282367298334
0.27077775980814084
0.4572515148333078
-0.7893806981549177
-0.7812306241594583
-0.12577908833070084
-0.2908910919649377
-0.4236656194747732
-0.8168185389442035
-0.7156671369710483
-1.1358890195286402
-0.6928580256506374
-0.17988903243654866
1.570818995843994
0.6535616197766865
1.2754126886051305
-0.2718226293059069
-0.6686729939362885
-0.842703515965034
-0.39195313556120887
0.2927300485823419
0.20539709658761607
-0.7414561212327782
-0.9548177129744922
-0.5907600406954469
0.2846516590670503
0.14329134409334718
0.3144280180363585
-0.35085553965979893
-0.31474107867865325
0.3291978172288448
0.5873741956834466
0.5760512918831172
1.367441963808085
2.405585304743842
1.7208318932064282
0.12322054103870365
-0.7307620382446307
-0.835107008514114
-0.567825267954219
-0.8074983194837605
-0.3778201246766479
-0.45265458501774897
-0.17539944113952533
0.4667226250846107
0.3844090802179623
