182
0.359516
-0.683377
-0.115588
1.0961
0.941625
0.620486
0.503778
2.34913
-0.73896
1.10521
-0.186124
1.40162
2.7065
0.800459
-0.865483
-0.484395
-1.52349
1.13132
-0.54656
1.10427
0.72094
1.77109
-0.803762
-1.48902
0.379489
1.3419
1.09327
1.44554
1.43967
-0.605002
0.648733
1.02823
1.63202
-0.109185
1.03602
-0.419473
1.26548
1.65137
-0.408195
0.760153
0.290939
1.20957
0.630645
-0.828526
-0.599606
-0.408156
-0.95679
2.11164
1.13215
-0.18347
1.36136
0.0410538
1.78696
1.14979
1.46812
0.949517
1.29702
-0.107315
0.439269
0.441463
1.30027
0.82736
0.442032
-0.49718
-1.15765
0.804885
0.595622
0.625466
0.752357
0.275589
0.618685
1.30246
1.29436
0.715073
0.933009
-0.656781
1.01827
1.35787
0.505404
-0.130959
-0.022163
0.974714
-1.00048
0.960591
2.44579
0.183552
-1.43111
-1.5167
-0.734345
1.4988
1.06043
0.887368
-0.494802
1.41052
1.37238
0.9972
-0.360682
1.82759
-0.162563
1.78295
1.37961
1.04823
0.36417
0.496767
0.459816
1.63027
-0.475548
-0.482519
-1.39332
-0.325249
0.546254
0.207899
-0.925633
1.20513
0.657468
1.3939
-0.862533
0.439653
1.11324
0.919086
0.74219
0.583847
0.879679
0.275668
1.18997
-0.551466
1.0856
0.772462
1.45259
-0.192474
-1.30048
1.138
1.39978
-0.501726
0.478631
1.46574
-0.152178
-0.898844
1.14985
1.75445
1.73818
0.674752
0.539599
0.0752598
0.649931
1.31231
-0.328576
2.023
0.763921
0.303388
-0.156075
2.13516
0.0843881
-0.495082
-1.31667
0.84754
-1.5551
0.439698
0.573553
0.333105
0.768377
1.42001
0.507307
0.973061
0.515491
1.22926
0.229106
1.30237
-0.0217967
-0.268297
0.263783
-0.45448
1.13378
2.11979
0.567992
-0.248163
-0.72744
0.556686
0.0177715
1.05759
0.260741
0.772162
