546
0.45789181704706095
0.24132930683553533
0.36554728768730155
-0.07527064185315194
-0.07868469248469714
-0.6842725882651891
-0.500251684750852
-0.2374924486145377
-0.16616602704970534
-0.33775881228652865
-0.7394253529064081
-0.6757243283416421
-0.4448170372057787
-0.4406482072369059
0.2534074776742065
0.21978413482831652
0.39892391418295964
-0.33689344985081093
-0.6606642509298837
-0.14156282733261752
-0.46232527135563173
-0.22948722461760315
-0.5996049320125888
-0.3088309078561088
-0.3617706009728716
-0.3863271123612039
0.2293672766593826
0.3957256515568411
-0.12289686206251248
0.10824951278973206
-0.10766406914529775
-0.41656545926922683
-0.31050575425626425
-0.0787357287317201
0.2885549425246282
0.9475392595489639
1.022050893217056
0.3698029219320472
0.4649092806454692
1.1751639549301836
1.6870236788905446
1.2880702966884432
0.16428998644306403
-0.218324267803726
-0.11867993234019472
-0.06717063449248148
-0.39282899649456676
-0.10830356831051033
-0.1508840835621184
-0.26476408541100244
-0.37936302515335185
1.5252423820340038
1.9859344835990638
1.857047499810554
0.1424484501270485
-0.31133696277131806
-0.4737078527561598
-0.6833253188197098
-0.5838921611466161
-0.8494519280034876
-0.7834914163800608
-0.6134652378450927
-0.387061772070077
-0.5988196933292247
-0.25946694511387286
0.25466666984939246
0.05958124773749044
0.5560575196233398
0.2479531548992119
-0.08182346956525652
-0.21621245227648048
-0.5160546949414957
-0.29856889164701317
-0.4218029827758512
0.1060272634066824
-0.12971587190418485
-0.20068285256128393
0.6391273422829014
0.5065711239617671
0.3264059373734825
-0.22868899547783092
-0.40549165598846676
-0.4709504044619724
-0.6236345292674663
-0.7765939047585135
-0.8042874964813395
-0.5228727656657423
-0.6811643785071111
-0.5946177509829407
-0.2114157153922944
0.6839876582720067
0.12140997605183633
-0.42377827631821074
-0.9156109277916501
-1.1360552162192261
-0.9858224398425474
-1.1291740815641902
-0.9982233295955045
-0.9418307983057511
-0.7659956029652938
-0.7640186095576001
-0.9370065326562894
-0.6164388556300906
-0.5401903764342343
-0.42370335044248314
-0.7662173021171609
-0.9373283145896797
-0.8704711485449291
-0.5879737053311935
-0.8564597614320807
-0.9587729541760265
0.4952262181594814
0.3964818207916286
0.6781383687829816
-0.7379671038906147
-0.9229678909346029
-0.8593120040177837
-0.9548429087472434
-0.681681426857828
-0.9403401964147726
-0.6139805788846906
-0.7690155783389628
-0.7926662868121583
2.1177285006600832
1.656983943358525
2.125051339609005
0.11894829215345949
-0.14427515322918966
-0.03590450324082173
0.16426606803079277
0.41507209209911833
0.01104731244753031
0.1463335069789061
0.22566173279134524
-0.052791276755413154
-0.09602691187780775
-0.14538989438194672
0.038686870041166804
0.3574458584401316
0.28751660190170747
0.14775122921179643
0.13647610014937508
0.2913885047810735
0.32664583293906135
0.8032751245951496
0.7685781843258673
0.13607733607856798
-0.3043074629912685
-0.0471571667426216
-0.29857302954529175
0.0414520712196461
-0.07020396206934378
0.06584095388188137
-0.4938825804696622
-0.860369933815122
-1.0235877380233738
-0.833367200004489
-0.8029202517066979
-0.871315060493297
-0.8698283163912571
-0.9367927498989453
-0.5005628518239253
-0.11137521814017573
-0.014004809561465974
1.074616627945824
1.2517343773412104
0.8350018729737075
-0.22107666999048836
0.30779690204136406
0.10822081580891797
-0.5511938270619847
-0.6886798990658858
-0.6491542969143801
-0.619813692949018
-0.6005393204933215
-0.7887451715730847
-0.5619851002219518
-0.46377644818399655
1.2888188908792344
1.970079087811822
1.8041759163734103
0.33659062933594164
-0.38203428974815856
1.0341298971307196
0.7408717917453511
0.9973010376244862
-0.4264729493015501
-0.4886757810393453
-0.7662831235520485
-0.6780821379514677
-0.8670474808089952
-0.7760825105088507
-0.9827351698294301
-0.8524676798669226
-0.8201362530290589
-0.5032254177018203
-0.530551622935517
-0.565705529040827
-0.31812481400707243
-0.3020085057208091
-0.48603843539969205
-0.8133016308719067
-0.932161654962198
-0.7299109315892215
-0.690461501799687
-0.6879130409335787
-0.48506860213293435
-0.4649055552954353
-0.5559180493799261
-0.7434757991063685
-0.958055438580857
-0.9428504242062523
-0.32040126009869474
-0.11712041180097536
0.29250674141436117
0.3376436566262506
-0.10195096604168402
-0.5580987024377188
-0.9919099072083977
-1.0578527864533098
-0.7875918269339164
-0.6925244775027734
-0.9576033392364875
-0.8954753132859128
-1.043709179105934
-0.690156451239684
-0.21326286828639307
-0.42347780374252364
0.14226724944569766
-0.6167719428234865
-0.5606661594811375
-0.39135235753186187
-0.6525279656325712
-0.6476144481756732
-0.8706427440840699
-0.5681854967772603
-0.5002812162838668
-0.7342697420695261
-0.4630215069507707
-0.4157958446852032
-0.5026144299884743
0.7072368029442911
0.24216658390582496
0.9239311128284128
-0.6553772260994548
-0.493553954050241
-0.7157079878636198
-0.6741663870932613
-0.374527888724541
-0.569148985240991
-0.5296572388604082
-0.809460122063268
-0.8476585506335801
0.0054337573040586055
-0.08282218020075124
-0.21040546083090572
-0.5020128826882736
-0.6688204667835964
-0.48629532201265513
-0.19055754359649224
-0.09964887327622225
-0.22763350401374918
-0.9803753243535297
-0.61633445407044
-1.0507335851810962
-1.103812708488459
-0.9796068554460429
-0.6805258398692021
-0.4695967046043651
-0.36648671633131974
-0.6936423740943327
-1.0468526202797046
-1.1410416871387405
-0.3019484063601544
-0.632892166917304
-0.8906758255837652
-1.0273135783082745
-1.1426066891309639
-0.5237628885483596
-0.3808324115554547
-0.15175654339630684
-0.45962489221829883
-0.8444365823765209
-0.5391793774096242
-0.27855166356677497
0.4546007682227054
-0.11440305258645883
-0.24208140719127133
-0.31745478793656734
1.1883816378123104
1.3641180426138007
1.4073819794228053
0.03784526958854811
-0.14416126477834604
0.08288787163766675
0.3516395351502565
0.22341213719508152
0.16677052625827365
0.2722012335269391
1.2921511659153402
0.8806384321583233
0.6938028771827984
0.6348133228345091
0.2831538367010926
-0.07811378453796533
-0.2840501000973066
0.8807378716241909
2.5515778829687545
2.3601626411805268
1.7939538122979948
0.3754583379443454
-0.4666255091475982
-0.9353432550541846
-0.521404561195485
-0.6409990987715422
-0.5600594798022406
-0.764017844724221
-0.6585385614075412
-0.43553208699126467
-0.5951028426373178
1.4563849192802107
0.9166744927633758
0.5505854822618392
-0.7811633625351977
-0.8652303775227712
-0.9091679779851523
-0.5790447547783628
-0.24281001672497776
-0.22814517097127782
-0.029296679178584487
0.8433730628497637
0.7862319216542815
0.2683872633637627
-0.45443517815614926
0.06431626958743976
-0.5796351428225821
-0.6664904096286673
-0.6889169600634062
-0.5547242689269306
-0.5298552902933833
-0.8988179623707423
-0.868849964242286
-0.5469567704814353
-0.39630723511349464
-0.5536221327476728
-0.8870372212747397
-0.8749093402858719
-0.5976613917658027
-0.8811918950780542
-1.0542740858089723
-1.0352055276098924
-0.8189547212127304
-0.49556270327819474
1.2668398216832222
1.1631747021812862
1.1094002655678383
-0.4506739797625902
-0.3089005394582864
0.002137622236747142
-0.27763946249599925
0.08783419411737972
-0.1310006980013936
-0.4097966355029148
-0.07445900417655721
1.8522152821614788
2.373519965844563
2.0002915029160766
0.7788120003108819
-0.6630405882265062
-0.4752253338917575
-0.42035595976416124
1.213634924778956
0.4663645807948101
0.19649312679874015
-0.9870048460302281
-0.9021850902433143
-0.6573078116838426
-0.8829231874145961
-0.8055140112603327
-0.9761011504202952
-0.7491166355633009
0.5884635402120851
0.4695386699181119
-0.25144536939958717
-1.0403584644925872
-0.6661673807812938
0.4700059801470093
0.2757185925144559
0.1768181394298886
-1.0184186926115701
-1.019347692608443
-1.120936719486277
-1.113180324103481
-0.942247980478248
-0.7288078494727654
-0.7702892554226012
-0.3156608671486586
-0.4804067434104881
-0.3161156747281643
-0.825983642899769
-0.9367957499250488
-0.597999079627911
-0.19231453096785922
-0.5074826081378995
-0.62449105168051
-0.677175336331489
0.06883339712697581
-0.3351090736400898
0.6733634054919211
-0.4664505811595714
-0.3541264676436097
-0.44621420498932035
-0.5688946849741908
-0.5925606070246188
-0.45595918965552706
-0.8220033559133324
-0.9401176117220221
-0.4763826127789515
0.24029552396892848
0.8148760164808317
1.2119484824317004
0.6193322084489079
0.00895204976332103
-0.7459110435168064
-0.12428324041294893
-0.18897929544174943
-0.6001897275793202
-0.8243766176334489
1.1705502164131176
1.1562399511317285
1.092722493155328
-0.6666067822027215
-0.7075161795412097
-0.910578766828008
-1.0339171413280868
-0.9096974650590071
-0.9709365539155743
-1.0280553330287034
-0.8927274985551261
-0.920284225091145
-0.8238145998585765
-1.0079501960512631
-0.9896538680825181
-0.8491780966478065
-0.4632880329774379
-0.5584830926120714
-0.9362221529206419
-1.1535958333905678
-0.7798963071893901
-0.6577156635367639
0.658157198005698
0.21498487869252508
2.614687790208716
1.8372949227734898
1.3948844643008476
-0.7043913718040286
-0.8234807832241601
-0.9786841238409475
-1.0610460484679953
-0.8714913125999518
-1.010928329209559
-0.9890552944787566
-1.1783625407060587
-1.253776046279921
-0.8898761460067507
-0.8077342766327138
0.978428055041567
0.9448824442513977
0.9340470191609024
-0.2374274018903761
-0.7340804862654139
-1.0051416713200934
-1.24667831377141
-0.956286853935238
-0.6479525827489108
-0.778745700563384
-0.2592990405465444
-0.808296753265652
-0.8503074583653673
0.11430413741357758
0.16121113978267132
0.7594768224056971
0.23815013922409808
1.2543194572041303
0.8719147097752176
0.7804529758845447
0.1663413246536866
-0.1896730538939178
-0.567442983974837
-0.5901551294618483
-0.3569307876079434
-0.23446622721354107
-0.2308090779229441
0.5029581017608544
0.21166130307073042
3.7294012736407334
4.678670117642867
4.843271535391345
2.5312769600176805
1.9560923909941943
1.2168281321731067
1.2249847736185104
1.25068403723899
1.198305027042887
1.1976119074200047
1.4532699899840427
1.7811725923627213
1.5793195170700722
1.237958930246284
0.8993292815255768
2.6063223036146757
3.0216241007385642
2.7902221416261535
1.4361628376459752
1.0467290712530573
1.345638870832425
1.9460566507975172
2.4094660257612075
2.5420571030833377
1.9528450282624634
3.632877047044861
3.6494937111090584
3.37287778137687
2.401039255653501
2.0101188721524386
1.6165799072962053
1.7083866888722445
2.20705021671664
2.029992431166701
1.8294257480903144
1.4228154591236124
1.3195858000094303
2.346374970589634
2.6766712290713737
2.924346111090485
2.2514592730464233
1.6530664980265666
1.3919993042127368
0.942377472608905
1.3339546327627594
1.152724476552702
1.1392559504842092
1.2065000600452873
2.1308782994244924
2.981064309040646
2.323464835678887
