546
0.755036
1.14534
0.478934
-0.298328
-0.781607
-0.603295
-0.151163
0.460698
0.964206
0.151175
-0.0787955
-0.695339
0.12986
-0.312091
-0.118101
-0.255225
0.145495
1.4025
0.848483
0.79694
0.64095
0.706938
0.200211
2.57479
2.37978
0.880406
-0.963856
-0.905453
0.434855
0.838747
0.639532
-0.0629312
0.459044
1.47813
1.76229
2.08312
2.06156
2.11865
1.89156
1.81269
1.62249
0.938701
0.18251
0.128602
0.0820374
-0.0287767
0.369292
0.079991
-0.210233
-0.881253
-1.24192
-0.517465
1.08597
1.85764
2.41673
2.30888
2.49584
1.02944
0.681099
-0.188131
1.80741
1.14051
1.10866
0.936885
1.4758
1.04024
1.28274
1.73419
1.37947
1.04952
0.349853
0.282427
0.277924
0.395666
0.157809
-0.282497
-0.950053
-0.0842249
-0.0484216
0.647637
1.68077
1.18913
1.86179
0.801181
0.437548
-0.352158
0.325879
2.13824
1.81553
0.717076
0.0708447
0.0404817
-0.0896931
-0.709867
-0.660994
0.194862
0.671743
0.778747
0.477818
0.818225
1.14383
0.796343
0.18901
0.285446
-0.0396532
-0.200377
0.510408
1.01164
0.936421
1.1981
-0.0365776
0.49802
0.881807
1.44875
1.00391
1.03798
0.710924
-0.203487
0.496581
1.11432
1.2571
1.27704
1.20108
-0.511926
0.304112
1.29402
1.77912
1.55671
0.516913
0.979491
0.634772
0.184404
-0.514846
1.1609
0.830039
0.705188
0.601324
1.35789
0.990655
0.423938
0.374572
1.22353
1.68714
2.50493
0.746063
0.538036
1.75422
1.4847
0.53945
0.570405
0.82248
1.27775
0.956915
0.192338
-0.128523
-0.335926
-0.123835
0.518332
0.799036
0.62507
0.119807
0.205291
0.415271
0.832653
1.88766
1.3587
0.932394
0.948274
0.512445
0.403972
0.823281
1.20273
0.417109
0.538774
0.616799
0.0236676
0.405187
0.878304
0.655964
0.345643
0.0977017
0.204938
0.0710303
-0.420687
0.547174
1.37816
2.37938
1.46699
0.964421
-0.160351
0.356399
0.753031
1.73042
1.02529
0.651978
-0.16573
0.610804
1.09425
1.79702
0.289491
-1.32836
-1.01488
-1.48378
-0.233451
0.203553
0.243522
-0.366512
0.620563
0.760219
0.743581
-0.201117
0.649891
2.0338
2.128
1.66657
0.394266
-0.074638
0.264736
0.020762
-0.0885337
-0.116472
0.498862
0.670035
0.802428
2.26412
2.30248
1.95135
0.49338
-0.51068
-0.698167
-0.569439
0.455298
1.28284
1.19616
-0.193125
-0.403382
-0.715888
0.524628
2.3373
1.75672
0.237152
1.3226
2.77765
1.78846
0.99856
0.067363
-0.547548
-0.517798
-0.166479
-0.568918
-0.085334
-0.758868
-0.690996
0.480924
0.313888
0.196788
-0.308798
-0.346544
-0.152436
-0.0104448
1.11101
0.881005
1.0713
0.718956
0.354042
-0.801917
-0.303181
0.390529
0.817161
0.193554
-0.742742
1.06014
1.5184
2.96665
2.56419
0.536726
0.058584
-1.08591
-0.710873
-0.2112
-0.193381
-0.742345
-0.518884
-0.410439
1.0069
1.46943
2.52852
1.16522
0.651257
0.44078
0.892735
1.16262
1.3039
0.918908
-0.0966416
-0.784716
-0.485074
0.310762
1.12358
1.24475
0.276379
0.0350566
0.546575
0.26484
0.499167
1.11645
1.0962
1.98277
2.16109
1.95294
1.67169
2.01609
0.914889
1.58263
0.935997
0.689229
0.725095
0.114415
0.998534
0.774209
-0.425467
-0.733921
-0.0885062
0.182652
-1.09981
-0.952796
-0.863185
-0.0308571
-0.459406
0.0244575
-0.496735
0.419598
0.0918355
0.250818
0.398027
0.498075
0.738671
1.91182
1.69671
1.41317
0.302964
0.283659
0.865607
1.06029
-0.0254208
-0.857795
-0.183614
-0.0420993
0.337093
-0.125415
-0.022568
-0.17956
-0.748456
-0.884841
-0.23643
0.682649
1.48344
2.57212
1.52771
0.948563
1.00685
0.0830037
-0.113308
0.189644
0.556833
1.26115
0.727594
-0.233202
-0.244982
0.792998
1.02699
1.68341
1.08549
1.46975
0.867031
0.450398
0.161153
-0.159484
1.16761
1.07596
1.04873
0.683368
0.299495
1.24958
1.94825
2.22378
1.20405
0.339036
0.434357
-0.0981686
0.352715
0.386303
0.208525
-0.64092
-1.35266
-1.47371
-1.1636
-0.732096
-0.218741
1.01529
1.3888
1.84452
0.916507
1.81839
1.81615
1.24772
0.867861
0.772049
0.411582
0.35985
-0.119141
0.34542
1.71174
1.20543
1.13267
-1.10769
-1.20912
-0.328623
0.0270513
1.24227
1.07021
1.65156
0.737843
0.693313
-0.095248
0.734338
1.16835
1.0099
1.42845
0.331599
0.170366
-0.304161
-0.308859
-0.830237
-0.446904
-0.76622
1.05293
1.46792
1.62863
0.0673294
0.170092
-0.426206
-0.185817
-0.189374
0.159889
-0.330427
-0.367733
0.725516
1.25908
0.481485
0.281152
0.24405
1.48031
0.583115
-0.147748
-0.0586385
0.3922
0.546114
-0.213409
1.09932
1.29377
1.37198
2.06846
3.55514
3.42274
2.601
0.89195
0.130572
-0.0487539
0.110299
0.441576
1.02564
0.427987
0.475351
0.516955
1.81375
1.49454
1.7172
1.33446
0.938669
0.824879
1.09903
1.23093
2.03535
1.79284
1.81174
0.244803
-0.0295764
0.423266
1.43815
1.41985
1.52001
0.552256
0.97619
1.1086
2.40861
0.644815
-0.208767
-0.321892
0.198845
0.237877
0.436553
0.525911
0.391056
0.932519
2.63428
2.52996
1.22678
0.797217
-0.298442
-0.614807
-0.729906
-0.604375
-0.110713
-0.0909317
-0.678302
-1.16509
-0.625085
-0.0861238
0.572643
0.883173
0.870063
1.07386
1.1727
2.16145
2.21765
1.06603
1.75093
1.57289
1.01951
0.613003
0.0640573
0.260115
-0.487453
-0.153753
-0.688489
-0.0803191
0.459413
0.283751
-0.182333
-0.126535
-0.0449141
0.487526
-0.0478725
0.274639
0.947692
