546
0.788969
1.44815
1.31597
0.880289
0.403672
0.556068
0.510167
0.625958
1.32398
1.3232
1.16717
0.542291
1.26557
1.38927
1.25729
0.940515
0.652717
1.37562
1.33041
1.22857
0.0176234
-0.134832
0.364897
3.2879
3.06111
3.01895
0.782108
0.227547
0.113199
-0.0798284
-0.217927
0.311505
0.572139
0.517758
0.367997
0.213248
-0.00679761
0.431502
0.928642
2.33014
2.24095
2.27298
2.12695
2.00678
1.76265
0.575657
-0.0811159
-0.189038
-0.428854
-0.296881
-0.425662
-0.406139
0.122076
0.178868
0.0426601
-0.275102
0.238057
0.163507
-0.191104
-0.189355
1.19329
1.42264
1.13677
-0.0518609
0.0443107
-0.181237
0.0972126
-0.465854
-0.118166
1.14068
1.12988
0.547453
-0.171008
-0.345816
-0.351717
-0.35635
-0.279326
-0.38715
-0.112127
-0.352166
0.240692
0.414882
2.01371
2.06181
1.90716
-0.134498
2.08219
4.14487
3.74233
4.074
3.05568
3.07839
2.78986
1.26458
-0.247475
0.127487
0.00777056
0.0962065
-0.317977
1.10186
1.95685
1.87553
1.94816
1.34029
1.27366
0.424637
0.312398
1.03834
1.10812
1.08331
0.952827
0.959651
1.78995
1.66748
0.161939
-0.303785
-0.206135
-0.404799
0.620397
0.638207
2.02285
1.9394
1.94675
0.640192
0.803354
2.80459
2.78492
2.94047
-0.361428
0.0699942
0.0837448
0.481486
-0.0305937
1.36527
1.48245
0.921015
-0.569809
-0.435621
1.1771
1.14249
0.966595
1.54771
1.61976
1.45089
1.02311
0.799653
1.64852
2.14618
2.24799
3.30235
3.29887
3.39717
2.63562
2.08035
1.82481
1.63323
0.326746
0.143057
-0.00517964
0.0689386
0.074632
0.169602
-0.130109
-0.385633
0.11841
0.482575
0.47593
0.140149
-0.0457597
0.175995
-0.0652078
-0.307449
-0.200564
-0.204867
-0.284606
-0.347958
0.0490316
-0.0362506
-0.144787
-0.064579
-0.376243
-0.449301
-0.291727
0.149082
0.0884499
0.0182698
2.34585
2.34977
2.00952
1.16106
0.172903
0.00207597
-0.413479
0.511065
0.434232
0.269868
0.154494
0.250781
0.222752
-0.315913
-0.464166
-0.0921024
-0.114301
0.745257
0.633131
0.340495
-0.203852
-0.00443344
0.162898
0.285583
0.0169873
1.10722
2.52189
2.77011
2.77592
0.303647
-0.448758
0.26559
0.437486
0.394384
-0.337897
-0.277874
-0.263251
-0.269233
0.343485
0.238094
0.312022
-0.255259
-0.0257601
-0.106699
0.000496574
-0.180355
0.321656
0.0135918
-0.543694
-0.558545
-0.408007
0.206623
0.688413
-0.102509
-0.0167159
-0.00209152
1.60825
2.10544
1.87303
1.98387
1.31003
1.13467
0.379026
0.312059
0.569253
0.68068
1.14553
1.2293
1.17429
0.658498
0.233411
0.122766
0.297928
-0.00617178
0.365292
1.60314
1.74114
1.5075
1.34468
0.493717
1.20557
1.58289
1.49288
1.18114
0.551521
1.69768
1.99789
2.3978
2.59599
2.65213
2.03888
0.334248
0.420047
0.442956
1.22732
1.30718
1.3832
1.41683
3.24179
3.02495
3.09675
1.62125
1.56511
1.79405
1.58028
1.61055
1.42549
1.01238
0.805549
1.1937
1.2498
1.02176
0.908434
0.708978
-0.00669108
-0.0750712
-0.00954654
-0.017592
0.314058
0.886361
0.905834
0.457395
0.0606052
0.0915153
0.0431115
0.361362
0.437362
2.5924
2.43973
2.32339
1.1385
0.703056
0.941081
0.735506
0.58694
0.849299
1.01907
0.613276
-0.204512
-0.0826871
0.0679325
0.0698563
-0.103484
0.0518385
-0.0275148
0.237015
0.386891
0.0474722
-0.258481
-0.0559193
1.04263
2.59865
2.14504
2.38212
1.41929
1.13704
1.10266
1.10869
0.942391
0.387099
1.4124
1.30535
1.78224
0.330823
0.0249818
-0.0230021
-0.164334
-0.135574
-0.252058
0.88629
1.8743
1.27851
0.941693
0.0456052
0.153326
-0.109312
-0.148844
-0.10791
-0.202651
-0.282458
-0.275349
-0.0822519
-0.280508
0.182272
0.272936
0.33048
-0.391564
0.702006
0.514624
0.35941
-0.12802
-0.173094
0.371946
1.40401
0.708815
0.732749
0.880023
1.13559
0.677825
0.675314
0.973299
0.860211
0.637608
0.0688153
0.194049
0.0768878
-0.0454745
-0.0838681
-0.167741
-0.180907
-0.299473
-0.257722
-0.297452
0.0825928
0.161994
-0.128023
-0.263862
0.352908
0.526547
0.279809
0.58957
0.603596
0.515334
0.232836
0.549114
0.37341
0.538076
0.664273
0.420176
0.0354818
-0.40981
-0.248942
-0.16941
0.0187312
0.570079
0.721663
0.305063
-0.243402
-0.167364
-0.253841
-0.242922
-0.132979
-0.0931958
-0.191027
0.124947
0.0602486
0.0096369
-0.253665
-0.0789475
-0.174115
0.812393
0.18614
-0.0735579
0.0937675
0.268557
-0.127921
-0.180428
-0.0747543
0.0294471
-0.337917
-0.106337
-0.136164
0.232142
0.0306066
-0.16067
-0.231467
-0.17232
-0.0385301
-0.177075
-0.248936
-0.229663
-0.272034
-0.365318
-0.158307
-0.203504
-0.373861
-0.0458303
0.487935
0.518687
0.406181
0.407121
0.36891
0.368382
0.241382
0.425629
-0.385885
-0.0624811
-0.302361
-0.388459
-0.370817
-0.288623
-0.284111
-0.172265
-0.164861
-0.300044
-0.134178
-0.0380142
0.0676142
0.164498
1.41181
1.34474
1.47339
0.837272
0.0115143
-0.117303
-0.0948426
-0.154932
0.319072
0.360554
0.263951
-0.26876
-0.356925
-0.274352
-0.437233
-0.330176
-0.485985
-0.254352
0.099614
7.91298e-05
3.05323
2.78453
1.86505
0.689559
-0.140206
-0.386341
0.163338
-0.0476537
-0.229184
-0.432373
-0.407578
-0.320817
-0.113432
-0.17438
-0.145923
-0.438309
-0.215167
0.187087
0.165248
0.406049
-0.173154
0.0666483
0.323802
0.456785
0.12065
-0.165148
0.178982
0.0600267
0.129441
-0.109989
0.019565
-0.196935
-0.272251
-0.347268
-0.300725
-0.168574
-0.26135
-0.356949
-0.263581
-0.459518
-0.0520495
