182
-0.3003345129356169
-0.6249412079890092
0.04433420840785662
0.8908622423484008
-0.44235282094018463
-0.5520119925938736
-0.5951735576669439
0.16718168866137353
-0.5360810844957085
-0.49854269481864893
-0.08600239992653748
-0.3975039482154772
-0.5703226578785352
0.01768164091003223
-0.5285446712490993
-0.6358524137142094
-0.4344144128419808
-0.23543661265488575
-0.613523554098859
-0.5083047123340179
-0.5325541300825353
-0.42936130446447446
-0.2885390285357932
-0.6092038560586288
1.8417897368446692
-0.17754370887868032
-0.3459001004959265
-0.32387969199296074
-0.4602585023700978
-0.560676755360484
1.3886007946738803
-0.4646009291355408
0.09378252988471233
-0.5195586820278153
8.526016935972986
0.7876366955668361
1.9044300730334565
-0.6443211348335839
0.16707684901843647
-0.48776940483921377
-0.6179992918046965
-0.5731157982768151
-0.14340073158097605
-0.6262222442753316
-0.48227621446275964
1.4811305121640705
-0.6251378083149864
-0.515803867358334
2.27297899355099
-0.5581048296247448
-0.5268073142654208
-0.49618827166584306
-0.6263991860270268
-0.5074705728005707
-0.5892204925111615
-0.1460938472496928
-0.3919938178003593
-0.1732966327724661
0.5257840528430741
-0.6097588706635867
0.3903857635720533
0.18467050053639783
-0.49455125038613823
-0.4673931081030212
0.38457582807152974
0.548943087816164
0.9168903228788228
0.08357778981635298
-0.4440931607901172
-0.449105814845957
-0.5575166922347615
2.03078790286571
-0.44596628470176214
-0.19695870589373488
-0.18433734126787876
-0.22890089012373452
0.4426877178669038
0.24193267998187662
-0.04785864437505511
-0.12478530003199154
-0.22208722860202187
-0.40440937846231273
-0.045309983056487764
-0.40053825217222205
-0.06554617745878277
-0.13838735573441574
-0.029615286637439196
1.3507367028927064
0.8253540543701563
-0.49946690993391896
0.4544839456423354
-0.5810010785522665
-0.5109704629659791
1.0455165957925678
-0.14685468899946544
-0.4636428899756098
-0.5624356626574718
0.4372681785803942
-0.554200274119127
-0.4470463618352684
-0.5993971338100293
0.7329314984472214
-0.6193453245537673
-0.4742194385776571
-0.12795876350092172
-0.46424526748993206
0.5651680083883003
0.025940135958458854
-0.5518382235424577
-0.5825402954944747
-0.6003735345120593
-0.4605979390369806
-0.5638136746105227
-0.6123792524609308
0.4006131109827095
-0.5261512899932103
-0.6527316315839813
-0.5277558125861369
1.7362192029175723
4.062499131191888
-0.12809839061055334
1.6800610428477318
-0.3510881125877632
-0.4749470654719654
0.4428649659160008
-0.5820625726458492
-0.09667652717928556
-0.4186244139945292
0.7834643569273649
-0.5016000235132306
-0.4828419478954704
-0.5723888920661498
-0.5102385661503653
-0.1283943443283317
-0.09727589967012244
-0.5308930171223692
-0.49155530757683413
-0.5115107075067843
-0.5041241912033348
-0.6260545758108109
3.8168005102252964
-0.407981559046836
-0.5813475455610848
-0.15708139253845466
-0.2885904414288807
-0.058922234488708716
-0.5249126143874082
-0.403148635260858
-0.5993822508505514
-0.40356072347071664
0.05163701722660807
-0.47346557265785905
-0.5956027170819761
-0.49107354067800957
-0.41642135651444256
0.40212869774676274
-0.11076515675945746
-0.5354988981703807
1.1820785276365737
-0.03632299324007275
-0.575662974503721
2.1306374752498187
1.036020857457858
-0.4142114326479218
-0.018424248586144987
0.2629068408855501
0.19325931446974828
-0.5023818010227283
-0.1824981193112108
-0.6027488624186159
0.24309306656762547
2.72772368510498
0.2833138937207059
0.2999727098013262
-0.12524882354807299
0.3959348236055401
0.013469969682765466
0.41813571250500237
-0.4236048037762026
-0.35102690675064696
0.7062689013287723
-0.06285428076802858
