546
1.39481
0.614092
2.55884
2.49009
2.22698
0.329238
0.579046
1.26989
1.72291
1.88725
1.28375
0.912012
0.273043
0.430243
0.232115
0.328022
-0.187717
-0.543172
-1.06445
-1.08588
1.11077
0.985876
0.178939
-0.665622
-0.92503
-0.361158
0.595494
1.06475
1.15562
1.28993
0.597502
0.594702
0.874077
1.82236
1.62785
1.10846
0.6021
1.4626
0.871367
0.920378
0.707404
1.0814
1.22943
1.06265
0.838956
0.776973
-0.383285
-0.768111
-1.09256
-0.552867
0.712168
0.819512
0.116365
-0.234801
-0.30884
-0.269363
-1.2352
-1.08513
-0.87628
0.378315
1.59603
1.51523
2.52804
2.34135
2.2162
0.522866
0.868914
1.4123
1.82467
2.00814
2.28902
0.793025
0.0758965
-0.336458
-0.459883
-0.0381947
0.506639
0.383144
0.102333
-0.720689
0.167723
0.483352
0.273161
1.08098
1.15026
1.28324
0.698987
1.1567
1.20889
1.141
1.68773
1.51912
1.58719
1.65759
0.654381
0.209412
-0.0953525
-0.55607
-0.239349
-0.364186
1.15793
1.78323
2.35337
1.67814
1.32024
-0.20858
-0.354157
0.222944
0.540248
0.696922
-0.0593578
-0.674521
-1.03402
-0.250687
1.08419
1.81003
1.3256
0.784301
0.387692
1.09276
1.48109
0.798198
-0.280569
-0.502702
-0.185209
-0.0721774
0.056533
-0.610307
-0.894656
-1.08551
0.426264
1.3954
1.33021
0.250423
0.318717
0.111008
-0.682771
0.0524419
0.487043
-0.0498503
-0.789687
-1.06915
0.0557127
1.09122
1.80985
1.90571
1.52603
1.34993
1.09194
0.201923
0.375366
0.983692
0.85854
-0.259435
0.267846
0.633165
0.811631
0.223295
0.312296
-0.189606
0.470056
0.958063
1.16823
-0.167942
0.675043
0.490705
0.955443
-0.720337
0.890446
0.766195
-0.00858654
-0.227458
1.42482
0.96642
0.521193
1.12676
1.44217
1.25458
0.541523
0.163817
0.137687
0.321883
1.76143
1.22989
1.2558
0.447482
0.123057
-0.788152
-0.842053
-0.564524
0.253752
0.849882
1.14214
0.79156
1.19307
0.684486
0.397752
0.532941
1.42416
2.2064
2.06851
1.21585
-0.0472298
-0.629403
-0.720724
-0.0555882
0.384276
1.02611
1.51241
1.83346
1.34035
0.56823
1.1388
1.58615
2.0792
1.55096
2.04426
1.8359
1.17023
0.842591
0.597911
0.595346
0.358293
0.302663
-0.0837169
0.756377
0.188158
0.850417
1.83768
1.5557
0.792759
-0.260678
-0.186309
0.500253
-1.07933
-1.03143
1.06867
0.431954
1.31945
1.7325
1.65052
0.67062
1.54632
1.4691
0.539548
-0.501018
-0.861778
0.489507
0.370112
-0.427008
-0.542979
-0.263048
0.331481
0.893708
1.25028
0.275837
-0.248733
-0.451305
0.00309465
0.478264
1.4605
1.07841
1.23334
0.92291
1.21273
1.68372
2.09391
1.86646
1.51613
1.79038
0.939882
0.503476
-0.207788
-0.470593
-0.327228
-0.181453
-0.311868
-0.603485
-0.423823
-0.0411648
0.408073
0.666041
0.82454
-0.249995
-0.424837
-0.646931
-0.514067
-0.295651
0.286308
0.90329
0.799091
0.329654
-0.869756
-1.4518
-0.826651
-0.54507
-0.178282
-0.0568315
0.191716
-0.329801
0.834736
0.581632
0.344124
0.474504
0.348512
0.0417822
-0.322123
-0.59941
0.97836
1.55446
1.61412
0.309038
-0.38457
0.725732
1.53907
1.80379
1.17736
0.236212
1.47451
1.90452
1.44909
1.19911
0.554702
-0.0832384
-0.103942
0.231388
0.789653
0.591319
0.645505
0.153265
-0.630634
0.16988
0.0532404
0.45494
-0.509518
0.195831
1.4223
1.50094
0.470189
0.1331
0.103399
0.236376
1.2751
1.87739
1.94407
0.142592
-0.768587
0.449018
0.840278
0.691911
0.814885
0.0694903
-0.433966
0.418677
0.586088
1.53899
2.35899
2.34007
1.54683
-0.408038
-1.72259
-1.66606
-0.986948
-0.387182
-0.269068
0.6827
1.03675
0.440953
-0.0880382
0.457945
1.07465
1.45048
1.06725
0.79231
0.111929
0.309704
0.800747
1.60646
1.30251
1.70174
1.46333
1.03029
0.536906
0.587681
0.731674
1.39744
2.16513
1.64798
0.465436
0.846315
0.165612
-0.324355
-0.590579
-0.270322
-0.206167
-0.955526
0.10336
1.46283
1.5623
0.86521
-0.16795
1.04717
0.983157
1.05781
0.69706
1.25791
1.84561
1.71932
1.35295
0.890529
1.38636
1.78689
1.47005
0.105814
-0.180046
0.137705
0.296949
-0.226351
-0.949182
0.12863
0.555888
0.653024
0.235491
1.24887
1.86175
1.51086
0.938724
0.203326
-0.447474
-0.919866
-0.810319
-0.234641
-0.16968
0.119546
-0.610589
-0.835988
1.22834
1.17688
0.641795
0.0321637
0.173178
0.0333853
0.233121
0.312104
0.105516
0.964638
1.31488
0.860256
1.03193
1.78082
2.1181
1.72166
1.30457
0.111535
-0.47648
-1.72349
-1.82992
-0.783394
-0.632223
0.722023
0.836868
1.78316
1.56221
1.57129
0.31283
0.419443
1.40311
1.06194
-0.565042
-0.699758
-0.526673
0.726811
0.375457
-0.0964918
-0.460719
-0.258965
0.623332
0.499799
0.489052
0.176289
-0.274674
0.734446
0.811615
1.2099
0.988199
1.13445
0.296553
0.74642
0.997702
1.09179
0.632536
0.0600249
-0.151952
0.204277
1.42396
2.38224
2.67525
1.78533
0.34893
-0.685688
-0.354915
-0.136537
0.538376
0.291033
0.695793
1.2195
1.45631
0.967136
0.294691
1.23767
0.96723
1.33821
0.97601
1.11089
0.34681
0.467677
-0.379721
0.213942
1.38331
2.30274
1.51822
0.812466
0.585229
-0.276445
-0.191908
0.167594
0.697531
1.33715
1.52246
2.33656
1.8609
1.35144
0.409426
0.850547
0.889078
0.743091
0.659758
0.541133
0.767914
0.202931
-0.677058
-1.25307
-1.52059
0.175838
0.843541
0.909261
