546
-0.04312083792347738
-0.5203271964919796
-0.6431027379330924
-0.9118750022897103
-1.0318260024362946
-1.2749426287138885
-1.1820459603075206
0.13063673066795933
0.41906796108210215
0.0027978331016315114
0.21095374642874617
-0.13867098256803634
-0.38796687931344337
-0.8697541996974717
-0.5860345640546152
-0.45850541992762706
-0.4433893079401996
-1.0173400076447416
-1.051029570018813
-0.6568219138838773
-0.12138854234362714
-0.0957270292660805
-0.7704885868149858
-1.3981098852458975
-1.3578505298015255
-1.1591928785477117
0.13093057497111557
0.9070400795847027
0.7482903021514132
0.25003223112273104
-0.6009501727033083
-0.21580505605953265
-0.5196434470408414
0.21093678253942375
0.17829640532218993
0.5824576099777723
0.21867248397065453
0.7640043872789058
0.04609459648107022
1.3048802402164854
0.5425351328385807
2.4228157461048063
1.878163450344001
2.3450521063709444
1.3923960532507145
0.8617822480639468
0.3641647372725616
-0.42784514123117895
-0.6625806808852114
-0.4759141565438233
-0.2844476627259411
-0.09549185563032854
0.6571500712983274
-0.04163864523810684
-0.0020055765406791974
-1.419801903328322
-1.3982627008798953
-0.9421576251434215
-0.5238183487738546
-0.5537967527702511
-0.9503167498859532
-1.085765946193547
-0.6707026669018752
-0.5154850201041348
-0.3306655454115249
-0.3586163603645342
0.013211421309281912
-0.2644501003618802
-0.38343816327474006
-1.0360767815660197
-0.5083439211203403
-0.615600169401832
2.6063614556693655
1.7006412647256683
2.23461084764218
-0.9386984758940599
-1.2390371529803708
-0.9885908350336364
-1.3746598335872378
-1.0185695107949275
-0.7584961681952025
-0.9688174551187136
-1.16693265100377
-1.24164216716229
-1.2577667026587687
-1.3583088952047746
-1.3284446783655905
-0.7276872226331582
-0.3733148441630834
-0.2833978448539632
1.8685620220118757
3.0929822181274647
3.0721148672045215
0.8810669242231457
-0.6833736258389328
-0.7770132323107554
-0.7825962873810467
-0.8427634021844593
-1.3841108676533784
-1.336432675194664
-1.1648314757899394
-1.2005210653881764
-0.1185521227626663
-0.25505165628602855
0.02388359740159944
-0.15746775565265125
0.2632949261247371
0.44653078671374513
-0.22121896591067583
-0.4593133567820778
-1.0626272559368137
-0.8491261371930905
-0.9091219447621561
0.18103612524608198
0.2796820138937036
-0.6408826669535638
-1.3177839054554308
-1.2970051079015927
-1.0581197495880272
-0.8025080387671595
-0.8132915171587828
-1.0621966763189956
-0.9357061464532346
-0.8705367775374554
-0.1388564879504819
-0.411917374177809
-0.7480185376800664
-1.0851811551928365
-0.9777723327871035
-0.15674937817318155
-0.19232644066670382
1.0633891443774366
0.4536965066765741
0.4698080199237203
0.377507156561371
0.5772387185835661
0.2565864956398316
-1.087741384623749
-1.0780256700696818
-0.9499837114456136
-0.8701835847338043
-0.9209963774551614
-1.0387797215094743
-0.5919860749202136
0.4198499302347446
-0.08580319633210501
-0.7634646128832687
-1.3698330319413634
-1.1200585335581015
-1.0483097787089888
-0.8000059991419186
-0.7328954518360159
-0.8955670691720484
-0.9982795000799624
-0.6350014621100635
-0.18203919444953576
0.6858448883076733
0.4238512555855468
0.6540968899631107
-0.8327967139618548
-1.2062827314516553
-1.5412517884917316
-1.1714408751562526
-1.2194664977717902
0.5834557802106902
0.5651049446313207
0.4087774854268833
-1.2361380969098195
-0.6135501432319178
-0.2983137835658881
-0.2935605215617878
0.4461339670607187
0.4610905971502812
0.6284301596569822
0.0873179928447326
1.7648645071489606
2.636430362585551
3.0235677558574205
1.809526076686693
1.0720208420400223
0.6404705326245316
0.47209474940813767
-0.27990493050777854
-0.3641620699816137
-1.0569132531501089
-0.8273730940434699
-0.6077711197428144
-0.33818531746355224
0.4067933637934711
0.24574560685730806
0.08605402391894036
-0.050496913461779286
0.27352437605890234
0.19680996406096973
0.8863054772467547
0.7207622157684002
1.5510907809151848
1.0002364887461497
1.205355051308413
0.1117179891317264
-0.5315861150014909
-0.7873784903917015
-0.2722373171499063
1.1188359869389477
0.37011970935826066
-0.3383292504470422
-0.2439108695806379
-0.09522557642673472
-0.5574208987682139
-1.12762815268936
-1.2228701722589534
-0.6642854550977266
-0.3633686405029804
-0.33425861693723385
-0.4423878647294682
-0.6175899934340737
-1.0921999587928863
2.145791619738744
2.143996023447167
2.149059745524727
-0.7830665454486341
-0.7818901200307226
-1.0129938026591787
-1.139932521105022
-1.0829753999937135
-0.9901772978197151
0.5744582055875532
0.3671257990607141
1.7494974764260964
0.2927247874870467
-0.3762198753418691
-0.988506667647967
-0.9046719222287963
-0.5954421349170763
-0.9871767057166742
-0.5802926562972114
-0.927540144807903
-1.0401443551517673
-0.4555632479279283
0.05711441352166291
-0.1796807837472325
-1.0523260383193664
-1.1054658448815222
-1.3110731344906772
-1.058444085601947
-0.5327445250989467
-0.5591037106036981
-0.21441467975117803
-0.7302569466246973
-0.1962304996867716
-0.5560108384672783
-0.6223857362139937
-1.0539611262820148
-1.0274639713917018
0.26001379458498086
0.2746651871418439
-0.3567569681705636
-1.2811333449661897
-0.5091660802426571
-0.2559690205499733
-0.010661326346484588
-0.30492551922571465
-0.16622892613230061
-0.49128257115836726
-0.8551456739909672
-1.1937869371131864
-1.235974941988784
-0.5113137753006489
-0.5614717958780557
-0.6087945693591633
-1.0567607161633215
-1.1307072207542255
-1.4355271888589698
-1.2604360518009377
-1.2276209372081102
-0.9484001714123836
-1.0056187913916337
-0.8224145943158523
-0.5958697981618527
-0.4958264837482858
0.044024218531238016
0.09215573522390391
-0.25995272579442885
-1.081233000090875
-1.3957777210831068
-1.2765371481158931
-0.962183654278724
-1.001376021410681
-0.6238058719167382
0.5952192728910587
0.7797993786688092
0.11945889007548022
-1.2017890938169875
-1.365738364090887
-1.0495614130444846
-0.9247255153222438
-0.9239001951325987
0.22876278859168558
0.16881980967048923
-0.029795126090329846
-0.8583495399273693
-0.9780872559474396
-1.0314246070763864
-1.0488696333902985
-0.9247829675202042
-1.2932626539667935
-1.1886136218916385
-0.9325758029097441
-0.9516371621754682
-0.8090115694053406
-1.0312902949070037
0.1888373353467532
-0.6732979152160671
0.8537345607198484
-0.01705505361512732
-0.2912331555980717
-1.2688056208293967
-0.9067087099396153
-1.0010781721259367
-0.5489535030573841
-0.5141594294984281
-0.8133758171969293
-0.9194708826318473
-1.1109050949995256
-1.0826801385581728
-0.8759868494156117
-0.4465912694740708
0.7377634746759028
2.501059923940589
2.2539296896014145
1.3115181585228572
-0.8591856155761983
-1.073746592885156
-1.06117588027615
-0.7380029773527135
-0.492144579595119
-0.8182558793100919
-0.03868036728876665
-0.09133490253259297
-0.25301320545061873
-1.0938749404859132
-0.7172117440840278
0.8828069724100911
0.4660005324487658
0.1481847213914426
-1.3808387784803902
-1.2943707641746305
-1.1971528789860943
-1.5088351583087765
-1.4333837424555351
-1.4711707768861801
-1.0841232707598147
-0.9250573955032654
-1.0008269541249601
-1.1664131203164292
-1.2748610427229659
-0.3897940052217841
0.6499483606905738
0.8464413237769289
0.13756536718921675
-0.5319082434096859
-0.7924103693229598
-0.4667132985509884
-0.7568042570909489
-0.9907647073432287
-0.0026989388315347184
0.24513178893768495
-0.5606941263107299
-0.5455036944934534
0.3400852833975332
0.07751142889419672
-0.5066006065604048
-0.9877308205583478
-0.23340262991691774
0.08008098831273561
0.0849346204952986
0.18765720772960123
-0.3068651546159495
-0.09705833853906104
-0.008129258794507937
0.09580759913032255
0.2969482250085636
0.3095559145297298
0.785360417396312
1.6316074028369871
1.6648348668169437
1.752479908230274
0.9510886771599687
0.7171188532928358
-0.10189510551627047
0.25775986923955163
0.21321868439300823
-0.18989707226906055
-0.15567587319150883
0.026503034220744834
-0.4516541540421854
-0.4115980593663813
-0.5779705925460404
-0.2621773393362773
-0.015833297242841105
-0.11591987685925498
0.6263223073287418
0.682932585925484
1.1474211084058719
0.6717458374641673
0.6939664222521783
0.9029376774706829
0.6942067473547305
0.05826306649992285
-0.09276124885410465
1.6274674347205844
1.885580115653652
1.7895832202540822
0.6483803636568902
0.4608697079071539
-0.20846541141263977
-0.40102099142076725
-0.33650105207834
0.07834426153025911
0.7432855131748056
1.0631084044620625
0.7959045208765717
-0.305802624626967
-0.40124056248440265
-0.3686869985360915
-0.295110651871833
-0.308498118406936
-0.7607674643181591
-0.8423658181651505
-0.6268152282568319
0.7194298255170462
0.6406341230006607
0.696194608748119
-0.6833406383633784
-0.2693865375561272
-0.07976725277504662
0.20507046292470488
0.5349697228534452
0.5810622022126827
0.6276651031916014
0.12617916166981513
0.26232822789113647
0.42126160930069834
0.054764188201731095
0.20449113937719648
0.11123717987374203
0.09948432528730856
-0.02022344914756317
0.6365561894780851
0.505471424329714
0.010785372746299546
-0.5161562184175267
0.22126488188287902
1.0411151000932837
1.8569621822409577
1.7096099059984684
0.9707663635263468
0.17434039907832702
0.4967286631951474
1.7043990301956327
2.0451555017638388
0.7954938099780813
0.05956489869768044
0.8222592730312317
0.8660632930605152
2.051910535716863
1.9609655647193003
1.9663500039575619
1.3086240738236252
1.940310100718259
2.5878606421587107
2.045969707438627
0.8455520749751303
0.25244590992082516
-0.21526857728902474
-0.18881488550825035
-0.14593715139204766
0.17367393774716244
-0.23202059050641927
-0.25677245878075566
0.476460884517201
2.494181281532403
2.1304155486745073
3.022005747561023
1.099042818538274
1.8064428792329033
0.7302228167623388
0.9914560333201409
0.5125055880969165
0.06639068003407295
0.01331556623729617
-0.21266991620410156
0.15381058344622658
0.43328367768801945
1.7223597398614765
1.130908363081409
0.705225585705426
1.026309845845052
0.12624890692786278
1.5107725006297572
1.227087172407019
1.0610984905460248
1.279273093367773
1.7125174186342778
1.3876739990256974
1.2579708905376803
0.8215825610970889
0.41423570832026196
0.19562454268103469
-0.020235010608115604
0.4775503747880851
0.20930236379281017
0.9407773494530712
1.0525524076475372
0.6747743500393897
0.1651260649448943
0.766008061774293
0.8481489870160708
1.0773473164478509
0.6182470893542543
0.776571473536012
0.6693013371121668
0.24051220074984336
1.2617244190488386
1.6936468242808354
1.3317593207273464
0.6416259788629051
0.9073584793158476
1.5707739359967818
2.0092341282844
2.9324465364127095
2.3777785756864795
2.2035037795850685
1.9158565010778226
2.4486224829707037
1.61740403232035
1.2496440404511533
0.6369242519541655
1.5699014280766095
1.1370584287981633
1.2801378682429674
1.0734552793609269
1.1926652262146524
2.3197805717218767
2.980199972957311
2.134997997033834
